filename,url,status/error
rfc9652.xml,https://datatracker.ietf.org/doc/draft-ietf-httpapi-link-template-04,200
rfc9652.xml,https://dx.doi.org/10.17487/rfc9652,200
rfc9652.xml,https://www.rfc-editor.org/info/rfc9652,200
rfc9652.xml,https://trustee.ietf.org/license-info,200
rfc9652.xml,https://www.rfc-editor.org/info/rfc9110,200
rfc9652.xml,https://www.rfc-editor.org/info/rfc2119,200
rfc9652.xml,https://www.rfc-editor.org/info/rfc8174,200
rfc9652.xml,https://www.rfc-editor.org/info/rfc9651,200
rfc9652.xml,https://www.unicode.org/reports/tr36/,200
rfc9652.xml,https://www.unicode.org/reports/tr36/,200
rfc9652.xml,https://www.rfc-editor.org/info/rfc3986,200
rfc9652.xml,https://www.rfc-editor.org/info/rfc6570,200
rfc9652.xml,https://www.rfc-editor.org/info/rfc8288,200
rfc8721.xml,https://datatracker.ietf.org/doc/draft-ietf-iasa2-rfc5377bis-03,200
rfc8721.xml,https://dx.doi.org/10.17487/rfc8721,200
rfc8721.xml,https://www.rfc-editor.org/info/rfc8721,200
rfc8721.xml,https://trustee.ietf.org/license-info,200
rfc8721.xml,https://trustee.ietf.org/docs/IETF-Trust-License-Policy.pdf,200
rfc8721.xml,https://www.rfc-editor.org/info/rfc5377,200
rfc8721.xml,https://www.rfc-editor.org/info/rfc5378,200
rfc8721.xml,https://www.rfc-editor.org/info/rfc3935,200
rfc8721.xml,http://trustee.ietf.org/docs/IETF-Trust-License-Policy.pdf,200
rfc9266.xml,https://datatracker.ietf.org/doc/draft-ietf-kitten-tls-channel-bindings-for-tls13,200
rfc9266.xml,https://dx.doi.org/10.17487/rfc9266,200
rfc9266.xml,https://www.rfc-editor.org/info/rfc9266,200
rfc9266.xml,https://trustee.ietf.org/license-info,200
rfc9266.xml,https://www.rfc-editor.org/info/rfc2119,200
rfc9266.xml,https://www.rfc-editor.org/info/rfc5056,200
rfc9266.xml,https://www.rfc-editor.org/info/rfc5705,200
rfc9266.xml,https://www.rfc-editor.org/info/rfc5801,200
rfc9266.xml,https://www.rfc-editor.org/info/rfc5802,200
rfc9266.xml,https://www.rfc-editor.org/info/rfc5929,200
rfc9266.xml,https://www.rfc-editor.org/info/rfc7677,200
rfc9266.xml,https://www.rfc-editor.org/info/rfc8174,200
rfc9266.xml,https://www.rfc-editor.org/info/rfc8446,200
rfc9266.xml,https://www.rfc-editor.org/info/rfc5246,200
rfc9266.xml,https://www.rfc-editor.org/info/rfc7627,200
rfc9266.xml,https://www.mitls.org/pages/attacks/3SHAKE,200
rfc9367.xml,https://datatracker.ietf.org/doc/draft-smyshlyaev-tls13-gost-suites-08,200
rfc9367.xml,https://dx.doi.org/10.17487/rfc9367,200
rfc9367.xml,https://www.rfc-editor.org/info/rfc9367,200
rfc9367.xml,https://trustee.ietf.org/license-info,200
rfc9367.xml,https://www.rfc-editor.org/info/rfc2119,200
rfc9367.xml,https://www.rfc-editor.org/info/rfc6986,200
rfc9367.xml,https://www.rfc-editor.org/info/rfc7091,200
rfc9367.xml,https://www.rfc-editor.org/info/rfc7801,200
rfc9367.xml,https://www.rfc-editor.org/info/rfc7836,200
rfc9367.xml,https://www.rfc-editor.org/info/rfc8174,200
rfc9367.xml,https://www.rfc-editor.org/info/rfc8446,200
rfc9367.xml,https://www.rfc-editor.org/info/rfc8645,200
rfc9367.xml,https://www.rfc-editor.org/info/rfc8891,200
rfc9367.xml,https://www.rfc-editor.org/info/rfc9058,200
rfc9367.xml,https://www.rfc-editor.org/info/rfc9189,200
rfc9367.xml,https://datatracker.ietf.org/doc/html/draft-ietf-tls-rfc8446bis-05,200
rfc9343.xml,https://datatracker.ietf.org/doc/draft-ietf-6man-ipv6-alt-mark-17,200
rfc9343.xml,https://dx.doi.org/10.17487/rfc9343,200
rfc9343.xml,https://www.rfc-editor.org/info/rfc9343,200
rfc9343.xml,https://trustee.ietf.org/license-info,200
rfc9343.xml,https://www.iana.org/assignments/ipv6-parameters/,200
rfc9343.xml,https://www.rfc-editor.org/info/rfc2119,200
rfc9343.xml,https://www.rfc-editor.org/info/rfc2119,200
rfc9343.xml,https://www.rfc-editor.org/info/rfc8174,200
rfc9343.xml,https://www.rfc-editor.org/info/rfc8174,200
rfc9343.xml,https://www.rfc-editor.org/info/rfc8200,200
rfc9343.xml,https://www.rfc-editor.org/info/rfc8200,200
rfc9343.xml,https://www.rfc-editor.org/info/rfc9341,200
rfc9343.xml,https://www.rfc-editor.org/info/rfc9342,200
rfc9343.xml,https://datatracker.ietf.org/doc/html/draft-ietf-idr-sr-policy-ifit-05,200
rfc9343.xml,https://www.ietf.org/archive/id/draft-ietf-idr-sr-policy-ifit-05.txt,200
rfc9343.xml,https://datatracker.ietf.org/doc/html/draft-ietf-6man-hbh-processing-04,200
rfc9343.xml,https://datatracker.ietf.org/doc/html/draft-ietf-pce-pcep-ifit-01,200
rfc9343.xml,https://datatracker.ietf.org/doc/html/draft-ietf-v6ops-hbh-02,200
rfc9343.xml,https://www.rfc-editor.org/info/rfc4301,200
rfc9343.xml,https://www.rfc-editor.org/info/rfc4301,200
rfc9343.xml,https://www.rfc-editor.org/info/rfc6437,200
rfc9343.xml,https://www.rfc-editor.org/info/rfc6437,200
rfc9343.xml,https://www.rfc-editor.org/info/rfc6438,200
rfc9343.xml,https://www.rfc-editor.org/info/rfc6438,200
rfc9343.xml,https://www.rfc-editor.org/info/rfc7045,200
rfc9343.xml,https://www.rfc-editor.org/info/rfc7045,200
rfc9343.xml,https://www.rfc-editor.org/info/rfc7384,200
rfc9343.xml,https://www.rfc-editor.org/info/rfc7384,200
rfc9343.xml,https://www.rfc-editor.org/info/rfc8754,200
rfc9343.xml,https://www.rfc-editor.org/info/rfc8754,200
rfc9343.xml,https://www.rfc-editor.org/info/rfc8799,200
rfc9343.xml,https://www.rfc-editor.org/info/rfc8799,200
rfc9343.xml,https://www.rfc-editor.org/info/rfc8915,200
rfc9343.xml,https://www.rfc-editor.org/info/rfc8915,200
rfc9343.xml,https://datatracker.ietf.org/doc/html/draft-fz-spring-srv6-alt-mark-03,200
rfc9343.xml,https://www.ietf.org/archive/id/draft-fz-spring-srv6-alt-mark-03.txt,200
rfc9559.xml,https://datatracker.ietf.org/doc/draft-ietf-cellar-matroska-21,200
rfc9559.xml,https://dx.doi.org/10.17487/rfc9559,200
rfc9559.xml,https://www.rfc-editor.org/info/rfc9559,200
rfc9559.xml,https://trustee.ietf.org/license-info,200
rfc9559.xml,https://en.wikipedia.org/w/index.php?title=CIE_1931_color_space&oldid=1242811504,200
rfc9559.xml,https://www.loc.gov/standards/iso639-2/php/code_list.php,Connection error: HTTP Error 403: Forbidden
rfc9559.xml,https://www.iso.org/standard/74528.html,200
rfc9559.xml,https://www.itu.int/rec/T-REC-H.273-202309-P/en,200
rfc9559.xml,https://www.rfc-editor.org/info/rfc1950,200
rfc9559.xml,https://www.rfc-editor.org/info/rfc2119,200
rfc9559.xml,https://www.rfc-editor.org/info/rfc5646,200
rfc9559.xml,https://www.rfc-editor.org/info/rfc6838,200
rfc9559.xml,https://www.rfc-editor.org/info/rfc8081,200
rfc9559.xml,https://www.rfc-editor.org/info/rfc8126,200
rfc9559.xml,https://www.rfc-editor.org/info/rfc8174,200
rfc9559.xml,https://www.rfc-editor.org/info/rfc8794,200
rfc9559.xml,https://www.rfc-editor.org/info/rfc9562,200
rfc9559.xml,https://docs.microsoft.com/en-us/windows/win32/directshow/avi-riff-file-reference,200
rfc9559.xml,https://www.schneier.com/academic/blowfish/,200
rfc9559.xml,https://sourceware.org/bzip2/,200
rfc9559.xml,https://web.archive.org/web/20101222001148/http://labs.divx.com/node/16601,200
rfc9559.xml,https://web.archive.org/web/20110214132246/http://labs.divx.com/node/16602,200
rfc9559.xml,http://www.dvdforum.org/,Connection error: <urlopen error [Errno -3] Temporary failure in name resolution>
rfc9559.xml,https://www.rfc-editor.org/errata/eid7189,200
rfc9559.xml,https://www.rfc-editor.org/errata/eid7191,200
rfc9559.xml,https://csrc.nist.gov/publications/detail/fips/197/final,200
rfc9559.xml,https://csrc.nist.gov/publications/detail/fips/46/3/archive/1999-10-25,200
rfc9559.xml,https://web.archive.org/web/20160609214806/https://www.fourcc.org/rgb.php,Connection error: <urlopen error [Errno 110] Connection timed out>
rfc9559.xml,https://web.archive.org/web/20160609214806/https://www.fourcc.org/yuv.php,Connection error: <urlopen error [Errno 104] Connection reset by peer>
rfc9559.xml,https://www.w3.org/Graphics/JPEG/itu-t81.pdf,200
rfc9559.xml,https://github.com/Matroska-Org/libmatroska,200
rfc9559.xml,https://www.kernel.org/doc/Documentation/lzo.txt,200
rfc9559.xml,https://datatracker.ietf.org/doc/html/draft-ietf-cellar-codec-13,200
rfc9559.xml,https://datatracker.ietf.org/doc/html/draft-ietf-cellar-tags-13,200
rfc9559.xml,http://mukoli.free.fr/mcf/,200
rfc9559.xml,https://learn.microsoft.com/en-us/openspecs/windows_protocols/ms-wmf/4e588f70-bd92-4a6f-b77f-35d0feaf7a57,200
rfc9559.xml,https://learn.microsoft.com/en-us/windows/win32/medfound/10-bit-and-16-bit-yuv-video-formats,200
rfc9559.xml,https://learn.microsoft.com/en-us/windows/win32/medfound/recommended-8-bit-yuv-formats-for-video-rendering,200
rfc9559.xml,https://www.rfc-editor.org/info/rfc959,200
rfc9559.xml,https://www.rfc-editor.org/info/rfc2083,200
rfc9559.xml,https://www.rfc-editor.org/info/rfc3533,200
rfc9559.xml,https://www.rfc-editor.org/info/rfc4732,200
rfc9559.xml,https://www.rfc-editor.org/info/rfc9110,200
rfc9559.xml,https://winprotocoldoc.blob.core.windows.net/productionwindowsarchives/MS-CIFS/%5bMS-CIFS%5d.pdf,Connection error: HTTP Error 409: Public access is not permitted on this storage account.
rfc9559.xml,https://nvlpubs.nist.gov/nistpubs/Legacy/SP/nistspecialpublication800-38a.pdf,200
rfc9559.xml,https://nvlpubs.nist.gov/nistpubs/SpecialPublications/NIST.SP.800-67r2.pdf,200
rfc9559.xml,https://www.schneier.com/academic/archives/1998/06/twofish_a_128-bit_bl.html,200
rfc9559.xml,https://www.webmproject.org/docs/webm-encryption/,200
rfc9559.xml,https://www.w3.org/TR/2019/CR-webvtt1-20190404/,200
rfc8756.xml,https://datatracker.ietf.org/doc/draft-jenkins-cnsa-cmc-profile-05,200
rfc8756.xml,https://dx.doi.org/10.17487/rfc8756,200
rfc8756.xml,https://www.rfc-editor.org/info/rfc8756,200
rfc8756.xml,https://trustee.ietf.org/license-info,200
rfc8756.xml,https://www.cnss.gov/CNSS/issuances/Policies.cfm,Connection error: <urlopen error [SSL: CERTIFICATE_VERIFY_FAILED] certificate verify failed: self-signed certificate in certificate chain (_ssl.c:1006)>
rfc8756.xml,http://nvlpubs.nist.gov/nistpubs/FIPS/NIST.FIPS.186-4.pdf,200
rfc8756.xml,https://www.rfc-editor.org/info/rfc2119,200
rfc8756.xml,https://www.rfc-editor.org/info/rfc2986,200
rfc8756.xml,https://www.rfc-editor.org/info/rfc4055,200
rfc8756.xml,https://www.rfc-editor.org/info/rfc4056,200
rfc8756.xml,https://www.rfc-editor.org/info/rfc4086,200
rfc8756.xml,https://www.rfc-editor.org/info/rfc4211,200
rfc8756.xml,https://www.rfc-editor.org/info/rfc4231,200
rfc8756.xml,https://www.rfc-editor.org/info/rfc5272,200
rfc8756.xml,https://www.rfc-editor.org/info/rfc5273,200
rfc8756.xml,https://www.rfc-editor.org/info/rfc5274,200
rfc8756.xml,https://www.rfc-editor.org/info/rfc5754,200
rfc8756.xml,https://www.rfc-editor.org/info/rfc6010,200
rfc8756.xml,https://www.rfc-editor.org/info/rfc6402,200
rfc8756.xml,https://www.rfc-editor.org/info/rfc8017,200
rfc8756.xml,https://www.rfc-editor.org/info/rfc8174,200
rfc8756.xml,https://www.rfc-editor.org/info/rfc8603,200
rfc8756.xml,https://www.rfc-editor.org/info/rfc8755,200
rfc8756.xml,http://doi.org/10.6028/NIST.SP.800-57pt1r4,200
rfc8756.xml,https://csrc.nist.gov/publications/detail/sp/800-59/final,200
rfc8756.xml,http://doi.org/10.6028/NIST.SP.800-90Ar1,200
rfc9155.xml,https://datatracker.ietf.org/doc/draft-ietf-tls-md5-sha1-deprecate-09,200
rfc9155.xml,https://dx.doi.org/10.17487/rfc9155,200
rfc9155.xml,https://www.rfc-editor.org/info/rfc9155,200
rfc9155.xml,https://trustee.ietf.org/license-info,200
rfc9155.xml,https://www.rfc-editor.org/info/rfc2119,200
rfc9155.xml,https://www.rfc-editor.org/info/rfc5246,200
rfc9155.xml,https://www.rfc-editor.org/info/rfc8174,200
rfc9155.xml,https://www.rfc-editor.org/info/rfc8446,200
rfc9155.xml,https://www.rfc-editor.org/info/rfc8447,200
rfc9155.xml,https://cabforum.org/2014/10/16/ballot-118-sha-1-sunset/,200
rfc9155.xml,https://nvlpubs.nist.gov/nistpubs/SpecialPublications/NIST.SP.800-131Ar2.pdf,200
rfc9155.xml,https://www.rfc-editor.org/info/rfc6151,200
rfc9155.xml,https://eprint.iacr.org/2017/190,200
rfc9155.xml,https://hal.inria.fr/hal-01244855/document,200
rfc9155.xml,https://www.iacr.org/archive/crypto2005/36210017/36210017.pdf,200
rfc8658.xml,https://datatracker.ietf.org/doc/draft-ietf-softwire-map-radius-26,200
rfc8658.xml,https://dx.doi.org/10.17487/rfc8658,200
rfc8658.xml,https://www.rfc-editor.org/info/rfc8658,200
rfc8658.xml,https://trustee.ietf.org/license-info,200
rfc8658.xml,https://www.iana.org/assignments/radius-types/,200
rfc8658.xml,https://www.rfc-editor.org/info/rfc2119,200
rfc8658.xml,https://www.rfc-editor.org/info/rfc2865,200
rfc8658.xml,https://www.rfc-editor.org/info/rfc3162,200
rfc8658.xml,https://www.rfc-editor.org/info/rfc3575,200
rfc8658.xml,https://www.rfc-editor.org/info/rfc5080,200
rfc8658.xml,https://www.rfc-editor.org/info/rfc5176,200
rfc8658.xml,https://www.rfc-editor.org/info/rfc6052,200
rfc8658.xml,https://www.rfc-editor.org/info/rfc6158,200
rfc8658.xml,https://www.rfc-editor.org/info/rfc6929,200
rfc8658.xml,https://www.rfc-editor.org/info/rfc8026,200
rfc8658.xml,https://www.rfc-editor.org/info/rfc8044,200
rfc8658.xml,https://www.rfc-editor.org/info/rfc8115,200
rfc8658.xml,https://www.rfc-editor.org/info/rfc8126,200
rfc8658.xml,https://www.rfc-editor.org/info/rfc8174,200
rfc8658.xml,https://www.rfc-editor.org/info/rfc8415,200
rfc8658.xml,https://tools.ietf.org/html/draft-sun-softwire-lw4over6-radext-01,200
rfc8658.xml,http://www.ietf.org/internet-drafts/draft-sun-softwire-lw4over6-radext-01.txt,Connection error: HTTP Error 404: Not Found
rfc8658.xml,https://tools.ietf.org/html/draft-wang-radext-multicast-radius-ext-00,200
rfc8658.xml,http://www.ietf.org/internet-drafts/draft-wang-radext-multicast-radius-ext-00.txt,Connection error: HTTP Error 404: Not Found
rfc8658.xml,https://www.rfc-editor.org/info/rfc2607,200
rfc8658.xml,https://www.rfc-editor.org/info/rfc2869,200
rfc8658.xml,https://www.rfc-editor.org/info/rfc4301,200
rfc8658.xml,https://www.rfc-editor.org/info/rfc6333,200
rfc8658.xml,https://www.rfc-editor.org/info/rfc6346,200
rfc8658.xml,https://www.rfc-editor.org/info/rfc6519,200
rfc8658.xml,https://www.rfc-editor.org/info/rfc6614,200
rfc8658.xml,https://www.rfc-editor.org/info/rfc6977,200
rfc8658.xml,https://www.rfc-editor.org/info/rfc7596,200
rfc8658.xml,https://www.rfc-editor.org/info/rfc7597,200
rfc8658.xml,https://www.rfc-editor.org/info/rfc7598,200
rfc8658.xml,https://www.rfc-editor.org/info/rfc7599,200
rfc8658.xml,https://www.rfc-editor.org/info/rfc8114,200
rfc8670.xml,https://datatracker.ietf.org/doc/draft-ietf-spring-segment-routing-msdc-11,200
rfc8670.xml,https://dx.doi.org/10.17487/rfc8670,200
rfc8670.xml,https://www.rfc-editor.org/info/rfc8670,200
rfc8670.xml,https://trustee.ietf.org/license-info,200
rfc8670.xml,https://www.rfc-editor.org/info/rfc4271,200
rfc8670.xml,https://www.rfc-editor.org/info/rfc7938,200
rfc8670.xml,https://www.rfc-editor.org/info/rfc8277,200
rfc8670.xml,https://www.rfc-editor.org/info/rfc8402,200
rfc8670.xml,https://www.rfc-editor.org/info/rfc8669,200
rfc8670.xml,https://tools.ietf.org/html/draft-ietf-6man-segment-routing-header-26,200
rfc8670.xml,http://www.ietf.org/internet-drafts/draft-ietf-6man-segment-routing-header-26.txt,Connection error: HTTP Error 404: Not Found
rfc8670.xml,https://www.rfc-editor.org/info/rfc6793,200
rfc8670.xml,https://tools.ietf.org/html/draft-ietf-spring-segment-routing-central-epe-10,200
rfc8670.xml,http://www.ietf.org/internet-drafts/draft-ietf-spring-segment-routing-central-epe-10.txt,Connection error: HTTP Error 404: Not Found
rfc8830.xml,https://datatracker.ietf.org/doc/draft-ietf-mmusic-msid-17,200
rfc8830.xml,https://dx.doi.org/10.17487/rfc8830,200
rfc8830.xml,https://www.rfc-editor.org/info/rfc8830,200
rfc8830.xml,https://trustee.ietf.org/license-info,200
rfc8830.xml,https://www.rfc-editor.org/info/rfc2119,200
rfc8830.xml,https://www.rfc-editor.org/info/rfc3550,200
rfc8830.xml,https://www.rfc-editor.org/info/rfc4566,200
rfc8830.xml,https://www.rfc-editor.org/info/rfc5234,200
rfc8830.xml,https://www.rfc-editor.org/info/rfc8174,200
rfc8830.xml,https://www.rfc-editor.org/info/rfc8829,200
rfc8830.xml,https://www.rfc-editor.org/info/rfc8859,200
rfc8830.xml,https://www.w3.org/TR/webrtc/,200
rfc8830.xml,https://www.w3.org/TR/mediacapture-streams/,200
rfc8830.xml,https://www.rfc-editor.org/info/rfc3264,200
rfc8830.xml,https://www.rfc-editor.org/info/rfc5761,200
rfc8830.xml,https://www.rfc-editor.org/info/rfc5888,200
rfc8830.xml,https://www.rfc-editor.org/info/rfc7656,200
rfc8830.xml,https://www.rfc-editor.org/info/rfc8825,200
rfc8830.xml,https://www.rfc-editor.org/info/rfc8843,200
rfc8830.xml,https://heycam.github.io/webidl/,200
rfc8790.xml,https://datatracker.ietf.org/doc/draft-ietf-core-senml-etch-07,200
rfc8790.xml,https://dx.doi.org/10.17487/rfc8790,200
rfc8790.xml,https://www.rfc-editor.org/info/rfc8790,200
rfc8790.xml,https://trustee.ietf.org/license-info,200
rfc8790.xml,https://www.rfc-editor.org/info/rfc2119,200
rfc8790.xml,https://www.rfc-editor.org/info/rfc7049,200
rfc8790.xml,https://www.rfc-editor.org/info/rfc7252,200
rfc8790.xml,https://www.rfc-editor.org/info/rfc8132,200
rfc8790.xml,https://www.rfc-editor.org/info/rfc8174,200
rfc8790.xml,https://www.rfc-editor.org/info/rfc8259,200
rfc8790.xml,https://www.rfc-editor.org/info/rfc8428,200
rfc8790.xml,http://www.openmobilealliance.org/tech/profiles/lwm2m/3311.xml,Connection error: HTTP Error 403: Forbidden
rfc8942.xml,https://datatracker.ietf.org/doc/draft-ietf-httpbis-client-hints-15,200
rfc8942.xml,https://dx.doi.org/10.17487/rfc8942,200
rfc8942.xml,https://www.rfc-editor.org/info/rfc8942,200
rfc8942.xml,https://trustee.ietf.org/license-info,200
rfc8942.xml,https://wicg.github.io/savedata/#save-data-request-header-field,200
rfc8942.xml,https://www.rfc-editor.org/info/rfc2119,200
rfc8942.xml,https://www.rfc-editor.org/info/rfc3864,200
rfc8942.xml,https://www.rfc-editor.org/info/rfc5234,200
rfc8942.xml,https://www.rfc-editor.org/info/rfc7231,200
rfc8942.xml,https://www.rfc-editor.org/info/rfc7234,200
rfc8942.xml,https://www.rfc-editor.org/info/rfc8174,200
rfc8942.xml,https://www.rfc-editor.org/info/rfc8941,200
rfc8942.xml,https://wicg.github.io/client-hints-infrastructure/,200
rfc8942.xml,https://fetch.spec.whatwg.org/,200
rfc8942.xml,https://www.rfc-editor.org/info/rfc6265,200
rfc8942.xml,https://wicg.github.io/ua-client-hints/,200
rfc9498.xml,https://datatracker.ietf.org/doc/draft-schanzen-gns-28,200
rfc9498.xml,https://dx.doi.org/10.17487/rfc9498,200
rfc9498.xml,https://www.rfc-editor.org/info/rfc9498,200
rfc9498.xml,https://trustee.ietf.org/license-info,200
rfc9498.xml,https://www.rfc-editor.org/info/rfc1034,200
rfc9498.xml,https://www.rfc-editor.org/info/rfc1035,200
rfc9498.xml,https://www.rfc-editor.org/info/rfc2782,200
rfc9498.xml,https://www.rfc-editor.org/info/rfc2119,200
rfc9498.xml,https://www.rfc-editor.org/info/rfc3629,200
rfc9498.xml,https://www.rfc-editor.org/info/rfc3686,200
rfc9498.xml,https://www.rfc-editor.org/info/rfc3826,200
rfc9498.xml,https://www.rfc-editor.org/info/rfc5237,200
rfc9498.xml,https://www.rfc-editor.org/info/rfc5869,200
rfc9498.xml,https://www.rfc-editor.org/info/rfc5890,200
rfc9498.xml,https://www.rfc-editor.org/info/rfc5895,200
rfc9498.xml,https://www.rfc-editor.org/info/rfc6234,200
rfc9498.xml,https://www.rfc-editor.org/info/rfc6895,200
rfc9498.xml,https://www.rfc-editor.org/info/rfc6979,200
rfc9498.xml,https://www.rfc-editor.org/info/rfc7748,200
rfc9498.xml,https://www.rfc-editor.org/info/rfc8032,200
rfc9498.xml,https://www.rfc-editor.org/info/rfc8126,200
rfc9498.xml,https://www.rfc-editor.org/info/rfc8174,200
rfc9498.xml,https://www.rfc-editor.org/info/rfc8499,200
rfc9498.xml,https://www.rfc-editor.org/info/rfc9106,200
rfc9498.xml,https://gana.gnunet.org/,200
rfc9498.xml,https://doi.org/10.6028/NIST.SP.800-38A,200
rfc9498.xml,https://www.crockford.com/base32.html,200
rfc9498.xml,https://cr.yp.to/papers.html#xsalsa,200
rfc9498.xml,https://www.unicode.org/reports/tr15/tr15-31.html,200
rfc9498.xml,https://www.unicode.org/reports/tr46,200
rfc9498.xml,https://www.rfc-editor.org/info/rfc1928,200
rfc9498.xml,https://www.rfc-editor.org/info/rfc4033,200
rfc9498.xml,https://www.rfc-editor.org/info/rfc6066,200
rfc9498.xml,https://www.rfc-editor.org/info/rfc7363,200
rfc9498.xml,https://www.rfc-editor.org/info/rfc8324,200
rfc9498.xml,https://www.rfc-editor.org/info/rfc8806,200
rfc9498.xml,https://www.rfc-editor.org/info/rfc6761,200
rfc9498.xml,https://www.rfc-editor.org/info/rfc8244,200
rfc9498.xml,https://www.rfc-editor.org/info/rfc9476,200
rfc9498.xml,https://github.com/torproject/torspec/blob/main/rend-spec-v3.txt,200
rfc9498.xml,https://gitweb.torproject.org/torspec.git/tree/proposals/224-rend-spec-ng.txt#n2135,200
rfc9498.xml,https://citeseerx.ist.psu.edu/document?repid=rep1&type=pdf&doi=3837e0206bf73e5e8f0ba6db767a2f714ea7c367,200
rfc9498.xml,https://css.csail.mit.edu/6.824/2014/papers/kademlia.pdf,200
rfc9498.xml,https://ed25519.cr.yp.to/ed25519-20110926.pdf,200
rfc9498.xml,https://sci-hub.st/10.1007/978-3-319-12280-9_9,Connection error: HTTP Error 403: Forbidden
rfc9498.xml,https://sci-hub.st/10.1109/ICNSS.2011.6060022,Connection error: HTTP Error 403: Forbidden
rfc9498.xml,https://sci-hub.st/https://doi.org/10.1016/j.cose.2018.01.018,Connection error: HTTP Error 403: Forbidden
rfc9498.xml,https://git.gnunet.org/gnunet.git,200
rfc9498.xml,https://git.gnunet.org/ascension.git,200
rfc9498.xml,https://gnunet.org,200
rfc9498.xml,https://reclaim.gnunet.org,200
rfc9498.xml,https://github.com/bfix/gnunet-go/tree/master/src/gnunet/service/gns,200
rfc9498.xml,https://www.gnu.org/software/libc/manual/html_node/Name-Service-Switch.html,Connection error: <urlopen error [Errno 101] Network is unreachable>
rfc9356.xml,https://datatracker.ietf.org/doc/draft-ietf-lsr-ospf-l2bundles-10,200
rfc9356.xml,https://dx.doi.org/10.17487/rfc9356,200
rfc9356.xml,https://www.rfc-editor.org/info/rfc9356,200
rfc9356.xml,https://trustee.ietf.org/license-info,200
rfc9356.xml,https://doi.org/10.1109/IEEESTD.2020.9105034,Connection error: HTTP Error 418: Unknown Code
rfc9356.xml,https://www.rfc-editor.org/info/rfc2119,200
rfc9356.xml,https://www.rfc-editor.org/info/rfc2119,200
rfc9356.xml,https://www.rfc-editor.org/info/rfc4202,200
rfc9356.xml,https://www.rfc-editor.org/info/rfc4202,200
rfc9356.xml,https://www.rfc-editor.org/info/rfc7684,200
rfc9356.xml,https://www.rfc-editor.org/info/rfc7684,200
rfc9356.xml,https://www.rfc-editor.org/info/rfc8174,200
rfc9356.xml,https://www.rfc-editor.org/info/rfc8174,200
rfc9356.xml,https://www.rfc-editor.org/info/rfc8362,200
rfc9356.xml,https://www.rfc-editor.org/info/rfc8362,200
rfc9356.xml,https://www.rfc-editor.org/info/rfc8665,200
rfc9356.xml,https://www.rfc-editor.org/info/rfc8665,200
rfc9356.xml,https://www.rfc-editor.org/info/rfc8666,200
rfc9356.xml,https://www.rfc-editor.org/info/rfc8666,200
rfc9356.xml,https://www.rfc-editor.org/info/rfc9085,200
rfc9356.xml,https://www.rfc-editor.org/info/rfc9085,200
rfc9356.xml,https://www.rfc-editor.org/info/rfc3630,200
rfc9356.xml,https://www.rfc-editor.org/info/rfc3630,200
rfc9356.xml,https://www.rfc-editor.org/info/rfc4203,200
rfc9356.xml,https://www.rfc-editor.org/info/rfc4203,200
rfc9356.xml,https://www.rfc-editor.org/info/rfc4552,200
rfc9356.xml,https://www.rfc-editor.org/info/rfc4552,200
rfc9356.xml,https://www.rfc-editor.org/info/rfc4655,200
rfc9356.xml,https://www.rfc-editor.org/info/rfc4655,200
rfc9356.xml,https://www.rfc-editor.org/info/rfc5329,200
rfc9356.xml,https://www.rfc-editor.org/info/rfc5329,200
rfc9356.xml,https://www.rfc-editor.org/info/rfc5709,200
rfc9356.xml,https://www.rfc-editor.org/info/rfc5709,200
rfc9356.xml,https://www.rfc-editor.org/info/rfc7166,200
rfc9356.xml,https://www.rfc-editor.org/info/rfc7166,200
rfc9356.xml,https://www.rfc-editor.org/info/rfc7471,200
rfc9356.xml,https://www.rfc-editor.org/info/rfc7471,200
rfc9356.xml,https://www.rfc-editor.org/info/rfc7474,200
rfc9356.xml,https://www.rfc-editor.org/info/rfc7474,200
rfc9356.xml,https://www.rfc-editor.org/info/rfc7752,200
rfc9356.xml,https://www.rfc-editor.org/info/rfc7752,200
rfc9356.xml,https://www.rfc-editor.org/info/rfc8402,200
rfc9356.xml,https://www.rfc-editor.org/info/rfc8402,200
rfc9356.xml,https://www.rfc-editor.org/info/rfc8510,200
rfc9356.xml,https://www.rfc-editor.org/info/rfc8510,200
rfc9356.xml,https://www.rfc-editor.org/info/rfc8668,200
rfc9356.xml,https://www.rfc-editor.org/info/rfc8668,200
rfc9356.xml,https://www.rfc-editor.org/info/rfc9129,200
rfc9356.xml,https://www.rfc-editor.org/info/rfc9129,200
rfc9505.xml,https://datatracker.ietf.org/doc/draft-irtf-pearg-censorship-10,200
rfc9505.xml,https://dx.doi.org/10.17487/rfc9505,200
rfc9505.xml,https://www.rfc-editor.org/info/rfc9505,200
rfc9505.xml,https://trustee.ietf.org/license-info,200
rfc9505.xml,http://www.afnic.fr/medias/documents/conseilscientifique/SC-consequences-of-DNS-based-Internet-filtering.pdf,200
rfc9505.xml,http://www.businessinsider.com/chinas-internet-breakdown-reportedly-caused-by-censoring-tools-2014-1,200
rfc9505.xml,https://opennet.net/blog/2011/06/dns-tampering-and-new-icann-gtld-rules,200
rfc9505.xml,http://www.sigcomm.org/sites/default/files/ccr/papers/2012/July/2317307-2317311.pdf,Connection error: HTTP Error 404: Not Found
rfc9505.xml,https://en.greatfire.org/blog/2013/jan/github-blocked-china-how-it-happened-how-get-around-it-and-where-it-will-take-us,Connection error: HTTP Error 403: Forbidden
rfc9505.xml,https://www.usenix.org/system/files/conference/foci14/foci14-anonymous.pdf,200
rfc9505.xml,https://jhalderm.com/pub/papers/iran-foci13.pdf,200
rfc9505.xml,http://www.bbc.com/news/uk-24980765,200
rfc9505.xml,https://www.bbc.com/news/world-asia-china-24396957,200
rfc9505.xml,https://geneva.cs.umd.edu/papers/geneva_ccs19.pdf,200
rfc9505.xml,https://geneva.cs.umd.edu/papers/evading-censorship-in-depth.pdf,200
rfc9505.xml,https://geneva.cs.umd.edu/posts/china-censors-esni/esni/,200
rfc9505.xml,https://geneva.cs.umd.edu/papers/woot21-weaponizing-availability.pdf,200
rfc9505.xml,https://geneva.cs.umd.edu/papers/foci21.pdf,200
rfc9505.xml,https://labs.ripe.net/Members/stephane_bortzmeyer/dns-censorship-dns-lies-seen-by-atlas-probes,200
rfc9505.xml,https://scholarship.law.duke.edu/faculty_scholarship/619/,200
rfc9505.xml,https://www.usenix.org/system/files/conference/usenixsecurity16/sec16_paper_cao.pdf,200
rfc9505.xml,https://vuls.cert.org/confluence/display/historical/CERT+Advisory+CA-1996-21+TCP+SYN+Flooding+and+IP+Spoofing+Attacks,Connection error: HTTP Error 404: Not Found
rfc9505.xml,https://www.usenix.org/system/files/foci19-paper_chai_update.pdf,200
rfc9505.xml,http://arstechnica.com/tech-policy/2010/06/google-tweaks-china-to-hong-kong-redirect-same-results/,200
rfc9505.xml,https://www.zdnet.com/article/russia-to-disconnect-from-the-internet-as-part-of-a-planned-test/,200
rfc9505.xml,https://citizenlab.ca/2018/03/bad-traffic-sandvines-packetlogic-devices-deploy-government-spyware-turkey-syria/,Connection error: HTTP Error 403: Forbidden
rfc9505.xml,https://link.springer.com/chapter/10.1007/11957454_2,200
rfc9505.xml,http://gizmodo.com/google-announces-massive-new-restrictions-on-child-abus-1466539163,Connection error: HTTP Error 403: Forbidden
rfc9505.xml,https://archive.nanog.org/meetings/nanog51/presentations/Tuesday/LT-Cowie-Egypt%20Leaves%20The%20Internet.pdf,Connection error: HTTP Error 403: Forbidden
rfc9505.xml,http://www.cs.unm.edu/~crandall/icdcs2010.pdf,200
rfc9505.xml,https://www.accessnow.org/keepiton-shutdown-tracker/,Connection error: HTTP Error 403: Forbidden
rfc9505.xml,http://conferences.sigcomm.org/imc/2013/papers/imc112s-dalekA.pdf,200
rfc9505.xml,http://citeseerx.ist.psu.edu/viewdoc/download?doi=10.1.1.132.3302&rep=rep1&type=pdf,Connection error: HTTP Error 401: Unauthorized
rfc9505.xml,https://www.dmlp.org/legal-guide/protecting-yourself-against-copyright-claims-based-user-content,200
rfc9505.xml,http://news.bbc.co.uk/2/hi/asia-pacific/7016238.stm,200
rfc9505.xml,https://ec.europa.eu/information_society/newsroom/image/document/2017-4/consultation_summary_report_en_2010_42070.pdf,200
rfc9505.xml,https://eur-lex.europa.eu/legal-content/EN/TXT/?uri=CELEX:52012SC0345,200
rfc9505.xml,https://ec.europa.eu/growth/content/evaluation-regulatory-tools-enforcing-online-gambling-rules-and-channelling-demand-towards-1_en,200
rfc9505.xml,https://www.eff.org/files/2017/08/02/domain_registry_whitepaper.pdf,200
rfc9505.xml,https://educatedguesswork.org/posts/apple-csam-intro/,Connection error: HTTP Error 403: Forbidden
rfc9505.xml,https://dl.acm.org/doi/pdf/10.1145/3487552.3487836,Connection error: HTTP Error 403: Forbidden
rfc9505.xml,https://www.opentech.fund/news/a-quick-look-at-quic/,Connection error: HTTP Error 403: Forbidden
rfc9505.xml,https://www.tandfonline.com/doi/abs/10.1080/13552601003760014,Connection error: HTTP Error 403: Forbidden
rfc9505.xml,http://arxiv.org/pdf/1312.5739v1.pdf,200
rfc9505.xml,https://petsymposium.org/2015/papers/03_Fifield.pdf,200
rfc9505.xml,https://www.bleepingcomputer.com/news/security/south-korea-is-censoring-the-internet-by-snooping-on-sni-traffic/,Connection error: HTTP Error 403: Forbidden
rfc9505.xml,https://doi.org/10.1145/2597173,Connection error: HTTP Error 403: Forbidden
rfc9505.xml,http://www.theguardian.com/commentisfree/2008/nov/17/censorship-internet,200
rfc9505.xml,https://status.cloud.google.com/incident/cloud-networking/18018,200
rfc9505.xml,https://support.google.com/legal/contact/lr_eudpa?product=websearch,200
rfc9505.xml,https://cis-india.org/internet-governance/blog/reliance-jio-is-using-sni-inspection-to-block-websites,Connection error: HTTP Error 403: Forbidden
rfc9505.xml,https://www.hadopi.fr/,200
rfc9505.xml,https://www.networkworld.com/article/2277316/tech-primers/tech-primers-how-dns-cache-poisoning-works.html,Connection error: HTTP Error 404: Not Found
rfc9505.xml,https://opennet.net/blog/2009/07/china-shuts-down-internet-xinjiang-region-after-riots,200
rfc9505.xml,https://en.wikipedia.org/wiki/Hepting_v._AT%26T&oldid=1175143505,Connection error: HTTP Error 404: Not Found
rfc9505.xml,https://www.sciencesetavenir.fr/high-tech/comment-les-autorites-peuvent-bloquer-un-site-internet_35828,Connection error: HTTP Error 405: Not Allowed
rfc9505.xml,https://www.iis.se/docs/hjelmvik_breaking.pdf,200
rfc9505.xml,https://link.springer.com/article/10.1186/s13635-016-0030-7,200
rfc9505.xml,https://www.icann.org/en/system/files/files/guidance-domain-seizures-07mar12-en.pdf,Connection error: HTTP Error 403: Forbidden
rfc9505.xml,https://www.icann.org/en/system/files/files/sac-056-en.pdf,Connection error: HTTP Error 403: Forbidden
rfc9505.xml,http://conferences2.sigcomm.org/imc/2014/papers/p299.pdf,200
rfc9505.xml,http://0b4af6cdc2f0c5998459-c0245c5c937c5dedcca3f1764ecc9b2f.r43.cf2.rackcdn.com/12389-foci13-khattak.pdf,200
rfc9505.xml,https://www.newscientist.com/article/dn7589-iranian-net-censorship-powered-by-us-technology/,200
rfc9505.xml,https://dl.acm.org/doi/10.1145/3473604.3474560,Connection error: HTTP Error 403: Forbidden
rfc9505.xml,http://www.themoscowtimes.com/news/article/cyberattacks-disrupt-oppositions-election/470119.html,200
rfc9505.xml,https://doi.org/10.1145/3314344.3332502,Connection error: HTTP Error 403: Forbidden
rfc9505.xml,https://david.choffnes.com/pubs/liberate-imc17.pdf,200
rfc9505.xml,https://techcrunch.com/2019/10/30/github-removes-tsunami-democratics-apk-after-a-takedown-order-from-spain/,200
rfc9505.xml,https://www.usenix.org/system/files/conference/foci15/foci15-paper-marczak.pdf,200
rfc9505.xml,http://www.theregister.co.uk/2013/05/09/malaysia_fraud_elections_ddos_web_blocking/,Connection error: HTTP Error 403: Forbidden
rfc9505.xml,https://doi.org/10.7551/mitpress/7617.003.0006,Connection error: HTTP Error 403: Forbidden
rfc9505.xml,https://www.newamerica.org/cybersecurity-initiative/c2b/c2b-log/analysis-south-koreas-sni-monitoring/,200
rfc9505.xml,http://0b4af6cdc2f0c5998459-c0245c5c937c5dedcca3f1764ecc9b2f.r43.cf2.rackcdn.com/12387-foci13-nabi.pdf,200
rfc9505.xml,http://www.nbcnews.com/feature/edward-snowden-interview/exclusive-snowden-docs-show-uk-spies-attacked-anonymous-hackers-n21361,200
rfc9505.xml,https://nets.ec/TCP-RST_Injection,200
rfc9505.xml,https://ooni.org/post/2018-iran-protests-pt2/,200
rfc9505.xml,https://ooni.org/post/2019-china-wikipedia-blocking/,200
rfc9505.xml,https://web.archive.org/web/20130825010947/http://www.theinquirer.net/inquirer/news/2287433/zimbabwe-election-hit-by-hacking-and-ddos-attacks,200
rfc9505.xml,https://irtf.org/anrw/2019/anrw2019-final44-acmpaginated.pdf,Connection error: HTTP Error 403: Forbidden
rfc9505.xml,http://www.symantec.com/connect/articles/perils-deep-packet-inspection,Connection error: HTTP Error 403: Forbidden
rfc9505.xml,https://www.andrew.cmu.edu/user/nicolasc/publications/Rambert-WWW21.pdf,200
rfc9505.xml,https://felixreda.eu/2017/11/eu-website-blocking/,200
rfc9505.xml,https://www.rfc-editor.org/info/rfc6066,200
rfc9505.xml,https://www.rfc-editor.org/info/rfc7624,200
rfc9505.xml,https://www.rfc-editor.org/info/rfc7754,200
rfc9505.xml,https://www.rfc-editor.org/info/rfc7858,200
rfc9505.xml,https://www.rfc-editor.org/info/rfc8484,200
rfc9505.xml,https://www.rfc-editor.org/info/rfc8744,200
rfc9505.xml,https://www.rfc-editor.org/info/rfc9000,200
rfc9505.xml,https://www.rfc-editor.org/info/rfc9293,200
rfc9505.xml,http://www.theguardian.com/technology/2014/feb/11/bing-censors-chinese-language-search-results,200
rfc9505.xml,https://rsf.org/en/2020-world-press-freedom-index-entering-decisive-decade-journalism-exacerbated-coronavirus,Connection error: HTTP Error 403: Forbidden
rfc9505.xml,https://www.researchgate.net/profile/Nirmala-Svsg/post/Anybody-working-on-Internet-traffic-classification/attachment/59d63a5779197b807799782d/AS%3A405810988503040%401473764287142/download/traffic-classification-identifying-and-measuring-internet-traffic.pdf,Connection error: HTTP Error 403: Forbidden
rfc9505.xml,https://sambhav.info/files/blindtls-foci21.pdf,200
rfc9505.xml,https://www.eff.org/deeplinks/2007/10/eff-tests-agree-ap-comcast-forging-packets-to-interfere,200
rfc9505.xml,https://citizenlab.org/2013/11/asia-chats-analyzing-information-controls-privacy-asian-messaging-applications/,Connection error: HTTP Error 403: Forbidden
rfc9505.xml,https://hal.inria.fr/hal-01202712/document,200
rfc9505.xml,https://www.manrs.org/2022/03/lesson-learned-twitter-shored-up-its-routing-security/,Connection error: HTTP Error 403: Forbidden
rfc9505.xml,https://labs.ripe.net/Members/giovane_moura/detecting-and-taking-down-fraudulent-webshops-at-a-cctld,200
rfc9505.xml,https://arxiv.org/abs/1912.08590,200
rfc9505.xml,https://support.sophos.com/support/s/article/KB-000036518?language=en_US,Connection error: HTTP Error 404: Not Found
rfc9505.xml,https://www.icann.org/en/system/files/files/sac-109-en.pdf,Connection error: HTTP Error 403: Forbidden
rfc9505.xml,https://www.cs.tufts.edu/comp/116/archive/fall2016/ctang.pdf,200
rfc9505.xml,http://www.theregister.co.uk/2012/11/29/syria_internet_blackout/,Connection error: HTTP Error 403: Forbidden
rfc9505.xml,https://datatracker.ietf.org/doc/html/draft-ietf-tls-esni-17,200
rfc9505.xml,https://2019.www.torproject.org/docs/pluggable-transports.html.en,200
rfc9505.xml,https://www3.trustwave.com/software/8e6/hlp/r3000/files/1system_filter.html,200
rfc9505.xml,https://oaklandsok.github.io/papers/tschantz2016.pdf,200
rfc9505.xml,https://torrentfreak.com/how-to-bypass-comcast-bittorrent-throttling-071021,Connection error: HTTP Error 403: Forbidden
rfc9505.xml,https://www.usenix.org/system/files/conference/foci12/foci12-final1.pdf,200
rfc9505.xml,https://www.nytimes.com/2019/10/09/world/asia/blizzard-hearthstone-hong-kong.html,Connection error: HTTP Error 403: Forbidden
rfc9505.xml,http://access.opennet.net/wp-content/uploads/2011/12/accesscontested-chapter-08.pdf,200
rfc9505.xml,https://www.eff.org/deeplinks/2008/08/fcc-rules-against-comcast-bit-torrent-blocking,200
rfc9505.xml,http://advocacy.globalvoicesonline.org/wp-content/uploads/2009/06/deeppacketinspectionandinternet-censorship2.pdf,200
rfc9505.xml,https://www.nbcnews.com/tech/tech-news/malaysia-online-election-battles-take-nasty-turn-flna6c9783842,200
rfc9505.xml,https://www.cs.ucr.edu/~zhiyunq/pub/imc17_censorship_tcp.pdf,200
rfc9505.xml,https://www.cs.ucr.edu/~zhiyunq/pub/ndss20_symtcp.pdf,200
rfc9505.xml,http://www.icir.org/vern/papers/reset-injection.ndss09.pdf,200
rfc9505.xml,http://www.zdnet.com/1168-keywords-skype-uses-to-censor-monitor-its-chinese-users-7000012328/,200
rfc9505.xml,https://en.wikipedia.org/w/index.php?title=Denial-of-service_attack&oldid=710558258,200
rfc9505.xml,https://blog.torproject.org/blog/knock-knock-knockin-bridges-doors,200
rfc9505.xml,http://arxiv.org/pdf/1204.0447v1.pdf,200
rfc9505.xml,https://en.wikipedia.org/w/index.php?title=Censorship&oldid=943938595,200
rfc9505.xml,https://policyreview.info/articles/analysis/internet-filtering-trends-liberal-democracies-french-and-german-regulatory-debates,200
rfc9505.xml,http://arxiv.org/ftp/arxiv/papers/1107/1107.3794.pdf,200
rfc9505.xml,http://web.archive.org/web/20200726222723/https://blogs.oracle.com/internetintelligence/turkish-internet-censorship-takes-a-new-turn,200
rfc9182.xml,https://datatracker.ietf.org/doc/draft-ietf-opsawg-l3sm-l3nm-18,200
rfc9182.xml,https://dx.doi.org/10.17487/rfc9182,200
rfc9182.xml,https://www.rfc-editor.org/info/rfc9182,200
rfc9182.xml,https://trustee.ietf.org/license-info,200
rfc9182.xml,https://www.iso.org/standard/30932.html,200
rfc9182.xml,https://www.rfc-editor.org/info/rfc1112,200
rfc9182.xml,https://www.rfc-editor.org/info/rfc1195,200
rfc9182.xml,https://www.rfc-editor.org/info/rfc2080,200
rfc9182.xml,https://www.rfc-editor.org/info/rfc2119,200
rfc9182.xml,https://www.rfc-editor.org/info/rfc2236,200
rfc9182.xml,https://www.rfc-editor.org/info/rfc2453,200
rfc9182.xml,https://www.rfc-editor.org/info/rfc2710,200
rfc9182.xml,https://www.rfc-editor.org/info/rfc3376,200
rfc9182.xml,https://www.rfc-editor.org/info/rfc3688,200
rfc9182.xml,https://www.rfc-editor.org/info/rfc3810,200
rfc9182.xml,https://www.rfc-editor.org/info/rfc4271,200
rfc9182.xml,https://www.rfc-editor.org/info/rfc4364,200
rfc9182.xml,https://www.rfc-editor.org/info/rfc4552,200
rfc9182.xml,https://www.rfc-editor.org/info/rfc4577,200
rfc9182.xml,https://www.rfc-editor.org/info/rfc5308,200
rfc9182.xml,https://www.rfc-editor.org/info/rfc5701,200
rfc9182.xml,https://www.rfc-editor.org/info/rfc5709,200
rfc9182.xml,https://www.rfc-editor.org/info/rfc5798,200
rfc9182.xml,https://www.rfc-editor.org/info/rfc5880,200
rfc9182.xml,https://www.rfc-editor.org/info/rfc5905,200
rfc9182.xml,https://www.rfc-editor.org/info/rfc5925,200
rfc9182.xml,https://www.rfc-editor.org/info/rfc6020,200
rfc9182.xml,https://www.rfc-editor.org/info/rfc6241,200
rfc9182.xml,https://www.rfc-editor.org/info/rfc6242,200
rfc9182.xml,https://www.rfc-editor.org/info/rfc6513,200
rfc9182.xml,https://www.rfc-editor.org/info/rfc6514,200
rfc9182.xml,https://www.rfc-editor.org/info/rfc6565,200
rfc9182.xml,https://www.rfc-editor.org/info/rfc6991,200
rfc9182.xml,https://www.rfc-editor.org/info/rfc7166,200
rfc9182.xml,https://www.rfc-editor.org/info/rfc7474,200
rfc9182.xml,https://www.rfc-editor.org/info/rfc7761,200
rfc9182.xml,https://www.rfc-editor.org/info/rfc7950,200
rfc9182.xml,https://www.rfc-editor.org/info/rfc8040,200
rfc9182.xml,https://www.rfc-editor.org/info/rfc8174,200
rfc9182.xml,https://www.rfc-editor.org/info/rfc8177,200
rfc9182.xml,https://www.rfc-editor.org/info/rfc8294,200
rfc9182.xml,https://www.rfc-editor.org/info/rfc8341,200
rfc9182.xml,https://www.rfc-editor.org/info/rfc8343,200
rfc9182.xml,https://www.rfc-editor.org/info/rfc8446,200
rfc9182.xml,https://www.rfc-editor.org/info/rfc8466,200
rfc9182.xml,https://www.rfc-editor.org/info/rfc8519,200
rfc9182.xml,https://www.rfc-editor.org/info/rfc9181,200
rfc9182.xml,https://datatracker.ietf.org/doc/html/draft-ietf-idr-bgp-model-12,200
rfc9182.xml,https://www.ietf.org/archive/id/draft-ietf-idr-bgp-model-12.txt,200
rfc9182.xml,https://datatracker.ietf.org/doc/html/draft-ietf-teas-enhanced-vpn-09,200
rfc9182.xml,https://www.ietf.org/archive/id/draft-ietf-teas-enhanced-vpn-09.txt,200
rfc9182.xml,https://ieeexplore.ieee.org/document/9105034,Connection error: HTTP Error 418: Unknown Code
rfc9182.xml,https://datatracker.ietf.org/doc/html/draft-ietf-teas-ietf-network-slices-05,200
rfc9182.xml,https://datatracker.ietf.org/doc/html/draft-ietf-pim-yang-17,200
rfc9182.xml,https://github.com/mbj4668/pyang,200
rfc9182.xml,https://datatracker.ietf.org/doc/html/draft-ietf-rtgwg-qos-model-06,200
rfc9182.xml,https://www.ietf.org/archive/id/draft-ietf-rtgwg-qos-model-06.txt,200
rfc9182.xml,https://www.rfc-editor.org/info/rfc3618,200
rfc9182.xml,https://www.rfc-editor.org/info/rfc3644,200
rfc9182.xml,https://www.rfc-editor.org/info/rfc4026,200
rfc9182.xml,https://www.rfc-editor.org/info/rfc4110,200
rfc9182.xml,https://www.rfc-editor.org/info/rfc4176,200
rfc9182.xml,https://www.rfc-editor.org/info/rfc4862,200
rfc9182.xml,https://www.rfc-editor.org/info/rfc6037,200
rfc9182.xml,https://www.rfc-editor.org/info/rfc6151,200
rfc9182.xml,https://www.rfc-editor.org/info/rfc6952,200
rfc9182.xml,https://www.rfc-editor.org/info/rfc7149,200
rfc9182.xml,https://www.rfc-editor.org/info/rfc7297,200
rfc9182.xml,https://www.rfc-editor.org/info/rfc7426,200
rfc9182.xml,https://www.rfc-editor.org/info/rfc7880,200
rfc9182.xml,https://www.rfc-editor.org/info/rfc8077,200
rfc9182.xml,https://www.rfc-editor.org/info/rfc8277,200
rfc9182.xml,https://www.rfc-editor.org/info/rfc8299,200
rfc9182.xml,https://www.rfc-editor.org/info/rfc8309,200
rfc9182.xml,https://www.rfc-editor.org/info/rfc8340,200
rfc9182.xml,https://www.rfc-editor.org/info/rfc8342,200
rfc9182.xml,https://www.rfc-editor.org/info/rfc8345,200
rfc9182.xml,https://www.rfc-editor.org/info/rfc8349,200
rfc9182.xml,https://www.rfc-editor.org/info/rfc8453,200
rfc9182.xml,https://www.rfc-editor.org/info/rfc8512,200
rfc9182.xml,https://www.rfc-editor.org/info/rfc8633,200
rfc9182.xml,https://www.rfc-editor.org/info/rfc8695,200
rfc9182.xml,https://www.rfc-editor.org/info/rfc8792,200
rfc9182.xml,https://www.rfc-editor.org/info/rfc8915,200
rfc9182.xml,https://www.rfc-editor.org/info/rfc8969,200
rfc9182.xml,https://www.rfc-editor.org/info/rfc9136,200
rfc9182.xml,https://datatracker.ietf.org/doc/html/draft-evenwu-opsawg-yang-composed-vpn-03,200
rfc9182.xml,https://datatracker.ietf.org/doc/html/draft-ietf-opsawg-sap-00,200
rfc9378.xml,https://datatracker.ietf.org/doc/draft-ietf-ippm-ioam-deployment-05,200
rfc9378.xml,https://dx.doi.org/10.17487/rfc9378,200
rfc9378.xml,https://www.rfc-editor.org/info/rfc9378,200
rfc9378.xml,https://trustee.ietf.org/license-info,200
rfc9378.xml,https://datatracker.ietf.org/doc/html/draft-xzlnp-bier-ioam-05,200
rfc9378.xml,https://datatracker.ietf.org/doc/html/draft-ietf-ippm-ioam-data-integrity-03,200
rfc9378.xml,https://datatracker.ietf.org/doc/html/draft-weis-ippm-ioam-eth-05,200
rfc9378.xml,https://datatracker.ietf.org/doc/html/draft-brockners-ippm-ioam-geneve-05,200
rfc9378.xml,https://datatracker.ietf.org/doc/html/draft-ietf-ippm-ioam-ipv6-options-10,200
rfc9378.xml,https://datatracker.ietf.org/doc/html/draft-ietf-sfc-ioam-nsh-11,200
rfc9378.xml,https://datatracker.ietf.org/doc/html/draft-mizrahi-ippm-ioam-profile-06,200
rfc9378.xml,https://datatracker.ietf.org/doc/html/draft-spiegel-ippm-ioam-rawexport-06,200
rfc9378.xml,https://datatracker.ietf.org/doc/html/draft-ali-spring-ioam-srv6-06,200
rfc9378.xml,https://datatracker.ietf.org/doc/html/draft-brockners-ippm-ioam-vxlan-gpe-03,200
rfc9378.xml,https://datatracker.ietf.org/doc/html/draft-ietf-ippm-ioam-yang-06,200
rfc9378.xml,https://datatracker.ietf.org/doc/html/draft-gandhi-mpls-ioam-10,200
rfc9378.xml,https://datatracker.ietf.org/doc/html/draft-ietf-sfc-proof-of-transit-08,200
rfc9378.xml,https://www.rfc-editor.org/info/rfc2784,200
rfc9378.xml,https://www.rfc-editor.org/info/rfc5905,200
rfc9378.xml,https://www.rfc-editor.org/info/rfc7276,200
rfc9378.xml,https://www.rfc-editor.org/info/rfc7384,200
rfc9378.xml,https://www.rfc-editor.org/info/rfc7665,200
rfc9378.xml,https://www.rfc-editor.org/info/rfc7799,200
rfc9378.xml,https://www.rfc-editor.org/info/rfc8039,200
rfc9378.xml,https://www.rfc-editor.org/info/rfc8279,200
rfc9378.xml,https://www.rfc-editor.org/info/rfc8300,200
rfc9378.xml,https://www.rfc-editor.org/info/rfc8799,200
rfc9378.xml,https://www.rfc-editor.org/info/rfc8915,200
rfc9378.xml,https://www.rfc-editor.org/info/rfc8926,200
rfc9378.xml,https://www.rfc-editor.org/info/rfc9197,200
rfc9378.xml,https://www.rfc-editor.org/info/rfc9322,200
rfc9378.xml,https://www.rfc-editor.org/info/rfc9326,200
rfc9378.xml,https://www.rfc-editor.org/info/rfc9359,200
rfc9378.xml,https://datatracker.ietf.org/doc/html/draft-ietf-nvo3-vxlan-gpe-12,200
rfc9747.xml,https://datatracker.ietf.org/doc/draft-ietf-bfd-unaffiliated-echo-14,200
rfc9747.xml,https://dx.doi.org/10.17487/rfc9747,200
rfc9747.xml,https://www.rfc-editor.org/info/rfc9747,200
rfc9747.xml,https://trustee.ietf.org/license-info,200
rfc9747.xml,https://www.rfc-editor.org/info/rfc2119,200
rfc9747.xml,https://www.rfc-editor.org/info/rfc5880,200
rfc9747.xml,https://www.rfc-editor.org/info/rfc5881,200
rfc9747.xml,https://www.rfc-editor.org/info/rfc8174,200
rfc9747.xml,https://www.broadband-forum.org/pdfs/tr-146-1-0-0.pdf,Connection error: HTTP Error 403: Forbidden
rfc9747.xml,https://www.rfc-editor.org/info/rfc3704,200
rfc9747.xml,https://www.rfc-editor.org/info/rfc5082,200
rfc8787.xml,https://datatracker.ietf.org/doc/draft-ietf-sipcore-locparam-06,200
rfc8787.xml,https://dx.doi.org/10.17487/rfc8787,200
rfc8787.xml,https://www.rfc-editor.org/info/rfc8787,200
rfc8787.xml,https://trustee.ietf.org/license-info,200
rfc8787.xml,https://www.iana.org/assignments/sip-parameters/,200
rfc8787.xml,https://www.rfc-editor.org/info/rfc2119,200
rfc8787.xml,https://www.rfc-editor.org/info/rfc3323,200
rfc8787.xml,https://www.rfc-editor.org/info/rfc3325,200
rfc8787.xml,https://www.rfc-editor.org/info/rfc3968,200
rfc8787.xml,https://www.rfc-editor.org/info/rfc5234,200
rfc8787.xml,https://www.rfc-editor.org/info/rfc6442,200
rfc8787.xml,https://www.rfc-editor.org/info/rfc8174,200
rfc8787.xml,https://www.rfc-editor.org/info/rfc4483,200
rfc8806.xml,https://datatracker.ietf.org/doc/draft-ietf-dnsop-7706bis-12,200
rfc8806.xml,https://dx.doi.org/10.17487/rfc8806,200
rfc8806.xml,https://www.rfc-editor.org/info/rfc8806,200
rfc8806.xml,https://trustee.ietf.org/license-info,200
rfc8806.xml,https://www.rfc-editor.org/info/rfc1035,200
rfc8806.xml,https://www.rfc-editor.org/info/rfc2119,200
rfc8806.xml,https://www.rfc-editor.org/info/rfc4033,200
rfc8806.xml,https://www.rfc-editor.org/info/rfc7706,200
rfc8806.xml,https://www.rfc-editor.org/info/rfc8174,200
rfc8806.xml,https://www.rfc-editor.org/info/rfc8499,200
rfc8806.xml,http://www.sfc.wide.ad.jp/dissertation/bill_e.html,200
rfc8806.xml,https://www.rfc-editor.org/info/rfc5936,200
rfc8806.xml,https://www.rfc-editor.org/info/rfc8198,200
rfc8806.xml,https://www.iana.org/domains/root/files,200
rfc8806.xml,https://localroot.isi.edu/,200
rfc8806.xml,https://knot-resolver.readthedocs.io/en/v5.0.1/modules-rfc7706.html,200
rfc9098.xml,https://datatracker.ietf.org/doc/draft-ietf-v6ops-ipv6-ehs-packet-drops-08,200
rfc9098.xml,https://dx.doi.org/10.17487/rfc9098,200
rfc9098.xml,https://www.rfc-editor.org/info/rfc9098,200
rfc9098.xml,https://trustee.ietf.org/license-info,200
rfc9098.xml,https://www.rfc-editor.org/info/rfc5095,200
rfc9098.xml,https://www.rfc-editor.org/info/rfc5722,200
rfc9098.xml,https://www.rfc-editor.org/info/rfc6946,200
rfc9098.xml,https://www.rfc-editor.org/info/rfc6980,200
rfc9098.xml,https://www.rfc-editor.org/info/rfc7112,200
rfc9098.xml,https://www.rfc-editor.org/info/rfc8021,200
rfc9098.xml,https://www.rfc-editor.org/info/rfc8200,200
rfc9098.xml,https://www.rfc-editor.org/info/rfc8504,200
rfc9098.xml,https://homepages.dcc.ufmg.br/~cunha/papers/almeida20infocom-mca.pdf,Connection error: <urlopen error [SSL: CERTIFICATE_VERIFY_FAILED] certificate verify failed: unable to get local issuer certificate (_ssl.c:1006)>
rfc9098.xml,https://blog.apnic.net/2020/06/04/modern-router-architecture-and-ipv6/,Connection error: HTTP Error 403: Forbidden
rfc9098.xml,https://void.gr/kargig/ipv6/bh-eu-12-Atlasis-Attacking_IPv6-Slides.pdf,200
rfc9098.xml,http://www.insinuator.net/2014/05/a-novel-way-of-abusing-ipv6-extension-headers-to-evade-ipv6-security-devices/,200
rfc9098.xml,https://www.ernw.de/download/eu-14-Atlasis-Rey-Schaefer-briefings-Evasion-of-HighEnd-IPS-Devices-wp.pdf,200
rfc9098.xml,https://www.nanog.org/sites/default/files/mon.general.fragmentation.bonica.pdf,Connection error: HTTP Error 403: Forbidden
rfc9098.xml,http://www.cisco.com/en/US/technologies/tk648/tk872/technologies_white_paper0900aecd8054d37d.pdf,200
rfc9098.xml,http://tools.cisco.com/security/center/content/CiscoSecurityAdvisory/cisco-sa-20150611-iosxr,200
rfc9098.xml,https://www.freebsd.org/security/advisories/FreeBSD-SA-20:24.ipv6.asc,200
rfc9098.xml,https://datatracker.ietf.org/doc/html/draft-wkumari-long-headers-03,200
rfc9098.xml,https://www.ietf.org/archive/id/draft-wkumari-long-headers-03.txt,200
rfc9098.xml,https://blog.apnic.net/2017/08/22/dealing-ipv6-fragmentation-dns/,Connection error: HTTP Error 403: Forbidden
rfc9098.xml,https://www.cmand.org/workshops/202006-v6/slides/2020-06-16-xtn-hdrs.pdf,200
rfc9098.xml,http://www.iepg.org/2015-11-01-ietf94/IEPG-RouterArchitecture-jgs.pdf,Connection error: HTTP Error 403: Forbidden
rfc9098.xml,https://datatracker.ietf.org/doc/html/draft-ietf-opsec-ipv6-eh-filtering-08,200
rfc9098.xml,https://www.ietf.org/internet-drafts/draft-ietf-opsec-ipv6-eh-filtering-08.txt,Connection error: HTTP Error 404: Not Found
rfc9098.xml,https://blog.apnic.net/2018/01/11/ipv6-flow-label-misuse-hashing/,Connection error: HTTP Error 403: Forbidden
rfc9098.xml,http://www.iepg.org/2014-07-20-ietf90/iepg-ietf90-ipv6-ehs-in-the-real-world-v2.0.pdf,Connection error: HTTP Error 403: Forbidden
rfc9098.xml,https://msrc.microsoft.com/update-guide/vulnerability/CVE-2021-24094,200
rfc9098.xml,https://nmap.org/book/man-bypass-firewalls-ids.html,200
rfc9098.xml,https://datatracker.ietf.org/doc/html/draft-taylor-v6ops-fragdrop-02,200
rfc9098.xml,http://www.ietf.org/internet-drafts/draft-taylor-v6ops-fragdrop-02.txt,Connection error: HTTP Error 404: Not Found
rfc9098.xml,https://datatracker.ietf.org/doc/html/draft-kampanakis-6man-ipv6-eh-parsing-01,200
rfc9098.xml,http://www.ietf.org/internet-drafts/draft-kampanakis-6man-ipv6-eh-parsing-01.txt,Connection error: HTTP Error 404: Not Found
rfc9098.xml,http://www.nlnetlabs.nl/downloads/publications/pmtu-black-holes-msc-thesis.pdf,200
rfc9098.xml,https://www.rfc-editor.org/info/rfc2460,200
rfc9098.xml,https://www.rfc-editor.org/info/rfc5635,200
rfc9098.xml,https://www.rfc-editor.org/info/rfc6192,200
rfc9098.xml,https://www.rfc-editor.org/info/rfc6437,200
rfc9098.xml,https://www.rfc-editor.org/info/rfc6438,200
rfc9098.xml,https://www.rfc-editor.org/info/rfc7045,200
rfc9098.xml,https://www.rfc-editor.org/info/rfc7098,200
rfc9098.xml,https://www.rfc-editor.org/info/rfc7113,200
rfc9098.xml,https://www.rfc-editor.org/info/rfc7739,200
rfc9098.xml,https://www.rfc-editor.org/info/rfc7872,200
rfc9098.xml,https://www.rfc-editor.org/info/rfc8900,200
rfc9098.xml,https://www.rfc-editor.org/info/rfc8955,200
rfc9098.xml,https://www.rfc-editor.org/info/rfc8956,200
rfc9098.xml,https://www.ipv6hackers.org/files/meetings/ipv6-hackers-1/zack-ipv6hackers1-firewall-security-assessment-and-benchmarking.pdf,200
rfc9098.xml,https://go6lab.si/,200
rfc9098.xml,https://steffann.nl/,"Connection error: <urlopen error [SSL: CERTIFICATE_VERIFY_FAILED] certificate verify failed: Hostname mismatch, certificate is not valid for 'steffann.nl'. (_ssl.c:1006)>"
rfc9140.xml,https://datatracker.ietf.org/doc/draft-ietf-emu-eap-noob-06,200
rfc9140.xml,https://dx.doi.org/10.17487/rfc9140,200
rfc9140.xml,https://www.rfc-editor.org/info/rfc9140,200
rfc9140.xml,https://trustee.ietf.org/license-info,200
rfc9140.xml,https://www.iana.org/domains/arpa,200
rfc9140.xml,https://www.iana.org/assignments/special-use-domain-names,200
rfc9140.xml,https://doi.org/10.1109/IEEESTD.2014.6847097,Connection error: HTTP Error 418: Unknown Code
rfc9140.xml,https://doi.org/10.6028/NIST.FIPS.186-4,200
rfc9140.xml,https://nvlpubs.nist.gov/nistpubs/SpecialPublications/NIST.SP.800-56Ar3.pdf,200
rfc9140.xml,https://www.rfc-editor.org/info/rfc2104,200
rfc9140.xml,https://www.rfc-editor.org/info/rfc2119,200
rfc9140.xml,https://www.rfc-editor.org/info/rfc3748,200
rfc9140.xml,https://www.rfc-editor.org/info/rfc4648,200
rfc9140.xml,https://www.rfc-editor.org/info/rfc5247,200
rfc9140.xml,https://www.rfc-editor.org/info/rfc6234,200
rfc9140.xml,https://www.rfc-editor.org/info/rfc7517,200
rfc9140.xml,https://www.rfc-editor.org/info/rfc7518,200
rfc9140.xml,https://www.rfc-editor.org/info/rfc7542,200
rfc9140.xml,https://www.rfc-editor.org/info/rfc7748,200
rfc9140.xml,https://www.rfc-editor.org/info/rfc8037,200
rfc9140.xml,https://www.rfc-editor.org/info/rfc8126,200
rfc9140.xml,https://www.rfc-editor.org/info/rfc8174,200
rfc9140.xml,https://www.rfc-editor.org/info/rfc8259,200
rfc9140.xml,https://www.bluetooth.com/specifications/bluetooth-core-specification,Connection error: HTTP Error 403: Forbidden
rfc9140.xml,https://datatracker.ietf.org/doc/html/draft-ietf-rats-eat-11,200
rfc9140.xml,https://www.ietf.org/archive/id/draft-ietf-rats-eat-11.txt,200
rfc9140.xml,https://www.rfc-editor.org/info/rfc2904,200
rfc9140.xml,https://www.rfc-editor.org/info/rfc3986,200
rfc9140.xml,https://www.rfc-editor.org/info/rfc4137,200
rfc9140.xml,https://www.rfc-editor.org/info/rfc5056,200
rfc9140.xml,https://www.rfc-editor.org/info/rfc5216,200
rfc9140.xml,https://www.rfc-editor.org/info/rfc6677,200
rfc9140.xml,http://dx.doi.org/10.1145/2632048.2632049,Connection error: HTTP Error 403: Forbidden
rfc9140.xml,https://arxiv.org/abs/1902.07550,200
rfc9140.xml,https://datatracker.ietf.org/doc/html/draft-tschofenig-tls-cwt-02,200
rfc9140.xml,https://www.ietf.org/archive/id/draft-tschofenig-tls-cwt-02.txt,200
rfc9371.xml,https://datatracker.ietf.org/doc/draft-pti-pen-registration-10,200
rfc9371.xml,https://dx.doi.org/10.17487/rfc9371,200
rfc9371.xml,https://www.rfc-editor.org/info/rfc9371,200
rfc9371.xml,https://trustee.ietf.org/license-info,200
rfc9371.xml,https://www.iana.org/assignments/enterprise-numbers,200
rfc9371.xml,https://www.rfc-editor.org/info/rfc8126,200
rfc9371.xml,https://www.itu.int/rec/T-REC-X.690/en,200
rfc9371.xml,https://www.rfc-editor.org/info/rfc2865,200
rfc9371.xml,https://www.rfc-editor.org/info/rfc3411,200
rfc9371.xml,https://www.rfc-editor.org/info/rfc5284,200
rfc9371.xml,https://www.rfc-editor.org/info/rfc5424,200
rfc9371.xml,https://www.rfc-editor.org/info/rfc5612,200
rfc9371.xml,https://www.rfc-editor.org/info/rfc6350,200
rfc9371.xml,https://www.rfc-editor.org/info/rfc6733,200
rfc9549.xml,https://datatracker.ietf.org/doc/draft-ietf-lamps-rfc8399bis-05,200
rfc9549.xml,https://dx.doi.org/10.17487/rfc9549,200
rfc9549.xml,https://www.rfc-editor.org/info/rfc9549,200
rfc9549.xml,https://trustee.ietf.org/license-info,200
rfc9549.xml,https://www.rfc-editor.org/info/rfc2119,200
rfc9549.xml,https://www.rfc-editor.org/info/rfc3492,200
rfc9549.xml,https://www.rfc-editor.org/info/rfc3629,200
rfc9549.xml,https://www.rfc-editor.org/info/rfc3987,200
rfc9549.xml,https://www.rfc-editor.org/info/rfc4518,200
rfc9549.xml,https://www.rfc-editor.org/info/rfc5280,200
rfc9549.xml,https://www.rfc-editor.org/info/rfc5890,200
rfc9549.xml,https://www.rfc-editor.org/info/rfc5891,200
rfc9549.xml,https://www.rfc-editor.org/info/rfc5892,200
rfc9549.xml,https://www.rfc-editor.org/info/rfc5893,200
rfc9549.xml,https://www.rfc-editor.org/info/rfc6530,200
rfc9549.xml,https://www.rfc-editor.org/info/rfc6531,200
rfc9549.xml,https://www.rfc-editor.org/info/rfc8174,200
rfc9549.xml,https://www.rfc-editor.org/info/rfc8398,200
rfc9549.xml,https://cabforum.org/internal-names/,200
rfc9549.xml,https://securitylabs.datadoghq.com/articles/openssl-november-1-vulnerabilities/,200
rfc9549.xml,https://www.rfc-editor.org/info/rfc3490,200
rfc9549.xml,https://www.rfc-editor.org/info/rfc5894,200
rfc9549.xml,https://www.rfc-editor.org/info/rfc8399,200
rfc9549.xml,https://www.unicode.org/reports/tr46,200
rfc9444.xml,https://datatracker.ietf.org/doc/draft-ietf-acme-subdomains-07,200
rfc9444.xml,https://dx.doi.org/10.17487/rfc9444,200
rfc9444.xml,https://www.rfc-editor.org/info/rfc9444,200
rfc9444.xml,https://trustee.ietf.org/license-info,200
rfc9444.xml,https://www.rfc-editor.org/info/rfc2119,200
rfc9444.xml,https://www.rfc-editor.org/info/rfc8174,200
rfc9444.xml,https://www.rfc-editor.org/info/rfc8499,200
rfc9444.xml,https://www.rfc-editor.org/info/rfc8555,200
rfc9444.xml,https://www.iana.org/assignments/acme/,200
rfc9444.xml,https://www.iana.org/assignments/acme/,200
rfc9444.xml,https://cabforum.org/baseline-requirements-documents/,200
rfc9444.xml,https://www.rfc-editor.org/info/rfc819,200
rfc9444.xml,https://www.rfc-editor.org/info/rfc1034,200
rfc9444.xml,https://www.rfc-editor.org/info/rfc2986,200
rfc9444.xml,https://www.rfc-editor.org/info/rfc5280,200
rfc9444.xml,https://www.rfc-editor.org/info/rfc8738,200
rfc8817.xml,https://datatracker.ietf.org/doc/draft-ietf-payload-tsvcis-05,200
rfc8817.xml,https://dx.doi.org/10.17487/rfc8817,200
rfc8817.xml,https://www.rfc-editor.org/info/rfc8817,200
rfc8817.xml,https://trustee.ietf.org/license-info,200
rfc8817.xml,https://www.iana.org/assignments/rtp-parameters,200
rfc8817.xml,https://doi.org/10.21236/ada588068,Connection error: HTTP Error 403: Forbidden
rfc8817.xml,https://www.rfc-editor.org/info/rfc2119,200
rfc8817.xml,https://www.rfc-editor.org/info/rfc2736,200
rfc8817.xml,https://www.rfc-editor.org/info/rfc3264,200
rfc8817.xml,https://www.rfc-editor.org/info/rfc3550,200
rfc8817.xml,https://www.rfc-editor.org/info/rfc3551,200
rfc8817.xml,https://www.rfc-editor.org/info/rfc3711,200
rfc8817.xml,https://www.rfc-editor.org/info/rfc4566,200
rfc8817.xml,https://www.rfc-editor.org/info/rfc4855,200
rfc8817.xml,https://www.rfc-editor.org/info/rfc5124,200
rfc8817.xml,https://www.rfc-editor.org/info/rfc6562,200
rfc8817.xml,https://www.rfc-editor.org/info/rfc6838,200
rfc8817.xml,https://www.rfc-editor.org/info/rfc8083,200
rfc8817.xml,https://www.rfc-editor.org/info/rfc8085,200
rfc8817.xml,https://www.rfc-editor.org/info/rfc8088,200
rfc8817.xml,https://www.rfc-editor.org/info/rfc8130,200
rfc8817.xml,https://www.rfc-editor.org/info/rfc8174,200
rfc8817.xml,https://www.rfc-editor.org/info/rfc4585,200
rfc8817.xml,https://www.rfc-editor.org/info/rfc7201,200
rfc8817.xml,https://www.rfc-editor.org/info/rfc7202,200
rfc8817.xml,https://datatracker.ietf.org/wg/rmcat/about/,200
rfc8947.xml,https://datatracker.ietf.org/doc/draft-ietf-dhc-mac-assign-09,200
rfc8947.xml,https://dx.doi.org/10.17487/rfc8947,200
rfc8947.xml,https://www.rfc-editor.org/info/rfc8947,200
rfc8947.xml,https://trustee.ietf.org/license-info,200
rfc8947.xml,https://www.iana.org/assignments/arp-parameters,200
rfc8947.xml,http://www.iana.org/assignments/dhcpv6-parameters,200
rfc8947.xml,http://www.iana.org/assignments/dhcpv6-parameters,200
rfc8947.xml,https://www.rfc-editor.org/info/rfc2119,200
rfc8947.xml,https://www.rfc-editor.org/info/rfc4861,200
rfc8947.xml,https://www.rfc-editor.org/info/rfc8174,200
rfc8947.xml,https://www.rfc-editor.org/info/rfc8415,200
rfc8947.xml,https://standards.ieee.org/project/802_1CQ.html,Connection error: HTTP Error 403: Forbidden
rfc8947.xml,https://doi.org/10.1109/IEEESTD.2014.6847097,Connection error: HTTP Error 418: Unknown Code
rfc8947.xml,https://doi.org/10.1109/IEEESTD.2016.7786995,Connection error: HTTP Error 418: Unknown Code
rfc8947.xml,https://doi.org/10.1109/IEEESTD.2017.8016709,Connection error: HTTP Error 418: Unknown Code
rfc8947.xml,https://www.rfc-editor.org/info/rfc2464,200
rfc8947.xml,https://www.rfc-editor.org/info/rfc4429,200
rfc8947.xml,https://www.rfc-editor.org/info/rfc5494,200
rfc8947.xml,https://www.rfc-editor.org/info/rfc7227,200
rfc8947.xml,https://www.rfc-editor.org/info/rfc7228,200
rfc8947.xml,https://www.rfc-editor.org/info/rfc7844,200
rfc8947.xml,https://www.rfc-editor.org/info/rfc8200,200
rfc8947.xml,https://www.rfc-editor.org/info/rfc8948,200
rfc9094.xml,https://datatracker.ietf.org/doc/draft-ietf-ccamp-wson-yang-28,200
rfc9094.xml,https://dx.doi.org/10.17487/rfc9094,200
rfc9094.xml,https://www.rfc-editor.org/info/rfc9094,200
rfc9094.xml,https://trustee.ietf.org/license-info,200
rfc9094.xml,https://www.rfc-editor.org/info/rfc6020,200
rfc9094.xml,https://www.rfc-editor.org/info/rfc6241,200
rfc9094.xml,https://www.rfc-editor.org/info/rfc6242,200
rfc9094.xml,https://www.rfc-editor.org/info/rfc7579,200
rfc9094.xml,https://www.rfc-editor.org/info/rfc7581,200
rfc9094.xml,https://www.rfc-editor.org/info/rfc7950,200
rfc9094.xml,https://www.rfc-editor.org/info/rfc8040,200
rfc9094.xml,https://www.rfc-editor.org/info/rfc8340,200
rfc9094.xml,https://www.rfc-editor.org/info/rfc8341,200
rfc9094.xml,https://www.rfc-editor.org/info/rfc8342,200
rfc9094.xml,https://www.rfc-editor.org/info/rfc8345,200
rfc9094.xml,https://www.rfc-editor.org/info/rfc8446,200
rfc9094.xml,https://www.rfc-editor.org/info/rfc8795,200
rfc9094.xml,https://www.rfc-editor.org/info/rfc9093,200
rfc9094.xml,https://datatracker.ietf.org/doc/html/draft-ietf-ccamp-flexigrid-yang-10,200
rfc9094.xml,https://datatracker.ietf.org/doc/html/draft-ietf-ccamp-optical-impairment-topology-yang-07,200
rfc9094.xml,https://www.ietf.org/archive/id/draft-ietf-ccamp-optical-impairment-topology-yang-07.txt,200
rfc9094.xml,https://www.rfc-editor.org/info/rfc3688,200
rfc9094.xml,https://www.rfc-editor.org/info/rfc7446,200
rfc8865.xml,https://datatracker.ietf.org/doc/draft-ietf-mmusic-t140-usage-data-channel-14,200
rfc8865.xml,https://dx.doi.org/10.17487/rfc8865,200
rfc8865.xml,https://www.rfc-editor.org/info/rfc8865,200
rfc8865.xml,https://trustee.ietf.org/license-info,200
rfc8865.xml,https://www.rfc-editor.org/info/rfc2119,200
rfc8865.xml,https://www.rfc-editor.org/info/rfc3264,200
rfc8865.xml,https://www.rfc-editor.org/info/rfc4103,200
rfc8865.xml,https://www.rfc-editor.org/info/rfc4566,200
rfc8865.xml,https://www.rfc-editor.org/info/rfc4960,200
rfc8865.xml,https://www.rfc-editor.org/info/rfc8174,200
rfc8865.xml,https://www.rfc-editor.org/info/rfc8373,200
rfc8865.xml,https://www.rfc-editor.org/info/rfc8826,200
rfc8865.xml,https://www.rfc-editor.org/info/rfc8827,200
rfc8865.xml,https://www.rfc-editor.org/info/rfc8831,200
rfc8865.xml,https://www.rfc-editor.org/info/rfc8864,200
rfc8865.xml,https://www.itu.int/rec/T-REC-T.140-199802-I/en,200
rfc8865.xml,https://www.itu.int/rec/T-REC-T.140-200002-I!Add1/en,200
rfc8865.xml,https://www.rfc-editor.org/info/rfc3261,200
rfc8865.xml,https://www.rfc-editor.org/info/rfc3550,200
rfc8865.xml,https://www.rfc-editor.org/info/rfc8832,200
rfc9507.xml,https://datatracker.ietf.org/doc/draft-irtf-icnrg-icntraceroute-11,200
rfc9507.xml,https://dx.doi.org/10.17487/rfc9507,200
rfc9507.xml,https://www.rfc-editor.org/info/rfc9507,200
rfc9507.xml,https://trustee.ietf.org/license-info,200
rfc9507.xml,https://www.rfc-editor.org/info/rfc2119,200
rfc9507.xml,https://www.rfc-editor.org/info/rfc8174,200
rfc9507.xml,https://www.rfc-editor.org/info/rfc8609,200
rfc9507.xml,https://www.rfc-editor.org/info/rfc8793,200
rfc9507.xml,https://redmine.named-data.net/projects/nfd/wiki/NDNLPv2,200
rfc9507.xml,https://named-data.net/doc/NDN-packet-spec/current/,200
rfc9507.xml,https://dl.acm.org/doi/10.1145/3125719.3125721,Connection error: HTTP Error 403: Forbidden
rfc9507.xml,https://ieeexplore.ieee.org/document/8605992,Connection error: HTTP Error 418: Unknown Code
rfc9507.xml,https://www.rfc-editor.org/info/rfc4648,200
rfc9507.xml,https://www.rfc-editor.org/info/rfc9344,200
rfc9507.xml,https://www.rfc-editor.org/info/rfc9508,200
rfc9507.xml,https://www.rfc-editor.org/info/rfc9531,200
rfc9507.xml,https://ieeexplore.ieee.org/abstract/document/7179398,Connection error: HTTP Error 418: Unknown Code
rfc8889.xml,https://datatracker.ietf.org/doc/draft-ietf-ippm-multipoint-alt-mark-09,200
rfc8889.xml,https://dx.doi.org/10.17487/rfc8889,200
rfc8889.xml,https://www.rfc-editor.org/info/rfc8889,200
rfc8889.xml,https://trustee.ietf.org/license-info,200
rfc8889.xml,https://www.rfc-editor.org/info/rfc5474,200
rfc8889.xml,https://www.rfc-editor.org/info/rfc5475,200
rfc8889.xml,https://www.rfc-editor.org/info/rfc5644,200
rfc8889.xml,https://www.rfc-editor.org/info/rfc8321,200
rfc8889.xml,https://tools.ietf.org/html/draft-mizrahi-ippm-compact-alternate-marking-05,200
rfc8889.xml,http://www.ietf.org/internet-drafts/draft-mizrahi-ippm-compact-alternate-marking-05.txt,Connection error: HTTP Error 404: Not Found
rfc8889.xml,https://tools.ietf.org/html/draft-zhou-ippm-enhanced-alternate-marking-05,200
rfc8889.xml,http://www.ietf.org/internet-drafts/draft-zhou-ippm-enhanced-alternate-marking-05.txt,Connection error: HTTP Error 404: Not Found
rfc8889.xml,https://doi.org/10.1109/TNET.2019.2950157,Connection error: HTTP Error 418: Unknown Code
rfc8889.xml,https://doi.org/10.1109/MNET.2019.1800152,Connection error: HTTP Error 418: Unknown Code
rfc8889.xml,https://tools.ietf.org/html/draft-song-opsawg-ifit-framework-12,200
rfc8889.xml,http://www.ietf.org/internet-drafts/draft-song-opsawg-ifit-framework-12.txt,Connection error: HTTP Error 404: Not Found
rfc8889.xml,https://www.rfc-editor.org/info/rfc7011,200
rfc8889.xml,https://tools.ietf.org/html/draft-ietf-ippm-route-10,200
rfc8889.xml,http://www.ietf.org/internet-drafts/draft-ietf-ippm-route-10.txt,Connection error: HTTP Error 404: Not Found
rfc8971.xml,https://datatracker.ietf.org/doc/draft-ietf-bfd-vxlan-16,200
rfc8971.xml,https://dx.doi.org/10.17487/rfc8971,200
rfc8971.xml,https://www.rfc-editor.org/info/rfc8971,200
rfc8971.xml,https://trustee.ietf.org/license-info,200
rfc8971.xml,https://www.rfc-editor.org/info/rfc1812,200
rfc8971.xml,https://www.rfc-editor.org/info/rfc2119,200
rfc8971.xml,https://www.rfc-editor.org/info/rfc5880,200
rfc8971.xml,https://www.rfc-editor.org/info/rfc5881,200
rfc8971.xml,https://www.rfc-editor.org/info/rfc7348,200
rfc8971.xml,https://www.rfc-editor.org/info/rfc8174,200
rfc8971.xml,https://www.rfc-editor.org/info/rfc8293,200
rfc8971.xml,https://www.rfc-editor.org/info/rfc8365,200
rfc8697.xml,https://datatracker.ietf.org/doc/draft-ietf-pce-association-group-10,200
rfc8697.xml,https://dx.doi.org/10.17487/rfc8697,200
rfc8697.xml,https://www.rfc-editor.org/info/rfc8697,200
rfc8697.xml,https://trustee.ietf.org/license-info,200
rfc8697.xml,https://www.iana.org/assignments/pcep,200
rfc8697.xml,https://www.rfc-editor.org/info/rfc2119,200
rfc8697.xml,https://www.rfc-editor.org/info/rfc5440,200
rfc8697.xml,https://www.rfc-editor.org/info/rfc5511,200
rfc8697.xml,https://www.rfc-editor.org/info/rfc6780,200
rfc8697.xml,https://www.rfc-editor.org/info/rfc7525,200
rfc8697.xml,https://www.rfc-editor.org/info/rfc8051,200
rfc8697.xml,https://www.rfc-editor.org/info/rfc8126,200
rfc8697.xml,https://www.rfc-editor.org/info/rfc8174,200
rfc8697.xml,https://www.rfc-editor.org/info/rfc8231,200
rfc8697.xml,https://www.rfc-editor.org/info/rfc8281,200
rfc8697.xml,https://www.rfc-editor.org/info/rfc4657,200
rfc8697.xml,https://www.rfc-editor.org/info/rfc4872,200
rfc8697.xml,https://www.rfc-editor.org/info/rfc4873,200
rfc8697.xml,https://www.rfc-editor.org/info/rfc6007,200
rfc8697.xml,https://www.rfc-editor.org/info/rfc7551,200
rfc8697.xml,https://www.rfc-editor.org/info/rfc8253,200
rfc8697.xml,https://tools.ietf.org/html/draft-ietf-pce-pcep-yang-13,200
rfc8697.xml,https://tools.ietf.org/html/draft-ietf-pce-stateful-path-protection-11,200
rfc8697.xml,http://www.ietf.org/internet-drafts/draft-ietf-pce-stateful-path-protection-11.txt,Connection error: HTTP Error 404: Not Found
rfc8697.xml,https://tools.ietf.org/html/draft-ietf-pce-association-diversity-14,200
rfc8697.xml,http://www.ietf.org/internet-drafts/draft-ietf-pce-association-diversity-14.txt,Connection error: HTTP Error 404: Not Found
rfc9128.xml,https://datatracker.ietf.org/doc/draft-ietf-pim-yang-17,200
rfc9128.xml,https://dx.doi.org/10.17487/rfc9128,200
rfc9128.xml,https://www.rfc-editor.org/info/rfc9128,200
rfc9128.xml,https://trustee.ietf.org/license-info,200
rfc9128.xml,https://www.rfc-editor.org/info/rfc3569,200
rfc9128.xml,https://www.rfc-editor.org/info/rfc3688,200
rfc9128.xml,https://www.rfc-editor.org/info/rfc3973,200
rfc9128.xml,https://www.rfc-editor.org/info/rfc4607,200
rfc9128.xml,https://www.rfc-editor.org/info/rfc4610,200
rfc9128.xml,https://www.rfc-editor.org/info/rfc5015,200
rfc9128.xml,https://www.rfc-editor.org/info/rfc5059,200
rfc9128.xml,https://www.rfc-editor.org/info/rfc5060,200
rfc9128.xml,https://www.rfc-editor.org/info/rfc6020,200
rfc9128.xml,https://www.rfc-editor.org/info/rfc6241,200
rfc9128.xml,https://www.rfc-editor.org/info/rfc6242,200
rfc9128.xml,https://www.rfc-editor.org/info/rfc6991,200
rfc9128.xml,https://www.rfc-editor.org/info/rfc7761,200
rfc9128.xml,https://www.rfc-editor.org/info/rfc7950,200
rfc9128.xml,https://www.rfc-editor.org/info/rfc8040,200
rfc9128.xml,https://www.rfc-editor.org/info/rfc8294,200
rfc9128.xml,https://www.rfc-editor.org/info/rfc8341,200
rfc9128.xml,https://www.rfc-editor.org/info/rfc8342,200
rfc9128.xml,https://www.rfc-editor.org/info/rfc8343,200
rfc9128.xml,https://www.rfc-editor.org/info/rfc8349,200
rfc9128.xml,https://www.rfc-editor.org/info/rfc8446,200
rfc9128.xml,https://www.rfc-editor.org/info/rfc9314,200
rfc9128.xml,https://www.rfc-editor.org/info/rfc3376,200
rfc9128.xml,https://www.rfc-editor.org/info/rfc3618,200
rfc9128.xml,https://www.rfc-editor.org/info/rfc3810,200
rfc9128.xml,https://www.rfc-editor.org/info/rfc5880,200
rfc9128.xml,https://www.rfc-editor.org/info/rfc6388,200
rfc9128.xml,https://www.rfc-editor.org/info/rfc7951,200
rfc9128.xml,https://www.rfc-editor.org/info/rfc8340,200
rfc9128.xml,https://www.rfc-editor.org/info/rfc8407,200
rfc9128.xml,https://www.rfc-editor.org/info/rfc8706,200
rfc9649.xml,https://datatracker.ietf.org/doc/draft-zern-webp-15,200
rfc9649.xml,https://dx.doi.org/10.17487/rfc9649,200
rfc9649.xml,https://www.rfc-editor.org/info/rfc9649,200
rfc9649.xml,https://trustee.ietf.org/license-info,200
rfc9649.xml,https://www.cipa.jp/std/documents/e/DC-008-2012_E.pdf,Connection error: <urlopen error [SSL: SSLV3_ALERT_HANDSHAKE_FAILURE] sslv3 alert handshake failure (_ssl.c:1006)>
rfc9649.xml,https://www.color.org/specification/ICC1v43_2010-12.pdf,Connection error: HTTP Error 403: Forbidden
rfc9649.xml,https://www.iso.org/standard/74528.html,200
rfc9649.xml,https://www.itu.int/rec/R-REC-BT.601/,200
rfc9649.xml,https://www.rfc-editor.org/info/rfc1166,200
rfc9649.xml,https://www.rfc-editor.org/info/rfc2046,200
rfc9649.xml,https://www.rfc-editor.org/info/rfc2119,200
rfc9649.xml,https://www.rfc-editor.org/info/rfc2781,200
rfc9649.xml,https://www.rfc-editor.org/info/rfc4648,200
rfc9649.xml,https://www.rfc-editor.org/info/rfc5234,200
rfc9649.xml,https://www.rfc-editor.org/info/rfc6386,200
rfc9649.xml,https://www.rfc-editor.org/info/rfc6838,200
rfc9649.xml,https://www.rfc-editor.org/info/rfc7405,200
rfc9649.xml,https://www.rfc-editor.org/info/rfc8174,200
rfc9649.xml,https://www.adobe.com/devnet/xmp.html,200
rfc9649.xml,https://www.w3.org/Graphics/GIF/spec-gif89a.txt,200
rfc9649.xml,https://doi.org/10.1109/JRPROC.1952.273898,Connection error: HTTP Error 418: Unknown Code
rfc9649.xml,https://issues.webmproject.org/issues?q=componentid:1618983%2B%20(%22Restrict-View-Security%22%20OR%20type:vulnerability),200
rfc9649.xml,https://www.w3.org/Graphics/JPEG/itu-t81.pdf,200
rfc9649.xml,https://doi.org/10.1109/TIT.1977.1055714,Connection error: HTTP Error 418: Unknown Code
rfc9649.xml,https://cve.mitre.org/cgi-bin/cvekey.cgi?keyword=libwebp,200
rfc9649.xml,https://web.archive.org/web/20180919181934/http://www.metadataworkinggroup.org/pdf/mwg_guidance.pdf,200
rfc9649.xml,https://www.rfc-editor.org/info/rfc2083,200
rfc9649.xml,https://www.loc.gov/preservation/digital/formats/fdd/fdd000025.shtml,200
rfc9649.xml,https://chromium.googlesource.com/webm/libwebp/+/refs/tags/webp-rfc9649/doc/webp-lossless-bitstream-spec.txt,200
rfc9649.xml,https://developers.google.com/speed/webp/docs/webp_lossless_alpha_study,200
rfc9649.xml,https://chromium.googlesource.com/webm/libwebp/+/refs/tags/webp-rfc9649/doc/webp-container-spec.txt,200
rfc8719.xml,https://datatracker.ietf.org/doc/draft-ietf-mtgvenue-meeting-policy-07,200
rfc8719.xml,https://dx.doi.org/10.17487/rfc8719,200
rfc8719.xml,https://www.rfc-editor.org/info/rfc8719,200
rfc8719.xml,https://trustee.ietf.org/license-info,200
rfc8719.xml,https://www.ietf.org/mailman/listinfo/venue-selection,Connection error: HTTP Error 403: Forbidden
rfc8719.xml,https://www.rfc-editor.org/info/rfc8711,200
rfc8719.xml,https://datatracker.ietf.org/stats/meeting/continent/,200
rfc8719.xml,https://www.ietf.org/proceedings/79/slides/plenaryw-3.pdf,200
rfc8719.xml,https://www.rfc-editor.org/info/rfc8718,200
rfc8869.xml,https://datatracker.ietf.org/doc/draft-ietf-rmcat-wireless-tests-11,200
rfc8869.xml,https://dx.doi.org/10.17487/rfc8869,200
rfc8869.xml,https://www.rfc-editor.org/info/rfc8869,200
rfc8869.xml,https://trustee.ietf.org/license-info,200
rfc8869.xml,http://www.3gpp.org/ftp/specs/archive/25_series/25.814/25814-710.zip,200
rfc8869.xml,https://ieeexplore.ieee.org/document/7786995,Connection error: HTTP Error 418: Unknown Code
rfc8869.xml,https://www.nsnam.org/doxygen/classns3_1_1_yans_wifi_channel.html,Connection error: HTTP Error 404: Not Found
rfc8869.xml,https://www.rfc-editor.org/info/rfc5681,200
rfc8869.xml,https://www.rfc-editor.org/info/rfc8867,200
rfc8869.xml,https://www.rfc-editor.org/info/rfc8868,200
rfc8869.xml,https://ieeexplore.ieee.org/document/1208921,Connection error: HTTP Error 418: Unknown Code
rfc8869.xml,http://www.3gpp.org/ftp/specs/archive/21_series/21.905/21905-940.zip,200
rfc8869.xml,http://www.3gpp.org/ftp/specs/archive/36_series/36.331/36331-990.zip,200
rfc8869.xml,http://www.3gpp.org/ftp/specs/archive/25_series/25.331/25331-990.zip,200
rfc8869.xml,http://nsnam.sourceforge.net/wiki/index.php/Main_Page,Connection error: HTTP Error 404: Not Found
rfc8869.xml,https://www.nsnam.org/,200
rfc8869.xml,http://www.3gpp.org/ftp/specs/archive/23_series/23.203/23203-990.zip,200
rfc8869.xml,https://www.rfc-editor.org/info/rfc2914,200
rfc8716.xml,https://datatracker.ietf.org/doc/draft-ietf-iasa2-rfc7776bis-03,200
rfc8716.xml,https://dx.doi.org/10.17487/rfc8716,200
rfc8716.xml,https://www.rfc-editor.org/info/rfc8716,200
rfc8716.xml,https://trustee.ietf.org/license-info,200
rfc8716.xml,https://www.rfc-editor.org/info/rfc7776,200
rfc8716.xml,https://www.rfc-editor.org/info/rfc8713,200
rfc8716.xml,https://www.rfc-editor.org/info/rfc7437,200
rfc9137.xml,https://datatracker.ietf.org/doc/draft-ietf-shmoo-cancel-meeting-06,200
rfc9137.xml,https://dx.doi.org/10.17487/rfc9137,200
rfc9137.xml,https://www.rfc-editor.org/info/rfc9137,200
rfc9137.xml,https://trustee.ietf.org/license-info,200
rfc9137.xml,https://www.rfc-editor.org/info/rfc2119,200
rfc9137.xml,https://www.rfc-editor.org/info/rfc8174,200
rfc9137.xml,https://www.rfc-editor.org/info/rfc8718,200
rfc9137.xml,https://www.rfc-editor.org/info/rfc8719,200
rfc9074.xml,https://datatracker.ietf.org/doc/draft-ietf-calext-valarm-extensions-07,200
rfc9074.xml,https://dx.doi.org/10.17487/rfc9074,200
rfc9074.xml,https://www.rfc-editor.org/info/rfc9074,200
rfc9074.xml,https://trustee.ietf.org/license-info,200
rfc9074.xml,https://www.iana.org/assignments/icalendar,200
rfc9074.xml,https://www.iana.org/assignments/icalendar,200
rfc9074.xml,https://www.iana.org/assignments/icalendar,200
rfc9074.xml,https://www.rfc-editor.org/info/rfc2119,200
rfc9074.xml,https://www.rfc-editor.org/info/rfc5234,200
rfc9074.xml,https://www.rfc-editor.org/info/rfc5545,200
rfc9074.xml,https://www.rfc-editor.org/info/rfc5870,200
rfc9074.xml,https://www.rfc-editor.org/info/rfc7986,200
rfc9074.xml,https://www.rfc-editor.org/info/rfc8174,200
rfc9074.xml,https://www.rfc-editor.org/info/rfc9073,200
rfc9074.xml,https://www.bluetooth.com/bluetooth-resources/bluetooth-5-        go-faster-go-further/,Connection error: URL can't contain control characters. '/bluetooth-resources/bluetooth-5-        go-faster-go-further/' (found at least ' ')
rfc9074.xml,https://www.rfc-editor.org/info/rfc4791,200
rfc9074.xml,https://www.rfc-editor.org/info/rfc5546,200
rfc9089.xml,https://datatracker.ietf.org/doc/draft-ietf-ospf-mpls-elc-15,200
rfc9089.xml,https://dx.doi.org/10.17487/rfc9089,200
rfc9089.xml,https://www.rfc-editor.org/info/rfc9089,200
rfc9089.xml,https://trustee.ietf.org/license-info,200
rfc9089.xml,https://www.rfc-editor.org/info/rfc2119,200
rfc9089.xml,https://www.rfc-editor.org/info/rfc5340,200
rfc9089.xml,https://www.rfc-editor.org/info/rfc6790,200
rfc9089.xml,https://www.rfc-editor.org/info/rfc7684,200
rfc9089.xml,https://www.rfc-editor.org/info/rfc7752,200
rfc9089.xml,https://www.rfc-editor.org/info/rfc7770,200
rfc9089.xml,https://www.rfc-editor.org/info/rfc8174,200
rfc9089.xml,https://www.rfc-editor.org/info/rfc8362,200
rfc9089.xml,https://www.rfc-editor.org/info/rfc8476,200
rfc9089.xml,https://www.rfc-editor.org/info/rfc8662,200
rfc9089.xml,https://www.rfc-editor.org/info/rfc8814,200
rfc9089.xml,https://www.rfc-editor.org/info/rfc9085,200
rfc9089.xml,https://www.rfc-editor.org/info/rfc9088,200
rfc9089.xml,https://www.rfc-editor.org/info/rfc8660,200
rfc9089.xml,https://www.rfc-editor.org/info/rfc8665,200
rfc9089.xml,https://www.rfc-editor.org/info/rfc8666,200
rfc8846.xml,https://datatracker.ietf.org/doc/draft-ietf-clue-data-model-schema-17,200
rfc8846.xml,https://dx.doi.org/10.17487/rfc8846,200
rfc8846.xml,https://www.rfc-editor.org/info/rfc8846,200
rfc8846.xml,https://trustee.ietf.org/license-info,200
rfc8846.xml,https://www.rfc-editor.org/info/rfc2119,200
rfc8846.xml,https://www.rfc-editor.org/info/rfc5646,200
rfc8846.xml,https://www.rfc-editor.org/info/rfc6351,200
rfc8846.xml,https://www.rfc-editor.org/info/rfc7303,200
rfc8846.xml,https://www.rfc-editor.org/info/rfc7852,200
rfc8846.xml,https://www.rfc-editor.org/info/rfc8126,200
rfc8846.xml,https://www.rfc-editor.org/info/rfc8174,200
rfc8846.xml,https://www.rfc-editor.org/info/rfc8845,200
rfc8846.xml,https://www.rfc-editor.org/info/rfc8847,200
rfc8846.xml,https://www.rfc-editor.org/info/rfc8850,200
rfc8846.xml,https://www.rfc-editor.org/info/rfc3550,200
rfc8846.xml,https://www.rfc-editor.org/info/rfc3688,200
rfc8846.xml,https://www.rfc-editor.org/info/rfc4353,200
rfc8846.xml,https://www.rfc-editor.org/info/rfc6838,200
rfc8846.xml,https://www.rfc-editor.org/info/rfc7667,200
rfc9320.xml,https://datatracker.ietf.org/doc/draft-ietf-detnet-bounded-latency-10,200
rfc9320.xml,https://dx.doi.org/10.17487/rfc9320,200
rfc9320.xml,https://www.rfc-editor.org/info/rfc9320,200
rfc9320.xml,https://trustee.ietf.org/license-info,200
rfc9320.xml,https://ieeexplore.ieee.org/document/8403927,Connection error: HTTP Error 418: Unknown Code
rfc9320.xml,https://www.rfc-editor.org/info/rfc2212,200
rfc9320.xml,https://www.rfc-editor.org/info/rfc2212,200
rfc9320.xml,https://www.rfc-editor.org/info/rfc2475,200
rfc9320.xml,https://www.rfc-editor.org/info/rfc2475,200
rfc9320.xml,https://www.rfc-editor.org/info/rfc6658,200
rfc9320.xml,https://www.rfc-editor.org/info/rfc6658,200
rfc9320.xml,https://www.rfc-editor.org/info/rfc7806,200
rfc9320.xml,https://www.rfc-editor.org/info/rfc7806,200
rfc9320.xml,https://www.rfc-editor.org/info/rfc8655,200
rfc9320.xml,https://www.rfc-editor.org/info/rfc8655,200
rfc9320.xml,https://www.rfc-editor.org/info/rfc8939,200
rfc9320.xml,https://www.rfc-editor.org/info/rfc8939,200
rfc9320.xml,https://www.rfc-editor.org/info/rfc8964,200
rfc9320.xml,https://www.rfc-editor.org/info/rfc8964,200
rfc9320.xml,https://www.rfc-editor.org/info/rfc9016,200
rfc9320.xml,https://www.rfc-editor.org/info/rfc9016,200
rfc9320.xml,https://dl.acm.org/citation.cfm?id=581870,Connection error: HTTP Error 403: Forbidden
rfc9320.xml,https://link.springer.com/chapter/10.1007/3-540-39939-9_1,200
rfc9320.xml,https://ieeexplore.ieee.org/document/7520408,Connection error: HTTP Error 418: Unknown Code
rfc9320.xml,https://datatracker.ietf.org/doc/html/draft-ietf-detnet-controller-plane-framework-02,200
rfc9320.xml,https://www.ietf.org/archive/id/draft-ietf-detnet-controller-plane-framework-02.txt,200
rfc9320.xml,https://ieeexplore.ieee.org/document/4579760,Connection error: HTTP Error 418: Unknown Code
rfc9320.xml,https://ieeexplore.ieee.org/document/9253013,Connection error: HTTP Error 418: Unknown Code
rfc9320.xml,https://1.ieee802.org/tsn/,Connection error: HTTP Error 403: Forbidden
rfc9320.xml,http://ieeexplore.ieee.org/document/8457469,Connection error: HTTP Error 418: Unknown Code
rfc9320.xml,https://ieeexplore.ieee.org/document/8519761,Connection error: HTTP Error 418: Unknown Code
rfc9320.xml,https://leboudec.github.io/netcal/latex/netCalBook.pdf,200
rfc9320.xml,https://ieeexplore.ieee.org/document/9640523,Connection error: HTTP Error 418: Unknown Code
rfc9320.xml,https://www.rfc-editor.org/info/rfc2697,200
rfc9320.xml,https://www.rfc-editor.org/info/rfc2697,200
rfc9320.xml,https://www.rfc-editor.org/info/rfc3552,200
rfc9320.xml,https://www.rfc-editor.org/info/rfc3552,200
rfc9320.xml,https://www.rfc-editor.org/info/rfc8578,200
rfc9320.xml,https://www.rfc-editor.org/info/rfc8578,200
rfc9320.xml,https://www.rfc-editor.org/info/rfc9023,200
rfc9320.xml,https://www.rfc-editor.org/info/rfc9023,200
rfc9320.xml,https://www.rfc-editor.org/info/rfc9055,200
rfc9320.xml,https://www.rfc-editor.org/info/rfc9055,200
rfc9320.xml,https://dl.acm.org/doi/10.1145/2997465.2997470,Connection error: HTTP Error 403: Forbidden
rfc9320.xml,https://ieeexplore.ieee.org/abstract/document/7557870,Connection error: HTTP Error 418: Unknown Code
rfc9320.xml,https://dl.acm.org/doi/10.1145/3393691.3394206,Connection error: HTTP Error 403: Forbidden
rfc9320.xml,https://ieeexplore.ieee.org/document/8493026,Connection error: HTTP Error 418: Unknown Code
rfc8952.xml,https://datatracker.ietf.org/doc/draft-ietf-capport-architecture-10,200
rfc8952.xml,https://dx.doi.org/10.17487/rfc8952,200
rfc8952.xml,https://www.rfc-editor.org/info/rfc8952,200
rfc8952.xml,https://trustee.ietf.org/license-info,200
rfc8952.xml,https://www.rfc-editor.org/info/rfc2119,200
rfc8952.xml,https://www.rfc-editor.org/info/rfc2818,200
rfc8952.xml,https://www.rfc-editor.org/info/rfc6125,200
rfc8952.xml,https://www.rfc-editor.org/info/rfc7556,200
rfc8952.xml,https://www.rfc-editor.org/info/rfc8174,200
rfc8952.xml,https://www.rfc-editor.org/info/rfc8910,200
rfc8952.xml,https://tools.ietf.org/html/draft-pfister-capport-pvd-00,200
rfc8952.xml,https://www.ietf.org/internet-drafts/draft-pfister-capport-pvd-00.txt,Connection error: HTTP Error 404: Not Found
rfc8952.xml,https://www.rfc-editor.org/info/rfc3986,200
rfc8952.xml,https://www.rfc-editor.org/info/rfc4213,200
rfc8952.xml,https://www.rfc-editor.org/info/rfc8499,200
rfc8952.xml,https://www.rfc-editor.org/info/rfc8908,200
rfc9686.xml,https://datatracker.ietf.org/doc/draft-ietf-dhc-addr-notification-13,200
rfc9686.xml,https://dx.doi.org/10.17487/rfc9686,200
rfc9686.xml,https://www.rfc-editor.org/info/rfc9686,200
rfc9686.xml,https://trustee.ietf.org/license-info,200
rfc9686.xml,http://www.iana.org/assignments/dhcpv6-parameters,200
rfc9686.xml,https://www.rfc-editor.org/info/rfc2119,200
rfc9686.xml,https://www.rfc-editor.org/info/rfc2131,200
rfc9686.xml,https://www.rfc-editor.org/info/rfc4007,200
rfc9686.xml,https://www.rfc-editor.org/info/rfc4193,200
rfc9686.xml,https://www.rfc-editor.org/info/rfc4704,200
rfc9686.xml,https://www.rfc-editor.org/info/rfc4862,200
rfc9686.xml,https://www.rfc-editor.org/info/rfc6939,200
rfc9686.xml,https://www.rfc-editor.org/info/rfc7844,200
rfc9686.xml,https://www.rfc-editor.org/info/rfc8174,200
rfc9686.xml,https://www.rfc-editor.org/info/rfc8415,200
rfc9686.xml,https://www.rfc-editor.org/info/rfc9131,200
rfc9686.xml,https://www.rfc-editor.org/info/rfc4861,200
rfc9686.xml,https://www.rfc-editor.org/info/rfc6620,200
rfc9374.xml,https://datatracker.ietf.org/doc/draft-ietf-drip-rid-37,200
rfc9374.xml,https://dx.doi.org/10.17487/rfc9374,200
rfc9374.xml,https://www.rfc-editor.org/info/rfc9374,200
rfc9374.xml,https://trustee.ietf.org/license-info,200
rfc9374.xml,http://dx.doi.org/10.6028/nist.fips.202,200
rfc9374.xml,http://dx.doi.org/10.6028/nist.sp.800-185,200
rfc9374.xml,https://www.rfc-editor.org/info/rfc2119,200
rfc9374.xml,https://www.rfc-editor.org/info/rfc6890,200
rfc9374.xml,https://www.rfc-editor.org/info/rfc7343,200
rfc9374.xml,https://www.rfc-editor.org/info/rfc7401,200
rfc9374.xml,https://www.rfc-editor.org/info/rfc8005,200
rfc9374.xml,https://www.rfc-editor.org/info/rfc8032,200
rfc9374.xml,https://www.rfc-editor.org/info/rfc8126,200
rfc9374.xml,https://www.rfc-editor.org/info/rfc8174,200
rfc9374.xml,https://www.rfc-editor.org/info/rfc9373,200
rfc9374.xml,https://mailarchive.ietf.org/arch/msg/cfrg/tAJJq60W6TlUv7_pde5cw5TDTCU/,200
rfc9374.xml,https://www.sesarju.eu/node/3411,200
rfc9374.xml,https://shop.cta.tech/products/small-unmanned-aerial-systems-serial-numbers,200
rfc9374.xml,https://datatracker.ietf.org/doc/html/draft-ietf-drip-arch-31,200
rfc9374.xml,https://datatracker.ietf.org/doc/html/draft-ietf-drip-auth-29,200
rfc9374.xml,https://datatracker.ietf.org/doc/html/draft-ietf-drip-registries-07,200
rfc9374.xml,https://www.astm.org/f3411-22a.html,200
rfc9374.xml,https://www.govinfo.gov/content/pkg/FR-2021-01-15/pdf/2020-28948.pdf,200
rfc9374.xml,https://www.iana.org/assignments/drip,200
rfc9374.xml,https://www.iana.org/assignments/cga-message-types,200
rfc9374.xml,https://www.iana.org/assignments/hip-parameters,200
rfc9374.xml,https://www.iana.org/assignments/iana-ipv6-special-registry/,200
rfc9374.xml,https://keccak.team/index.html,200
rfc9374.xml,https://www.rfc-editor.org/info/rfc3972,200
rfc9374.xml,https://www.rfc-editor.org/info/rfc4025,200
rfc9374.xml,https://www.rfc-editor.org/info/rfc4034,200
rfc9374.xml,https://www.rfc-editor.org/info/rfc4122,200
rfc9374.xml,https://www.rfc-editor.org/info/rfc4303,200
rfc9374.xml,https://www.rfc-editor.org/info/rfc5280,200
rfc9374.xml,https://www.rfc-editor.org/info/rfc8004,200
rfc9374.xml,https://www.rfc-editor.org/info/rfc8200,200
rfc9374.xml,https://www.rfc-editor.org/info/rfc9063,200
rfc9374.xml,https://www.rfc-editor.org/info/rfc9153,200
rfc9374.xml,https://www.rfc-editor.org/info/rfc9224,200
rfc9457.xml,https://datatracker.ietf.org/doc/draft-ietf-httpapi-rfc7807bis-07,200
rfc9457.xml,https://dx.doi.org/10.17487/rfc9457,200
rfc9457.xml,https://www.rfc-editor.org/info/rfc9457,200
rfc9457.xml,https://trustee.ietf.org/license-info,200
rfc9457.xml,https://iana.org/assignments/http-problem-types#,200
rfc9457.xml,https://iana.org/assignments/http-problem-types,200
rfc9457.xml,https://www.rfc-editor.org/info/rfc5234,200
rfc9457.xml,https://www.rfc-editor.org/info/rfc9110,200
rfc9457.xml,https://www.rfc-editor.org/info/rfc8259,200
rfc9457.xml,https://www.rfc-editor.org/info/rfc2119,200
rfc9457.xml,https://www.rfc-editor.org/info/rfc8126,200
rfc9457.xml,https://www.rfc-editor.org/info/rfc8174,200
rfc9457.xml,https://www.rfc-editor.org/info/rfc3986,200
rfc9457.xml,https://www.w3.org/TR/2008/REC-xml-20081126/,200
rfc9457.xml,https://www.rfc-editor.org/info/rfc6694,200
rfc9457.xml,https://html.spec.whatwg.org,200
rfc9457.xml,https://www.iso.org/standard/52348.html,200
rfc9457.xml,https://www.rfc-editor.org/info/rfc6901,200
rfc9457.xml,https://datatracker.ietf.org/doc/html/draft-bhutton-json-schema-01,200
rfc9457.xml,https://www.w3.org/TR/2015/REC-rdfa-core-20150317/,200
rfc9457.xml,https://www.rfc-editor.org/info/rfc7807,200
rfc9457.xml,https://www.rfc-editor.org/info/rfc4151,200
rfc9457.xml,https://www.rfc-editor.org/info/rfc8288,200
rfc9457.xml,https://www.w3.org/TR/2010/REC-xml-stylesheet-20101028/,200
rfc9456.xml,https://datatracker.ietf.org/doc/draft-ietf-opsawg-tlstm-update-15,200
rfc9456.xml,https://dx.doi.org/10.17487/rfc9456,200
rfc9456.xml,https://www.rfc-editor.org/info/rfc9456,200
rfc9456.xml,https://trustee.ietf.org/license-info,200
rfc9456.xml,https://www.rfc-editor.org/info/rfc1123,200
rfc9456.xml,https://www.rfc-editor.org/info/rfc2119,200
rfc9456.xml,https://www.rfc-editor.org/info/rfc3410,200
rfc9456.xml,https://www.rfc-editor.org/info/rfc5280,200
rfc9456.xml,https://www.rfc-editor.org/info/rfc5890,200
rfc9456.xml,https://www.rfc-editor.org/info/rfc5952,200
rfc9456.xml,https://www.rfc-editor.org/info/rfc6353,200
rfc9456.xml,https://www.rfc-editor.org/info/rfc8174,200
rfc9456.xml,https://www.rfc-editor.org/info/rfc8446,200
rfc9456.xml,https://www.rfc-editor.org/info/std58,200
rfc9456.xml,https://www.rfc-editor.org/info/rfc2578,200
rfc9456.xml,https://www.rfc-editor.org/info/rfc2579,200
rfc9456.xml,https://www.rfc-editor.org/info/rfc2580,200
rfc9456.xml,https://www.rfc-editor.org/info/std62,200
rfc9456.xml,https://www.rfc-editor.org/info/rfc3411,200
rfc9456.xml,https://www.rfc-editor.org/info/rfc3412,200
rfc9456.xml,https://www.rfc-editor.org/info/rfc3413,200
rfc9456.xml,https://www.rfc-editor.org/info/rfc3414,200
rfc9456.xml,https://www.rfc-editor.org/info/rfc3415,200
rfc9456.xml,https://www.rfc-editor.org/info/rfc3416,200
rfc9456.xml,https://www.rfc-editor.org/info/rfc3417,200
rfc9456.xml,https://www.rfc-editor.org/info/rfc3418,200
rfc9456.xml,https://www.rfc-editor.org/info/rfc5246,200
rfc9456.xml,https://www.rfc-editor.org/info/rfc5591,200
rfc9456.xml,https://www.rfc-editor.org/info/rfc5953,200
rfc9456.xml,https://www.rfc-editor.org/info/rfc8126,200
rfc9456.xml,https://www.rfc-editor.org/info/rfc8422,200
rfc9456.xml,https://www.rfc-editor.org/info/rfc8447,200
rfc9456.xml,https://www.rfc-editor.org/info/rfc8996,200
rfc9456.xml,https://www.rfc-editor.org/info/rfc9147,200
rfc9456.xml,https://www.rfc-editor.org/info/rfc9150,200
rfc9456.xml,https://www.rfc-editor.org/info/rfc9325,200
rfc8948.xml,https://datatracker.ietf.org/doc/draft-ietf-dhc-slap-quadrant-12,200
rfc8948.xml,https://dx.doi.org/10.17487/rfc8948,200
rfc8948.xml,https://www.rfc-editor.org/info/rfc8948,200
rfc8948.xml,https://trustee.ietf.org/license-info,200
rfc8948.xml,http://www.iana.org/assignments/dhcpv6-parameters,200
rfc8948.xml,https://www.rfc-editor.org/info/rfc2119,200
rfc8948.xml,https://www.rfc-editor.org/info/rfc8174,200
rfc8948.xml,https://www.rfc-editor.org/info/rfc8415,200
rfc8948.xml,https://www.rfc-editor.org/info/rfc8947,200
rfc8948.xml,https://standards.ieee.org/project/802_1CQ.html,Connection error: HTTP Error 403: Forbidden
rfc8948.xml,https://doi.org/10.1109/IEEESTD.2014.6847097,Connection error: HTTP Error 418: Unknown Code
rfc8948.xml,https://doi.org/10.1109/IEEESTD.2017.8016709,Connection error: HTTP Error 418: Unknown Code
rfc8948.xml,https://www.rfc-editor.org/info/rfc7227,200
rfc8948.xml,https://www.rfc-editor.org/info/rfc7228,200
rfc8948.xml,https://www.rfc-editor.org/info/rfc7548,200
rfc8948.xml,https://www.rfc-editor.org/info/rfc8200,200
rfc9278.xml,https://datatracker.ietf.org/doc/draft-ietf-oauth-jwk-thumbprint-uri-03,200
rfc9278.xml,https://dx.doi.org/10.17487/rfc9278,200
rfc9278.xml,https://www.rfc-editor.org/info/rfc9278,200
rfc9278.xml,https://trustee.ietf.org/license-info,200
rfc9278.xml,http://www.iana.org/assignments/oauth-parameters,200
rfc9278.xml,https://www.rfc-editor.org/info/rfc2119,200
rfc9278.xml,https://www.rfc-editor.org/info/rfc7638,200
rfc9278.xml,https://www.rfc-editor.org/info/rfc8174,200
rfc9278.xml,https://www.w3.org/TR/2021/PR-did-core-20210803/,200
rfc9278.xml,https://www.iana.org/assignments/named-information,200
rfc9278.xml,https://www.rfc-editor.org/info/rfc6755,200
rfc9278.xml,https://www.rfc-editor.org/info/rfc7517,200
rfc9278.xml,https://www.rfc-editor.org/info/rfc7519,200
rfc9278.xml,https://www.rfc-editor.org/info/rfc7748,200
rfc9278.xml,https://openid.net/specs/openid-connect-self-issued-v2-1_0.html,200
rfc8785.xml,https://datatracker.ietf.org/doc/draft-rundgren-json-canonicalization-scheme-17,200
rfc8785.xml,https://dx.doi.org/10.17487/rfc8785,200
rfc8785.xml,https://www.rfc-editor.org/info/rfc8785,200
rfc8785.xml,https://trustee.ietf.org/license-info,200
rfc8785.xml,https://www.ecma-international.org/ecma-262/10.0/index.html,200
rfc8785.xml,https://ieeexplore.ieee.org/document/8766229,Connection error: HTTP Error 418: Unknown Code
rfc8785.xml,https://www.rfc-editor.org/info/rfc2119,200
rfc8785.xml,https://www.rfc-editor.org/info/rfc7493,200
rfc8785.xml,https://www.rfc-editor.org/info/rfc8174,200
rfc8785.xml,https://www.rfc-editor.org/info/rfc8259,200
rfc8785.xml,https://www.unicode.org/reports/tr15/,200
rfc8785.xml,https://www.unicode.org/versions/latest/,200
rfc8785.xml,https://tools.ietf.org/html/draft-rundgren-comparable-json-04,200
rfc8785.xml,http://www.ietf.org/internet-drafts/draft-rundgren-comparable-json-04.txt,Connection error: HTTP Error 404: Not Found
rfc8785.xml,https://keybase.io/docs/api/1.0/canonical_packings,200
rfc8785.xml,https://nodejs.org,200
rfc8785.xml,https://www.openapis.org/,200
rfc8785.xml,https://www.rfc-editor.org/info/rfc4648,200
rfc8785.xml,https://www.rfc-editor.org/info/rfc7515,200
rfc8785.xml,https://www.rfc-editor.org/info/rfc7638,200
rfc8785.xml,https://github.com/ulfjack/ryu,200
rfc8785.xml,https://v8.dev/,200
rfc8785.xml,https://www.w3.org/TR/xmldsig-core1/,200
rfc8785.xml,https://www.npmjs.com/package/canonicalize,200
rfc8785.xml,https://github.com/erdtman/java-json-canonicalization,200
rfc8785.xml,https://github.com/cyberphone/json-canonicalization/tree/master/go,200
rfc8785.xml,https://github.com/cyberphone/json-canonicalization/tree/master/dotnet,200
rfc8785.xml,https://github.com/cyberphone/json-canonicalization/tree/master/python3,200
rfc8785.xml,https://tools.ietf.org/html/draft-staykov-hu-json-canonical-form-00,200
rfc8785.xml,https://gibson042.github.io/canonicaljson-spec/,200
rfc8785.xml,http://wiki.laptop.org/go/Canonical_JSON,200
rfc8785.xml,https://github.com/cyberphone/ietf-json-canon,200
rfc8785.xml,https://github.com/cyberphone/json-canonicalization,200
rfc8929.xml,https://datatracker.ietf.org/doc/draft-ietf-6lo-backbone-router-20,200
rfc8929.xml,https://dx.doi.org/10.17487/rfc8929,200
rfc8929.xml,https://www.rfc-editor.org/info/rfc8929,200
rfc8929.xml,https://trustee.ietf.org/license-info,200
rfc8929.xml,https://www.rfc-editor.org/info/rfc2119,200
rfc8929.xml,https://www.rfc-editor.org/info/rfc4291,200
rfc8929.xml,https://www.rfc-editor.org/info/rfc4429,200
rfc8929.xml,https://www.rfc-editor.org/info/rfc4861,200
rfc8929.xml,https://www.rfc-editor.org/info/rfc4862,200
rfc8929.xml,https://www.rfc-editor.org/info/rfc6059,200
rfc8929.xml,https://www.rfc-editor.org/info/rfc6775,200
rfc8929.xml,https://www.rfc-editor.org/info/rfc7048,200
rfc8929.xml,https://www.rfc-editor.org/info/rfc7559,200
rfc8929.xml,https://www.rfc-editor.org/info/rfc7772,200
rfc8929.xml,https://www.rfc-editor.org/info/rfc8174,200
rfc8929.xml,https://www.rfc-editor.org/info/rfc8200,200
rfc8929.xml,https://www.rfc-editor.org/info/rfc8201,200
rfc8929.xml,https://www.rfc-editor.org/info/rfc8505,200
rfc8929.xml,https://tools.ietf.org/html/draft-ietf-6tisch-architecture-29,200
rfc8929.xml,https://www.ietf.org/internet-drafts/draft-ietf-6tisch-architecture-29.txt,Connection error: HTTP Error 404: Not Found
rfc8929.xml,https://tools.ietf.org/html/draft-nordmark-6man-dad-approaches-02,200
rfc8929.xml,https://www.ietf.org/internet-drafts/draft-nordmark-6man-dad-approaches-02.txt,Connection error: HTTP Error 404: Not Found
rfc8929.xml,https://tools.ietf.org/html/draft-yourtchenko-6man-dad-issues-01,200
rfc8929.xml,https://www.ietf.org/internet-drafts/draft-yourtchenko-6man-dad-issues-01.txt,Connection error: HTTP Error 404: Not Found
rfc8929.xml,https://ieeexplore.ieee.org/document/7786995,Connection error: HTTP Error 418: Unknown Code
rfc8929.xml,https://ieeexplore.ieee.org/document/1490827,Connection error: HTTP Error 418: Unknown Code
rfc8929.xml,https://ieeexplore.ieee.org/document/6012487,Connection error: HTTP Error 418: Unknown Code
rfc8929.xml,https://ieeexplore.ieee.org/document/8403927,Connection error: HTTP Error 418: Unknown Code
rfc8929.xml,https://tools.ietf.org/html/draft-ietf-mboned-ieee802-mcast-problems-12,200
rfc8929.xml,https://www.ietf.org/internet-drafts/draft-ietf-mboned-ieee802-mcast-problems-12.txt,Connection error: HTTP Error 404: Not Found
rfc8929.xml,https://www.rfc-editor.org/info/rfc4271,200
rfc8929.xml,https://www.rfc-editor.org/info/rfc4389,200
rfc8929.xml,https://www.rfc-editor.org/info/rfc4903,200
rfc8929.xml,https://www.rfc-editor.org/info/rfc5340,200
rfc8929.xml,https://www.rfc-editor.org/info/rfc5415,200
rfc8929.xml,https://www.rfc-editor.org/info/rfc6275,200
rfc8929.xml,https://www.rfc-editor.org/info/rfc6550,200
rfc8929.xml,https://www.rfc-editor.org/info/rfc6606,200
rfc8929.xml,https://www.rfc-editor.org/info/rfc6830,200
rfc8929.xml,https://www.rfc-editor.org/info/rfc7432,200
rfc8929.xml,https://www.rfc-editor.org/info/rfc8273,200
rfc8929.xml,https://www.rfc-editor.org/info/rfc8928,200
rfc8929.xml,https://tools.ietf.org/html/draft-ietf-rift-rift-12,200
rfc8929.xml,https://www.ietf.org/internet-drafts/draft-ietf-rift-rift-12.txt,Connection error: HTTP Error 404: Not Found
rfc8929.xml,https://tools.ietf.org/html/draft-ietf-roll-unaware-leaves-23,200
rfc8929.xml,https://www.ietf.org/internet-drafts/draft-ietf-roll-unaware-leaves-23.txt,Connection error: HTTP Error 404: Not Found
rfc8929.xml,https://tools.ietf.org/html/draft-ietf-6man-rs-refresh-02,200
rfc8929.xml,https://www.ietf.org/internet-drafts/draft-ietf-6man-rs-refresh-02.txt,Connection error: HTTP Error 404: Not Found
rfc8929.xml,https://tools.ietf.org/html/draft-bi-savi-wlan-20,200
rfc8929.xml,https://www.ietf.org/internet-drafts/draft-bi-savi-wlan-20.txt,Connection error: HTTP Error 404: Not Found
rfc8929.xml,https://tools.ietf.org/html/draft-thubert-6lo-unicast-lookup-00,200
rfc8929.xml,https://www.ietf.org/internet-drafts/draft-thubert-6lo-unicast-lookup-00.txt,Connection error: HTTP Error 404: Not Found
rfc8860.xml,https://datatracker.ietf.org/doc/draft-ietf-avtcore-multi-media-rtp-session-13,200
rfc8860.xml,https://dx.doi.org/10.17487/rfc8860,200
rfc8860.xml,https://www.rfc-editor.org/info/rfc8860,200
rfc8860.xml,https://trustee.ietf.org/license-info,200
rfc8860.xml,https://www.rfc-editor.org/info/rfc2119,200
rfc8860.xml,https://www.rfc-editor.org/info/rfc3550,200
rfc8860.xml,https://www.rfc-editor.org/info/rfc3551,200
rfc8860.xml,https://www.rfc-editor.org/info/rfc8108,200
rfc8860.xml,https://www.rfc-editor.org/info/rfc8174,200
rfc8860.xml,https://www.rfc-editor.org/info/rfc8843,200
rfc8860.xml,https://tools.ietf.org/html/draft-lennox-payload-ulp-ssrc-mux-00,200
rfc8860.xml,http://www.ietf.org/internet-drafts/draft-lennox-payload-ulp-ssrc-mux-00.txt,Connection error: HTTP Error 404: Not Found
rfc8860.xml,https://www.rfc-editor.org/info/rfc2198,200
rfc8860.xml,https://www.rfc-editor.org/info/rfc2733,200
rfc8860.xml,https://www.rfc-editor.org/info/rfc3556,200
rfc8860.xml,https://www.rfc-editor.org/info/rfc4566,200
rfc8860.xml,https://www.rfc-editor.org/info/rfc4585,200
rfc8860.xml,https://www.rfc-editor.org/info/rfc4588,200
rfc8860.xml,https://www.rfc-editor.org/info/rfc4756,200
rfc8860.xml,https://www.rfc-editor.org/info/rfc5109,200
rfc8860.xml,https://www.rfc-editor.org/info/rfc5576,200
rfc8860.xml,https://www.rfc-editor.org/info/rfc5888,200
rfc8860.xml,https://www.rfc-editor.org/info/rfc5956,200
rfc8860.xml,https://www.rfc-editor.org/info/rfc6466,200
rfc8860.xml,https://www.rfc-editor.org/info/rfc7160,200
rfc8860.xml,https://www.rfc-editor.org/info/rfc7201,200
rfc8860.xml,https://www.rfc-editor.org/info/rfc7202,200
rfc8860.xml,https://www.rfc-editor.org/info/rfc7656,200
rfc8860.xml,https://www.rfc-editor.org/info/rfc7657,200
rfc8860.xml,https://www.rfc-editor.org/info/rfc8872,200
rfc9405.xml,https://dx.doi.org/10.17487/rfc9405,200
rfc9405.xml,https://datatracker.ietf.org/doc/draft-chatgpt-aisdp-00,200
rfc9405.xml,https://www.rfc-editor.org/info/rfc9405,200
rfc9405.xml,https://trustee.ietf.org/license-info,200
rfc9405.xml,https://www.rfc-editor.org/info/rfc5424,200
rfc9405.xml,https://www.rfc-editor.org/info/rfc8446,200
rfc9405.xml,https://www.rfc-editor.org/info/rfc9110,200
rfc9405.xml,https://www.rfc-editor.org/info/rfc9113,200
rfc8882.xml,https://datatracker.ietf.org/doc/draft-ietf-dnssd-prireq-08,200
rfc8882.xml,https://dx.doi.org/10.17487/rfc8882,200
rfc8882.xml,https://www.rfc-editor.org/info/rfc8882,200
rfc8882.xml,https://trustee.ietf.org/license-info,200
rfc8882.xml,https://www.rfc-editor.org/info/rfc6762,200
rfc8882.xml,https://www.rfc-editor.org/info/rfc6763,200
rfc8882.xml,https://tools.ietf.org/html/draft-ietf-tls-esni-07,200
rfc8882.xml,https://www.ietf.org/internet-drafts/draft-ietf-tls-esni-07.txt,Connection error: HTTP Error 404: Not Found
rfc8882.xml,https://nbn-resolving.de/urn:nbn:de:bsz:352-0-422757,200
rfc8882.xml,https://ieeexplore.ieee.org/xpl/articleDetails.jsp?arnumber=7011331,Connection error: HTTP Error 418: Unknown Code
rfc8882.xml,https://ieeexplore.ieee.org/xpl/articleDetails.jsp?arnumber=7056899,Connection error: HTTP Error 418: Unknown Code
rfc8882.xml,https://www.rfc-editor.org/info/rfc1033,200
rfc8882.xml,https://www.rfc-editor.org/info/rfc1034,200
rfc8882.xml,https://www.rfc-editor.org/info/rfc1035,200
rfc8882.xml,https://www.rfc-editor.org/info/rfc2782,200
rfc8882.xml,https://www.rfc-editor.org/info/rfc3927,200
rfc8882.xml,https://www.rfc-editor.org/info/rfc4291,200
rfc8882.xml,https://www.rfc-editor.org/info/rfc5054,200
rfc8882.xml,https://www.rfc-editor.org/info/rfc7558,200
rfc8882.xml,https://www.rfc-editor.org/info/rfc7844,200
rfc8882.xml,https://www.rfc-editor.org/info/rfc8117,200
rfc8882.xml,https://www.rfc-editor.org/info/rfc8235,200
rfc8882.xml,https://www.rfc-editor.org/info/rfc8236,200
rfc8882.xml,http://stuartcheshire.org/SleepProxy/index.html,200
rfc8882.xml,https://tools.ietf.org/html/draft-ietf-dnssd-srp-04,200
rfc8882.xml,https://www.ietf.org/internet-drafts/draft-ietf-dnssd-srp-04.txt,Connection error: HTTP Error 404: Not Found
rfc9188.xml,https://datatracker.ietf.org/doc/draft-zhu-intarea-gma-14,200
rfc9188.xml,https://dx.doi.org/10.17487/rfc9188,200
rfc9188.xml,https://www.rfc-editor.org/info/rfc9188,200
rfc9188.xml,https://trustee.ietf.org/license-info,200
rfc9188.xml,https://www.rfc-editor.org/info/rfc2890,200
rfc9188.xml,https://www.rfc-editor.org/info/rfc8157,200
rfc9188.xml,https://www.rfc-editor.org/info/rfc2119,200
rfc9188.xml,https://www.rfc-editor.org/info/rfc8174,200
rfc9188.xml,https://portal.3gpp.org/desktopmodules/Specifications/SpecificationDetails.aspx?specificationId=3254,Connection error: HTTP Error 403: Forbidden: Access is denied.
rfc9188.xml,https://datatracker.ietf.org/doc/html/draft-ietf-rmcat-gcc-02,200
rfc9188.xml,https://datatracker.ietf.org/doc/html/draft-zhu-intarea-gma-control-00,200
rfc9188.xml,https://www.ietf.org/archive/id/draft-zhu-intarea-gma-control-00.txt,200
rfc9188.xml,https://www.iana.org/assignments/protocol-numbers,200
rfc9188.xml,https://web.archive.org/web/19990203044112/http://www.isi.edu:80/in-notes/iana/assignments/protocol-numbers,200
rfc9188.xml,https://portal.3gpp.org/desktopmodules/Specifications/SpecificationDetails.aspx?specificationId=3037,Connection error: HTTP Error 403: Forbidden: Access is denied.
rfc9188.xml,https://www.rfc-editor.org/info/rfc8743,200
rfc9188.xml,https://eeweb.engineering.nyu.edu/faculty/yongliu/docs/MPIP_Tech.pdf,Connection error: <urlopen error [SSL: CERTIFICATE_VERIFY_FAILED] certificate verify failed: unable to get local issuer certificate (_ssl.c:1006)>
rfc9188.xml,https://www.rfc-editor.org/info/rfc791,200
rfc9188.xml,https://www.rfc-editor.org/info/rfc8900,200
rfc9057.xml,https://datatracker.ietf.org/doc/draft-crocker-email-author-04,200
rfc9057.xml,https://dx.doi.org/10.17487/rfc9057,200
rfc9057.xml,https://www.rfc-editor.org/info/rfc9057,200
rfc9057.xml,https://trustee.ietf.org/license-info,200
rfc9057.xml,https://www.rfc-editor.org/info/rfc5234,200
rfc9057.xml,https://www.rfc-editor.org/info/rfc5598,200
rfc9057.xml,https://www.rfc-editor.org/info/rfc5322,200
rfc9057.xml,https://www.rfc-editor.org/info/rfc2119,200
rfc9057.xml,https://www.rfc-editor.org/info/rfc3864,200
rfc9057.xml,https://www.rfc-editor.org/info/rfc8174,200
rfc9057.xml,https://www.rfc-editor.org/info/rfc3501,200
rfc9057.xml,https://www.rfc-editor.org/info/rfc5703,200
rfc9057.xml,https://www.rfc-editor.org/info/rfc733,200
rfc9426.xml,https://datatracker.ietf.org/doc/draft-irtf-nwcrg-bats-07,200
rfc9426.xml,https://dx.doi.org/10.17487/rfc9426,200
rfc9426.xml,https://www.rfc-editor.org/info/rfc9426,200
rfc9426.xml,https://trustee.ietf.org/license-info,200
rfc9426.xml,https://www.rfc-editor.org/info/rfc2119,200
rfc9426.xml,https://www.rfc-editor.org/info/rfc8174,200
rfc9426.xml,https://www.rfc-editor.org/info/rfc8406,200
rfc9426.xml,https://www.rfc-editor.org/info/rfc8682,200
rfc9426.xml,https://doi.org/10.1007/978-3-642-01957-9_18,200
rfc9426.xml,https://doi.org/10.1145/3405656.3418710,Connection error: HTTP Error 403: Forbidden
rfc9426.xml,https://doi.org/10.1109/ICC40277.2020.9148834,Connection error: HTTP Error 418: Unknown Code
rfc9426.xml,https://doi.org/10.1109/INFCOM.2009.5062146,Connection error: HTTP Error 418: Unknown Code
rfc9426.xml,https://doi.org/10.1109/TIT.2002.807285,Connection error: HTTP Error 418: Unknown Code
rfc9426.xml,https://www.rfc-editor.org/info/rfc6330,200
rfc9426.xml,https://www.rfc-editor.org/info/rfc9265,200
rfc9426.xml,https://doi.org/10.1109/OCEANSE.2019.8867299,Connection error: HTTP Error 418: Unknown Code
rfc9426.xml,https://en.wikipedia.org/w/index.php?title=Trusted_Computing&oldid=1151565594,200
rfc9426.xml,https://doi.org/10.1109/TIT.2014.2334315,Connection error: HTTP Error 418: Unknown Code
rfc9426.xml,https://doi.org/10.1109/CNS.2015.7346860,Connection error: HTTP Error 418: Unknown Code
rfc9426.xml,https://doi.org/10.1109/ISIT.2019.8849277,Connection error: HTTP Error 418: Unknown Code
rfc9426.xml,https://doi.org/10.3390/e22070790,200
rfc9426.xml,https://doi.org/10.1109/INFOCOM.2008.199,Connection error: HTTP Error 418: Unknown Code
rfc9426.xml,https://doi.org/10.1016/j.comnet.2015.11.008,200
rfc9426.xml,https://doi.org/10.1109/ISIT.2007.4557283,Connection error: HTTP Error 418: Unknown Code
rfc8673.xml,https://datatracker.ietf.org/doc/draft-ietf-httpbis-rand-access-live-04,200
rfc8673.xml,https://dx.doi.org/10.17487/rfc8673,200
rfc8673.xml,https://www.rfc-editor.org/info/rfc8673,200
rfc8673.xml,https://trustee.ietf.org/license-info,200
rfc8673.xml,https://www.rfc-editor.org/info/rfc5234,200
rfc8673.xml,https://www.rfc-editor.org/info/rfc7230,200
rfc8673.xml,https://www.rfc-editor.org/info/rfc7233,200
rfc8673.xml,https://www.rfc-editor.org/info/rfc7234,200
rfc8673.xml,https://www.iso.org/standard/75485.html,200
rfc8673.xml,https://www.rfc-editor.org/info/rfc8216,200
rfc9450.xml,https://datatracker.ietf.org/doc/draft-ietf-raw-use-cases-11,200
rfc9450.xml,https://dx.doi.org/10.17487/rfc9450,200
rfc9450.xml,https://www.rfc-editor.org/info/rfc9450,200
rfc9450.xml,https://trustee.ietf.org/license-info,200
rfc9450.xml,https://datatracker.ietf.org/doc/html/draft-ietf-6tisch-terminology-10,200
rfc9450.xml,https://store.aci.aero/product/annual-world-airport-traffic-report-2019/,200
rfc9450.xml,https://www.sae.org/standards/content/arinc858p1/,Connection error: HTTP Error 403: Forbidden
rfc9450.xml,https://revista.dgt.es/es/reportajes/2021/01ENERO/0126-Como-funciona-un-operativo-con-drones.shtml,200
rfc9450.xml,https://www.wired.com/2015/03/disney-magicband/,200
rfc9450.xml,https://www.odva.org/technology-standards/key-technologies/ethernet-ip/,Connection error: HTTP Error 403: Forbidden
rfc9450.xml,https://www.faa.gov/nextgen/,200
rfc9450.xml,https://doi.org/10.1109/ACCESS.2021.3098109,Connection error: HTTP Error 418: Unknown Code
rfc9450.xml,https://doi.org/10.1016/j.ssci.2020.104791,200
rfc9450.xml,https://www.iata.org/en/iata-repository/publications/economic-reports/airline-industry-economic-performance---november-2020---report/,Connection error: HTTP Error 403: Forbidden
rfc9450.xml,https://www.ldacs.com/wp-content/uploads/2023/03/WP06.AppA-DCIWG-6-LDACS_SARPs.pdf,200
rfc9450.xml,https://doi.org/10.1109/IEEESTD.2020.9121845,Connection error: HTTP Error 418: Unknown Code
rfc9450.xml,https://www.ieee802.org/1/files/public/docs2020/new-Cavalcanti-802-1TSN-over-802-11-1120-v02.pdf,200
rfc9450.xml,https://www.isa.org/isa100/,200
rfc9450.xml,https://doi.org/10.1109/HUMANOIDS.2012.6651623,Connection error: HTTP Error 418: Unknown Code
rfc9450.xml,https://doi.org/10.1109/MCOM.2019.1800570,Connection error: HTTP Error 418: Unknown Code
rfc9450.xml,https://doi.org/10.1016/j.ijcip.2022.100549,200
rfc9450.xml,https://www.odva.org/,Connection error: HTTP Error 403: Forbidden
rfc9450.xml,https://doi.org/10.1109/MCOM.2014.6815902,Connection error: HTTP Error 418: Unknown Code
rfc9450.xml,https://us.profinet.com/technology/profinet/,Connection error: HTTP Error 403: Forbidden
rfc9450.xml,https://datatracker.ietf.org/doc/html/draft-ietf-raw-industrial-requirements-00,200
rfc9450.xml,https://datatracker.ietf.org/doc/html/draft-ietf-raw-technologies-08,200
rfc9450.xml,https://www.rfc-editor.org/info/rfc2475,200
rfc9450.xml,https://www.rfc-editor.org/info/rfc7554,200
rfc9450.xml,https://www.rfc-editor.org/info/rfc8557,200
rfc9450.xml,https://www.rfc-editor.org/info/rfc8578,200
rfc9450.xml,https://www.rfc-editor.org/info/rfc8655,200
rfc9450.xml,https://www.rfc-editor.org/info/rfc9030,200
rfc9450.xml,https://www.rfc-editor.org/info/rfc9055,200
rfc9450.xml,https://www.rfc-editor.org/info/rfc9317,200
rfc9450.xml,https://www.rfc-editor.org/info/rfc9372,200
rfc9450.xml,https://www.sesarju.eu/,200
rfc8922.xml,https://datatracker.ietf.org/doc/draft-ietf-taps-transport-security-12,200
rfc8922.xml,https://dx.doi.org/10.17487/rfc8922,200
rfc8922.xml,https://www.rfc-editor.org/info/rfc8922,200
rfc8922.xml,https://trustee.ietf.org/license-info,200
rfc8922.xml,https://cloud.google.com/security/encryption-in-transit/application-layer-transport-security/,200
rfc8922.xml,https://curvecp.org/,200
rfc8922.xml,https://tools.ietf.org/html/draft-ietf-tls-dtls13-38,200
rfc8922.xml,https://www.ietf.org/internet-drafts/draft-ietf-tls-dtls13-38.txt,Connection error: HTTP Error 404: Not Found
rfc8922.xml,https://dl.acm.org/citation.cfm?id=2516737,Connection error: HTTP Error 403: Forbidden
rfc8922.xml,https://openvpn.net/community-resources/openvpn-cryptographic-layer/,Connection error: HTTP Error 403: Forbidden
rfc8922.xml,https://tools.ietf.org/html/draft-ietf-quic-tls-31,200
rfc8922.xml,https://www.ietf.org/internet-drafts/draft-ietf-quic-tls-31.txt,Connection error: HTTP Error 404: Not Found
rfc8922.xml,https://tools.ietf.org/html/draft-ietf-quic-transport-31,200
rfc8922.xml,https://www.ietf.org/internet-drafts/draft-ietf-quic-transport-31.txt,Connection error: HTTP Error 404: Not Found
rfc8922.xml,https://www.rfc-editor.org/info/rfc2385,200
rfc8922.xml,https://www.rfc-editor.org/info/rfc2890,200
rfc8922.xml,https://www.rfc-editor.org/info/rfc3711,200
rfc8922.xml,https://www.rfc-editor.org/info/rfc3748,200
rfc8922.xml,https://www.rfc-editor.org/info/rfc4253,200
rfc8922.xml,https://www.rfc-editor.org/info/rfc4302,200
rfc8922.xml,https://www.rfc-editor.org/info/rfc4303,200
rfc8922.xml,https://www.rfc-editor.org/info/rfc4555,200
rfc8922.xml,https://www.rfc-editor.org/info/rfc4571,200
rfc8922.xml,https://www.rfc-editor.org/info/rfc5246,200
rfc8922.xml,https://www.rfc-editor.org/info/rfc5641,200
rfc8922.xml,https://www.rfc-editor.org/info/rfc5764,200
rfc8922.xml,https://www.rfc-editor.org/info/rfc5925,200
rfc8922.xml,https://www.rfc-editor.org/info/rfc6189,200
rfc8922.xml,https://www.rfc-editor.org/info/rfc6347,200
rfc8922.xml,https://www.rfc-editor.org/info/rfc7296,200
rfc8922.xml,https://www.rfc-editor.org/info/rfc7301,200
rfc8922.xml,https://www.rfc-editor.org/info/rfc7850,200
rfc8922.xml,https://www.rfc-editor.org/info/rfc8095,200
rfc8922.xml,https://www.rfc-editor.org/info/rfc8229,200
rfc8922.xml,https://www.rfc-editor.org/info/rfc8446,200
rfc8922.xml,https://www.rfc-editor.org/info/rfc8547,200
rfc8922.xml,https://www.rfc-editor.org/info/rfc8548,200
rfc8922.xml,https://tools.ietf.org/html/draft-ietf-taps-arch-08,200
rfc8922.xml,https://www.ietf.org/internet-drafts/draft-ietf-taps-arch-08.txt,Connection error: HTTP Error 404: Not Found
rfc8922.xml,https://tools.ietf.org/html/draft-ietf-taps-interface-09,200
rfc8922.xml,https://www.ietf.org/internet-drafts/draft-ietf-taps-interface-09.txt,Connection error: HTTP Error 404: Not Found
rfc8922.xml,https://www.wireguard.com/papers/wireguard.pdf,200
rfc9508.xml,https://datatracker.ietf.org/doc/draft-irtf-icnrg-icnping-12,200
rfc9508.xml,https://dx.doi.org/10.17487/rfc9508,200
rfc9508.xml,https://www.rfc-editor.org/info/rfc9508,200
rfc9508.xml,https://trustee.ietf.org/license-info,200
rfc9508.xml,https://www.rfc-editor.org/info/rfc2119,200
rfc9508.xml,https://www.rfc-editor.org/info/rfc8174,200
rfc9508.xml,https://www.rfc-editor.org/info/rfc8569,200
rfc9508.xml,https://www.rfc-editor.org/info/rfc8609,200
rfc9508.xml,https://www.rfc-editor.org/info/rfc8793,200
rfc9508.xml,https://redmine.named-data.net/projects/nfd/wiki/NDNLPv2,200
rfc9508.xml,https://named-data.net/doc/NDN-packet-spec/current/,200
rfc9508.xml,https://dl.acm.org/doi/10.1145/3125719.3125721,Connection error: HTTP Error 403: Forbidden
rfc9508.xml,https://ieeexplore.ieee.org/document/8605992,Connection error: HTTP Error 418: Unknown Code
rfc9508.xml,https://www.rfc-editor.org/info/rfc4648,200
rfc9508.xml,https://www.rfc-editor.org/info/rfc8126,200
rfc9508.xml,https://www.rfc-editor.org/info/rfc9344,200
rfc9508.xml,https://www.rfc-editor.org/info/rfc9531,200
rfc9508.xml,https://ieeexplore.ieee.org/abstract/document/7179398,Connection error: HTTP Error 418: Unknown Code
rfc9146.xml,https://datatracker.ietf.org/doc/draft-ietf-tls-dtls-connection-id-13,200
rfc9146.xml,https://dx.doi.org/10.17487/rfc9146,200
rfc9146.xml,https://www.rfc-editor.org/info/rfc9146,200
rfc9146.xml,https://trustee.ietf.org/license-info,200
rfc9146.xml,https://www.rfc-editor.org/info/rfc2119,200
rfc9146.xml,https://www.rfc-editor.org/info/rfc6347,200
rfc9146.xml,https://www.rfc-editor.org/info/rfc7366,200
rfc9146.xml,https://www.rfc-editor.org/info/rfc8174,200
rfc9146.xml,https://www.rfc-editor.org/info/rfc8446,200
rfc9146.xml,https://datatracker.ietf.org/doc/html/draft-ietf-tls-dtls-rrc-05,200
rfc9146.xml,https://datatracker.ietf.org/doc/html/draft-ietf-tls-dtls13-43,200
rfc9146.xml,https://www.ietf.org/archive/id/draft-ietf-tls-dtls13-43.txt,200
rfc9146.xml,https://www.rfc-editor.org/info/rfc6973,200
rfc9248.xml,https://datatracker.ietf.org/doc/draft-ietf-rum-rue-11,200
rfc9248.xml,https://dx.doi.org/10.17487/rfc9248,200
rfc9248.xml,https://www.rfc-editor.org/info/rfc9248,200
rfc9248.xml,https://trustee.ietf.org/license-info,200
rfc9248.xml,https://www.iana.org/assignments/language-subtag-registry,200
rfc9248.xml,https://spec.openapis.org/oas/v3.0.1,200
rfc9248.xml,https://www.rfc-editor.org/info/rfc2119,200
rfc9248.xml,https://www.rfc-editor.org/info/rfc2392,200
rfc9248.xml,https://www.rfc-editor.org/info/rfc3261,200
rfc9248.xml,https://www.rfc-editor.org/info/rfc3263,200
rfc9248.xml,https://www.rfc-editor.org/info/rfc3264,200
rfc9248.xml,https://www.rfc-editor.org/info/rfc3311,200
rfc9248.xml,https://www.rfc-editor.org/info/rfc3323,200
rfc9248.xml,https://www.rfc-editor.org/info/rfc3326,200
rfc9248.xml,https://www.rfc-editor.org/info/rfc3327,200
rfc9248.xml,https://www.rfc-editor.org/info/rfc3458,200
rfc9248.xml,https://www.rfc-editor.org/info/rfc3515,200
rfc9248.xml,https://www.rfc-editor.org/info/rfc3605,200
rfc9248.xml,https://www.rfc-editor.org/info/rfc3840,200
rfc9248.xml,https://www.rfc-editor.org/info/rfc3842,200
rfc9248.xml,https://www.rfc-editor.org/info/rfc3891,200
rfc9248.xml,https://www.rfc-editor.org/info/rfc3892,200
rfc9248.xml,https://www.rfc-editor.org/info/rfc3960,200
rfc9248.xml,https://www.rfc-editor.org/info/rfc3966,200
rfc9248.xml,https://www.rfc-editor.org/info/rfc4102,200
rfc9248.xml,https://www.rfc-editor.org/info/rfc4103,200
rfc9248.xml,https://www.rfc-editor.org/info/rfc4488,200
rfc9248.xml,https://www.rfc-editor.org/info/rfc4585,200
rfc9248.xml,https://www.rfc-editor.org/info/rfc4733,200
rfc9248.xml,https://www.rfc-editor.org/info/rfc4967,200
rfc9248.xml,https://www.rfc-editor.org/info/rfc5104,200
rfc9248.xml,https://www.rfc-editor.org/info/rfc5168,200
rfc9248.xml,https://www.rfc-editor.org/info/rfc5393,200
rfc9248.xml,https://www.rfc-editor.org/info/rfc5626,200
rfc9248.xml,https://www.rfc-editor.org/info/rfc5658,200
rfc9248.xml,https://www.rfc-editor.org/info/rfc5954,200
rfc9248.xml,https://www.rfc-editor.org/info/rfc6263,200
rfc9248.xml,https://www.rfc-editor.org/info/rfc6351,200
rfc9248.xml,https://www.rfc-editor.org/info/rfc6352,200
rfc9248.xml,https://www.rfc-editor.org/info/rfc6442,200
rfc9248.xml,https://www.rfc-editor.org/info/rfc6665,200
rfc9248.xml,https://www.rfc-editor.org/info/rfc6764,200
rfc9248.xml,https://www.rfc-editor.org/info/rfc6881,200
rfc9248.xml,https://www.rfc-editor.org/info/rfc7525,200
rfc9248.xml,https://www.rfc-editor.org/info/rfc7647,200
rfc9248.xml,https://www.rfc-editor.org/info/rfc7742,200
rfc9248.xml,https://www.rfc-editor.org/info/rfc7852,200
rfc9248.xml,https://www.rfc-editor.org/info/rfc7874,200
rfc9248.xml,https://www.rfc-editor.org/info/rfc8174,200
rfc9248.xml,https://www.rfc-editor.org/info/rfc8445,200
rfc9248.xml,https://www.rfc-editor.org/info/rfc8446,200
rfc9248.xml,https://www.rfc-editor.org/info/rfc8599,200
rfc9248.xml,https://www.rfc-editor.org/info/rfc8760,200
rfc9248.xml,https://www.rfc-editor.org/info/rfc8825,200
rfc9248.xml,https://www.rfc-editor.org/info/rfc8827,200
rfc9248.xml,https://www.rfc-editor.org/info/rfc8829,200
rfc9248.xml,https://www.rfc-editor.org/info/rfc8834,200
rfc9248.xml,https://www.rfc-editor.org/info/rfc8835,200
rfc9248.xml,https://www.rfc-editor.org/info/rfc8839,200
rfc9248.xml,https://www.rfc-editor.org/info/rfc8865,200
rfc9248.xml,https://www.rfc-editor.org/info/rfc8866,200
rfc9248.xml,https://www.rfc-editor.org/info/rfc9071,200
rfc9248.xml,https://www.rfc-editor.org/info/rfc9110,200
rfc9248.xml,https://www.rfc-editor.org/info/rfc9112,200
rfc9248.xml,https://www.rfc-editor.org/info/rfc3665,200
rfc9248.xml,https://www.rfc-editor.org/info/rfc8126,200
rfc9107.xml,https://datatracker.ietf.org/doc/draft-ietf-idr-bgp-optimal-route-reflection-28,200
rfc9107.xml,https://dx.doi.org/10.17487/rfc9107,200
rfc9107.xml,https://www.rfc-editor.org/info/rfc9107,200
rfc9107.xml,https://trustee.ietf.org/license-info,200
rfc9107.xml,https://www.rfc-editor.org/info/rfc2119,200
rfc9107.xml,https://www.rfc-editor.org/info/rfc4271,200
rfc9107.xml,https://www.rfc-editor.org/info/rfc4456,200
rfc9107.xml,https://www.rfc-editor.org/info/rfc7911,200
rfc9107.xml,https://www.rfc-editor.org/info/rfc8174,200
rfc9107.xml,https://www.rfc-editor.org/info/rfc2328,200
rfc9107.xml,https://www.rfc-editor.org/info/rfc4364,200
rfc9107.xml,https://www.rfc-editor.org/info/rfc5340,200
rfc9107.xml,https://www.rfc-editor.org/info/rfc7752,200
rfc9107.xml,https://www.rfc-editor.org/info/rfc7947,200
rfc9623.xml,https://datatracker.ietf.org/doc/draft-ietf-taps-impl-18,200
rfc9623.xml,https://dx.doi.org/10.17487/rfc9623,200
rfc9623.xml,https://www.rfc-editor.org/info/rfc9623,200
rfc9623.xml,https://trustee.ietf.org/license-info,200
rfc9623.xml,https://www.rfc-editor.org/info/rfc7413,200
rfc9623.xml,https://www.rfc-editor.org/info/rfc8303,200
rfc9623.xml,https://www.rfc-editor.org/info/rfc8304,200
rfc9623.xml,https://www.rfc-editor.org/info/rfc8305,200
rfc9623.xml,https://www.rfc-editor.org/info/rfc8421,200
rfc9623.xml,https://www.rfc-editor.org/info/rfc8446,200
rfc9623.xml,https://www.rfc-editor.org/info/rfc8923,200
rfc9623.xml,https://www.rfc-editor.org/info/rfc9113,200
rfc9623.xml,https://www.rfc-editor.org/info/rfc9621,200
rfc9623.xml,https://www.rfc-editor.org/info/rfc9622,200
rfc9623.xml,https://ieeexplore.ieee.org/document/8264876,Connection error: HTTP Error 418: Unknown Code
rfc9623.xml,https://www.rfc-editor.org/info/rfc1928,200
rfc9623.xml,https://www.rfc-editor.org/info/rfc2782,200
rfc9623.xml,https://www.rfc-editor.org/info/rfc3124,200
rfc9623.xml,https://www.rfc-editor.org/info/rfc3207,200
rfc9623.xml,https://www.rfc-editor.org/info/rfc6525,200
rfc9623.xml,https://www.rfc-editor.org/info/rfc6762,200
rfc9623.xml,https://www.rfc-editor.org/info/rfc6763,200
rfc9623.xml,https://www.rfc-editor.org/info/rfc7657,200
rfc9623.xml,https://www.rfc-editor.org/info/rfc8085,200
rfc9623.xml,https://www.rfc-editor.org/info/rfc8260,200
rfc9623.xml,https://www.rfc-editor.org/info/rfc8445,200
rfc9623.xml,https://www.rfc-editor.org/info/rfc8489,200
rfc9623.xml,https://www.rfc-editor.org/info/rfc8656,200
rfc9623.xml,https://www.rfc-editor.org/info/rfc9000,200
rfc9623.xml,https://www.rfc-editor.org/info/rfc9040,200
rfc9623.xml,https://www.rfc-editor.org/info/rfc9110,200
rfc9623.xml,https://www.rfc-editor.org/info/rfc9460,200
rfc9623.xml,https://ieeexplore.ieee.org/document/8406887,Connection error: HTTP Error 418: Unknown Code
rfc9623.xml,https://developer.apple.com/documentation/network,200
rfc9623.xml,https://github.com/NEAT-project/neat,200
rfc9623.xml,https://archive.softwareheritage.org/swh:1:dir:737820840f83c4ec9493a8c0cc89b3159e2e1a57;origin=https://github.com/NEAT-project/neat;visit=swh:1:snp:bbb611b04e355439d47e426e8ad5d07cdbf647e0;anchor=swh:1:rev:652ee991043ce3560a6e5715fa2a5c211139d15c,200
rfc9623.xml,https://github.com/theagilepadawan/NEATPy,200
rfc9623.xml,https://archive.softwareheritage.org/swh:1:dir:295ccd148cf918ccb9ed7ad14b5ae968a8d2c370;origin=https://github.com/theagilepadawan/NEATPy;visit=swh:1:snp:6e1a3a9dd4c532ba6c0f52c8f734c1256a06cedc;anchor=swh:1:rev:cd0788d7f7f34a0e9b8654516da7c002c44d2e95,200
rfc9623.xml,https://github.com/fg-inet/python-asyncio-taps,200
rfc9623.xml,https://archive.softwareheritage.org/swh:1:dir:a7151096d91352b439b092ef116d04f38e52e556;origin=https://github.com/fg-inet/python-asyncio-taps;visit=swh:1:snp:4841e59b53b28bb385726e7d3a569bee0fea7fc4;anchor=swh:1:rev:63571fd7545da25142bc1a6371b8f13097cba38e,200
rfc9680.xml,https://datatracker.ietf.org/doc/draft-halpern-gendispatch-antitrust-09,200
rfc9680.xml,https://dx.doi.org/10.17487/rfc9680,200
rfc9680.xml,https://www.rfc-editor.org/info/rfc9680,200
rfc9680.xml,https://trustee.ietf.org/license-info,200
rfc9680.xml,https://www.ietf.org/about/groups/iesg/iesg-coi-policy/,200
rfc9680.xml,https://www.iab.org/about/conflict-of-interest-policy/,Connection error: HTTP Error 403: Forbidden
rfc9680.xml,https://www.ietf.org/administration/policies-procedures/conflict-interest/,200
rfc9680.xml,https://www.rfc-editor.org/info/bcp9,200
rfc9680.xml,https://www.rfc-editor.org/info/rfc2026,200
rfc9680.xml,https://www.rfc-editor.org/info/rfc5657,200
rfc9680.xml,https://www.rfc-editor.org/info/rfc6410,200
rfc9680.xml,https://www.rfc-editor.org/info/rfc7100,200
rfc9680.xml,https://www.rfc-editor.org/info/rfc7127,200
rfc9680.xml,https://www.rfc-editor.org/info/rfc7475,200
rfc9680.xml,https://www.rfc-editor.org/info/rfc8789,200
rfc9680.xml,https://www.rfc-editor.org/info/rfc9282,200
rfc9680.xml,https://www.rfc-editor.org/info/bcp25,200
rfc9680.xml,https://www.rfc-editor.org/info/rfc2418,200
rfc9680.xml,https://www.rfc-editor.org/info/rfc3934,200
rfc9680.xml,https://www.rfc-editor.org/info/rfc7776,200
rfc9680.xml,https://www.rfc-editor.org/info/rfc8716,200
rfc9680.xml,https://www.rfc-editor.org/info/bcp54,200
rfc9680.xml,https://www.rfc-editor.org/info/rfc7154,200
rfc9680.xml,https://www.rfc-editor.org/info/bcp78,200
rfc9680.xml,https://www.rfc-editor.org/info/rfc5378,200
rfc9680.xml,https://www.rfc-editor.org/info/bcp79,200
rfc9680.xml,https://www.rfc-editor.org/info/rfc8179,200
rfc9680.xml,https://www.justice.gov/atr/mission,200
rfc9680.xml,https://commission.europa.eu/about-european-commission/departments-and-executive-agencies/competition_en,200
rfc9680.xml,https://www.ietf.org/blog/ietf-llc-statement-competition-law-issues/,200
rfc9680.xml,https://www.ietf.org/administration/policies-procedures/whistleblower/,200
rfc9550.xml,https://datatracker.ietf.org/doc/draft-ietf-detnet-pof-11,200
rfc9550.xml,https://dx.doi.org/10.17487/rfc9550,200
rfc9550.xml,https://www.rfc-editor.org/info/rfc9550,200
rfc9550.xml,https://trustee.ietf.org/license-info,200
rfc9550.xml,https://www.rfc-editor.org/info/rfc8655,200
rfc9550.xml,https://www.rfc-editor.org/info/rfc9055,200
rfc9550.xml,https://standards.ieee.org/standard/802_1CB-2017.html,Connection error: HTTP Error 403: Forbidden
rfc9550.xml,https://standards.ieee.org/ieee/802.1CBcv/7285/,Connection error: HTTP Error 403: Forbidden
rfc9062.xml,https://datatracker.ietf.org/doc/draft-ietf-bess-evpn-oam-req-frmwk-10,200
rfc9062.xml,https://dx.doi.org/10.17487/rfc9062,200
rfc9062.xml,https://www.rfc-editor.org/info/rfc9062,200
rfc9062.xml,https://trustee.ietf.org/license-info,200
rfc9062.xml,https://www.rfc-editor.org/info/rfc792,200
rfc9062.xml,https://www.rfc-editor.org/info/rfc2119,200
rfc9062.xml,https://www.rfc-editor.org/info/rfc4443,200
rfc9062.xml,https://www.rfc-editor.org/info/rfc5880,200
rfc9062.xml,https://www.rfc-editor.org/info/rfc5881,200
rfc9062.xml,https://www.rfc-editor.org/info/rfc5883,200
rfc9062.xml,https://www.rfc-editor.org/info/rfc5884,200
rfc9062.xml,https://www.rfc-editor.org/info/rfc6291,200
rfc9062.xml,https://www.rfc-editor.org/info/rfc6425,200
rfc9062.xml,https://www.rfc-editor.org/info/rfc6428,200
rfc9062.xml,https://www.rfc-editor.org/info/rfc7432,200
rfc9062.xml,https://www.rfc-editor.org/info/rfc7623,200
rfc9062.xml,https://www.rfc-editor.org/info/rfc8029,200
rfc9062.xml,https://www.rfc-editor.org/info/rfc8174,200
rfc9062.xml,https://doi.org/10.1109/IEEESTD.2014.6991462,Connection error: HTTP Error 418: Unknown Code
rfc9062.xml,https://doi.org/10.1109/IEEESTD.2018.8457469,Connection error: HTTP Error 418: Unknown Code
rfc9062.xml,https://www.rfc-editor.org/info/rfc2544,200
rfc9062.xml,https://www.rfc-editor.org/info/rfc2681,200
rfc9062.xml,https://www.rfc-editor.org/info/rfc3393,200
rfc9062.xml,https://www.rfc-editor.org/info/rfc5085,200
rfc9062.xml,https://www.rfc-editor.org/info/rfc6136,200
rfc9062.xml,https://www.rfc-editor.org/info/rfc6632,200
rfc9062.xml,https://www.rfc-editor.org/info/rfc6673,200
rfc9062.xml,https://www.rfc-editor.org/info/rfc7679,200
rfc9062.xml,https://www.rfc-editor.org/info/rfc7680,200
rfc8731.xml,https://datatracker.ietf.org/doc/draft-ietf-curdle-ssh-curves-12,200
rfc8731.xml,https://dx.doi.org/10.17487/rfc8731,200
rfc8731.xml,https://www.rfc-editor.org/info/rfc8731,200
rfc8731.xml,https://trustee.ietf.org/license-info,200
rfc8731.xml,https://www.rfc-editor.org/info/rfc2119,200
rfc8731.xml,https://www.rfc-editor.org/info/rfc4250,200
rfc8731.xml,https://www.rfc-editor.org/info/rfc4251,200
rfc8731.xml,https://www.rfc-editor.org/info/rfc4253,200
rfc8731.xml,https://www.rfc-editor.org/info/rfc5656,200
rfc8731.xml,https://www.rfc-editor.org/info/rfc8174,200
rfc8731.xml,https://nvlpubs.nist.gov/nistpubs/FIPS/NIST.FIPS.180-4.pdf,200
rfc8731.xml,https://www.iana.org/assignments/ssh-parameters/,200
rfc8731.xml,https://www.iana.org/assignments/ssh-parameters/,200
rfc8731.xml,https://www.libssh.org/,200
rfc8731.xml,https://www.openssh.com/,200
rfc8731.xml,https://www.rfc-editor.org/info/rfc6234,200
rfc8731.xml,https://www.rfc-editor.org/info/rfc7748,200
rfc9043.xml,https://datatracker.ietf.org/doc/draft-ietf-cellar-ffv1-20,200
rfc9043.xml,https://dx.doi.org/10.17487/rfc9043,200
rfc9043.xml,https://www.rfc-editor.org/info/rfc9043,200
rfc9043.xml,https://trustee.ietf.org/license-info,200
rfc9043.xml,https://github.com/FFmpeg/FFV1/blob/8ad772b6d61c3dd8b0171979a2cd9f11924d5532/ffv1.lyx,200
rfc9043.xml,https://www.rfc-editor.org/info/rfc2119,200
rfc9043.xml,https://www.rfc-editor.org/info/rfc4732,200
rfc9043.xml,https://www.rfc-editor.org/info/rfc4855,200
rfc9043.xml,https://www.rfc-editor.org/info/rfc6838,200
rfc9043.xml,https://www.rfc-editor.org/info/rfc8174,200
rfc9043.xml,https://clang.llvm.org/docs/AddressSanitizer.html,200
rfc9043.xml,https://docs.microsoft.com/en-us/windows/win32/directshow/avi-riff-file-reference,200
rfc9043.xml,https://github.com/dwbuiten/go-ffv1,200
rfc9043.xml,https://git.videolan.org/?p=ffmpeg.git;a=commit;h=b548f2b91b701e1235608ac882ea6df915167c7e,200
rfc9043.xml,https://git.videolan.org/?p=ffmpeg.git;a=commit;h=68f8d33becbd73b4d0aa277f472a6e8e72ea6849,200
rfc9043.xml,https://git.videolan.org/?p=ffmpeg.git;a=commit;h=abe76b851c05eea8743f6c899cbe5f7409b0f301,200
rfc9043.xml,https://web.archive.org/web/20040402121343/http://cultact-server.novi.dk/kpo/huffyuv/huffyuv.html,200
rfc9043.xml,https://datatracker.ietf.org/doc/html/draft-ietf-cellar-matroska-07,200
rfc9043.xml,https://www.ietf.org/archive/id/draft-ietf-cellar-matroska-07.txt,200
rfc9043.xml,https://mediaarea.net/MediaConch,200
rfc9043.xml,https://ffmpeg.org/~michael/nut.txt,200
rfc9043.xml,https://ffmpeg.org/doxygen/trunk/ffv1_8h.html,200
rfc9043.xml,https://www.rfc-editor.org/info/rfc6716,200
rfc9043.xml,https://valgrind.org/,200
rfc9043.xml,https://en.wikipedia.org/w/index.php?title=YCbCr&oldid=1025097882,200
rfc8854.xml,https://datatracker.ietf.org/doc/draft-ietf-rtcweb-fec-10,200
rfc8854.xml,https://dx.doi.org/10.17487/rfc8854,200
rfc8854.xml,https://www.rfc-editor.org/info/rfc8854,200
rfc8854.xml,https://trustee.ietf.org/license-info,200
rfc8854.xml,https://www.rfc-editor.org/info/rfc2119,200
rfc8854.xml,https://www.rfc-editor.org/info/rfc2198,200
rfc8854.xml,https://www.rfc-editor.org/info/rfc3264,200
rfc8854.xml,https://www.rfc-editor.org/info/rfc4867,200
rfc8854.xml,https://www.rfc-editor.org/info/rfc5956,200
rfc8854.xml,https://www.rfc-editor.org/info/rfc7587,200
rfc8854.xml,https://www.rfc-editor.org/info/rfc8174,200
rfc8854.xml,https://www.rfc-editor.org/info/rfc8627,200
rfc8854.xml,http://www.3gpp.org/ftp/Specs/html-info/26114.htm,Connection error: HTTP Error 403: Forbidden: Access is denied.
rfc8854.xml,http://lists.xiph.org/pipermail/opus/2013-January/001904.html,200
rfc8854.xml,https://www.rfc-editor.org/info/rfc3550,200
rfc8854.xml,https://www.rfc-editor.org/info/rfc3711,200
rfc8854.xml,https://www.rfc-editor.org/info/rfc4588,200
rfc8854.xml,https://www.rfc-editor.org/info/rfc5109,200
rfc8854.xml,https://www.rfc-editor.org/info/rfc5391,200
rfc8854.xml,https://www.rfc-editor.org/info/rfc5763,200
rfc8854.xml,https://www.rfc-editor.org/info/rfc5764,200
rfc8854.xml,https://www.rfc-editor.org/info/rfc6386,200
rfc8854.xml,https://www.rfc-editor.org/info/rfc6464,200
rfc8854.xml,https://www.rfc-editor.org/info/rfc6465,200
rfc8854.xml,https://www.rfc-editor.org/info/rfc6716,200
rfc8854.xml,https://www.rfc-editor.org/info/rfc8831,200
rfc8854.xml,https://www.rfc-editor.org/info/rfc8843,200
rfc8934.xml,https://datatracker.ietf.org/doc/draft-ietf-pce-stateful-pce-lsp-scheduling-27,200
rfc8934.xml,https://dx.doi.org/10.17487/rfc8934,200
rfc8934.xml,https://www.rfc-editor.org/info/rfc8934,200
rfc8934.xml,https://trustee.ietf.org/license-info,200
rfc8934.xml,https://www.rfc-editor.org/info/rfc2119,200
rfc8934.xml,https://www.rfc-editor.org/info/rfc5440,200
rfc8934.xml,https://www.rfc-editor.org/info/rfc5905,200
rfc8934.xml,https://www.rfc-editor.org/info/rfc8126,200
rfc8934.xml,https://www.rfc-editor.org/info/rfc8174,200
rfc8934.xml,https://www.rfc-editor.org/info/rfc8231,200
rfc8934.xml,https://www.rfc-editor.org/info/rfc8232,200
rfc8934.xml,https://www.rfc-editor.org/info/rfc8281,200
rfc8934.xml,https://www.rfc-editor.org/info/rfc8413,200
rfc8934.xml,https://tools.ietf.org/html/draft-ietf-pce-pcep-yang-15,200
rfc8934.xml,https://www.ietf.org/internet-drafts/draft-ietf-pce-pcep-yang-15.txt,Connection error: HTTP Error 404: Not Found
rfc8934.xml,https://tools.ietf.org/html/draft-litkowski-pce-state-sync-08,200
rfc8934.xml,https://www.ietf.org/internet-drafts/draft-litkowski-pce-state-sync-08.txt,Connection error: HTTP Error 404: Not Found
rfc8934.xml,https://www.rfc-editor.org/info/rfc5925,200
rfc8934.xml,https://www.rfc-editor.org/info/rfc7399,200
rfc8934.xml,https://www.rfc-editor.org/info/rfc8051,200
rfc8934.xml,https://www.rfc-editor.org/info/rfc8253,200
rfc8934.xml,https://www.rfc-editor.org/info/rfc8402,200
rfc8934.xml,https://www.rfc-editor.org/info/rfc8655,200
rfc9287.xml,https://datatracker.ietf.org/doc/draft-ietf-quic-bit-grease-04,200
rfc9287.xml,https://dx.doi.org/10.17487/rfc9287,200
rfc9287.xml,https://www.rfc-editor.org/info/rfc9287,200
rfc9287.xml,https://trustee.ietf.org/license-info,200
rfc9287.xml,https://www.rfc-editor.org/info/rfc9000,200
rfc9287.xml,https://www.rfc-editor.org/info/rfc8999,200
rfc9287.xml,https://www.rfc-editor.org/info/rfc2119,200
rfc9287.xml,https://www.rfc-editor.org/info/rfc8174,200
rfc9287.xml,https://datatracker.ietf.org/doc/html/draft-ietf-avtcore-rfc7983bis-06,200
rfc9287.xml,https://www.ietf.org/archive/id/draft-ietf-avtcore-rfc7983bis-06.txt,200
rfc9287.xml,https://datatracker.ietf.org/doc/html/draft-ietf-quic-manageability-18,200
rfc9287.xml,https://www.ietf.org/archive/id/draft-ietf-quic-manageability-18.txt,200
rfc9287.xml,https://www.rfc-editor.org/info/rfc8546,200
rfc9287.xml,https://www.rfc-editor.org/info/rfc9170,200
rfc9307.xml,https://datatracker.ietf.org/doc/draft-iab-aid-workshop-01,200
rfc9307.xml,https://dx.doi.org/10.17487/rfc9307,200
rfc9307.xml,https://www.rfc-editor.org/info/rfc9307,200
rfc9307.xml,https://trustee.ietf.org/license-info,200
rfc9307.xml,https://www.iab.org/wp-content/IAB-uploads/2021/11/Le.pdf,Connection error: HTTP Error 403: Forbidden
rfc9307.xml,https://www.iab.org/wp-content/IAB-uploads/2021/11/Doty.pdf,Connection error: HTTP Error 403: Forbidden
rfc9307.xml,https://www.arkko.com/tools/docstats.html,200
rfc9307.xml,https://www.iab.org/wp-content/IAB-uploads/2021/11/Eggert.pdf,Connection error: HTTP Error 403: Forbidden
rfc9307.xml,https://bigbang-py.readthedocs.io/en/latest/,200
rfc9307.xml,https://www.iab.org/wp-content/IAB-uploads/2021/11/Migault.pdf,Connection error: HTTP Error 403: Forbidden
rfc9307.xml,https://www.iab.org/wp-content/IAB-uploads/2021/11/Benthall.pdf,Connection error: HTTP Error 403: Forbidden
rfc9307.xml,https://www.iab.org/wp-content/IAB-uploads/2021/11/Sinha.pdf,Connection error: HTTP Error 403: Forbidden
rfc9307.xml,https://www.iab.org/wp-content/IAB-uploads/2021/11/Griwodz.pdf,Connection error: HTTP Error 403: Forbidden
rfc9307.xml,https://www.iab.org/wp-content/IAB-uploads/2021/11/Groth.pdf,Connection error: HTTP Error 403: Forbidden
rfc9307.xml,https://notes.ietf.org/iab-aid-datatracker-database-overview#,200
rfc9307.xml,https://notes.ietf.org/iab-aid-data-resources#,200
rfc9307.xml,https://datatracker.ietf.org/,200
rfc9307.xml,https://datatracker.ietf.org/stats/,200
rfc9307.xml,https://www.iab.org/wp-content/IAB-uploads/2021/11/Welzl.pdf,Connection error: HTTP Error 403: Forbidden
rfc9307.xml,https://www.iab.org/wp-content/IAB-uploads/2021/11/Andersdotter.pdf,Connection error: HTTP Error 403: Forbidden
rfc9307.xml,https://www.iab.org/wp-content/IAB-uploads/2021/11/Becker.pdf,Connection error: HTTP Error 403: Forbidden
rfc9307.xml,https://www.iab.org/wp-content/IAB-uploads/2021/11/Knodel.pdf,Connection error: HTTP Error 403: Forbidden
rfc9307.xml,https://www.iab.org/wp-content/IAB-uploads/2021/11/Tarantino.pdf,Connection error: HTTP Error 403: Forbidden
rfc9307.xml,https://www.ietf.org/standards/rfcs/,200
rfc9307.xml,https://www.ietf.org/policies/web-analytics/,200
rfc9307.xml,https://github.com/glasgow-ipl/ietfdata,200
rfc9307.xml,https://www.iab.org/wp-content/IAB-uploads/2021/11/McQuistin.pdf,Connection error: HTTP Error 403: Forbidden
rfc9307.xml,https://www.iab.org/wp-content/IAB-uploads/2021/11/Baron.pdf,Connection error: HTTP Error 403: Forbidden
rfc9307.xml,https://mailarchive.ietf.org/arch/,200
rfc9307.xml,https://www.iab.org/wp-content/IAB-uploads/2021/11/Arkko.pdf,Connection error: HTTP Error 403: Forbidden
rfc9307.xml,https://www.iab.org/wp-content/IAB-uploads/2021/11/McFadden.pdf,Connection error: HTTP Error 403: Forbidden
rfc9307.xml,https://www.iab.org/wp-content/IAB-uploads/2021/11/Petit-Huguenin.txt,Connection error: HTTP Error 403: Forbidden
rfc9307.xml,https://www.iab.org/wp-content/IAB-uploads/2021/11/Yachmeneva.pdf,Connection error: HTTP Error 403: Forbidden
rfc9307.xml,https://dl.acm.org/doi/abs/10.1145/3487552.3487821,Connection error: HTTP Error 403: Forbidden
rfc9307.xml,https://www.iab.org/wp-content/IAB-uploads/2021/11/Hoffman.pdf,Connection error: HTTP Error 403: Forbidden
rfc9307.xml,https://www.ietf.org/blog/ietf-community-survey-2021/,200
rfc9307.xml,https://www.iab.org/wp-content/IAB-uploads/2021/11/Hardaker.pdf,Connection error: HTTP Error 403: Forbidden
rfc9537.xml,https://datatracker.ietf.org/doc/draft-ietf-regext-rdap-redacted-16,200
rfc9537.xml,https://dx.doi.org/10.17487/rfc9537,200
rfc9537.xml,https://www.rfc-editor.org/info/rfc9537,200
rfc9537.xml,https://trustee.ietf.org/license-info,200
rfc9537.xml,https://www.rfc-editor.org/info/rfc2119,200
rfc9537.xml,https://www.rfc-editor.org/info/rfc6350,200
rfc9537.xml,https://www.rfc-editor.org/info/rfc7095,200
rfc9537.xml,https://www.rfc-editor.org/info/rfc8126,200
rfc9537.xml,https://www.rfc-editor.org/info/rfc8174,200
rfc9537.xml,https://www.rfc-editor.org/info/rfc8259,200
rfc9537.xml,https://www.rfc-editor.org/info/rfc9082,200
rfc9537.xml,https://www.rfc-editor.org/info/rfc9083,200
rfc9537.xml,https://www.rfc-editor.org/info/rfc9535,200
rfc9537.xml,https://datatracker.ietf.org/doc/html/draft-ietf-regext-rdap-jscontact-17,200
rfc9282.xml,https://datatracker.ietf.org/doc/draft-rosen-rfcefdp-update-2026-02,200
rfc9282.xml,https://dx.doi.org/10.17487/rfc9282,200
rfc9282.xml,https://www.rfc-editor.org/info/rfc9282,200
rfc9282.xml,https://trustee.ietf.org/license-info,200
rfc9282.xml,https://www.rfc-editor.org/info/rfc2026,200
rfc9282.xml,https://www.rfc-editor.org/info/rfc9280,200
rfc8967.xml,https://datatracker.ietf.org/doc/draft-ietf-babel-hmac-12,200
rfc8967.xml,https://dx.doi.org/10.17487/rfc8967,200
rfc8967.xml,https://www.rfc-editor.org/info/rfc8967,200
rfc8967.xml,https://trustee.ietf.org/license-info,200
rfc8967.xml,https://www.rfc-editor.org/info/rfc2104,200
rfc8967.xml,https://www.rfc-editor.org/info/rfc2119,200
rfc8967.xml,https://www.rfc-editor.org/info/rfc6234,200
rfc8967.xml,https://www.rfc-editor.org/info/rfc7693,200
rfc8967.xml,https://www.rfc-editor.org/info/rfc8174,200
rfc8967.xml,https://www.rfc-editor.org/info/rfc8966,200
rfc8967.xml,https://www.rfc-editor.org/info/rfc4086,200
rfc8967.xml,https://www.rfc-editor.org/info/rfc4987,200
rfc8967.xml,https://www.rfc-editor.org/info/rfc6039,200
rfc8967.xml,https://www.rfc-editor.org/info/rfc7298,200
rfc8967.xml,https://www.rfc-editor.org/info/rfc7914,200
rfc8967.xml,https://www.rfc-editor.org/info/rfc8018,200
rfc8967.xml,https://www.rfc-editor.org/info/rfc8968,200
rfc9604.xml,https://datatracker.ietf.org/doc/draft-ietf-pce-binding-label-sid-16,200
rfc9604.xml,https://dx.doi.org/10.17487/rfc9604,200
rfc9604.xml,https://www.rfc-editor.org/info/rfc9604,200
rfc9604.xml,https://trustee.ietf.org/license-info,200
rfc9604.xml,https://www.rfc-editor.org/info/bcp195,200
rfc9604.xml,https://www.rfc-editor.org/info/rfc8996,200
rfc9604.xml,https://www.rfc-editor.org/info/rfc9325,200
rfc9604.xml,https://www.rfc-editor.org/info/rfc2119,200
rfc9604.xml,https://www.rfc-editor.org/info/rfc3032,200
rfc9604.xml,https://www.rfc-editor.org/info/rfc5440,200
rfc9604.xml,https://www.rfc-editor.org/info/rfc5462,200
rfc9604.xml,https://www.rfc-editor.org/info/rfc8126,200
rfc9604.xml,https://www.rfc-editor.org/info/rfc8174,200
rfc9604.xml,https://www.rfc-editor.org/info/rfc8231,200
rfc9604.xml,https://www.rfc-editor.org/info/rfc8253,200
rfc9604.xml,https://www.rfc-editor.org/info/rfc8281,200
rfc9604.xml,https://www.rfc-editor.org/info/rfc8402,200
rfc9604.xml,https://www.rfc-editor.org/info/rfc8664,200
rfc9604.xml,https://www.rfc-editor.org/info/rfc8986,200
rfc9604.xml,https://www.rfc-editor.org/info/rfc9050,200
rfc9604.xml,https://www.rfc-editor.org/info/rfc9603,200
rfc9604.xml,https://datatracker.ietf.org/doc/html/draft-ietf-pce-controlled-id-space-00,200
rfc9604.xml,https://datatracker.ietf.org/doc/html/draft-ietf-pce-sr-path-segment-09,200
rfc9604.xml,https://datatracker.ietf.org/doc/html/draft-ietf-pce-pcep-yang-25,200
rfc9604.xml,https://www.rfc-editor.org/info/rfc4655,200
rfc9604.xml,https://www.rfc-editor.org/info/rfc8283,200
rfc9604.xml,https://www.rfc-editor.org/info/rfc8754,200
rfc9604.xml,https://www.rfc-editor.org/info/rfc9256,200
rfc9517.xml,https://datatracker.ietf.org/doc/draft-urn-ddi-06,200
rfc9517.xml,https://dx.doi.org/10.17487/rfc9517,200
rfc9517.xml,https://www.rfc-editor.org/info/rfc9517,200
rfc9517.xml,https://trustee.ietf.org/license-info,200
rfc9517.xml,https://ddialliance.org/Specification/DDI-Codebook/2.5/,Connection error: HTTP Error 404: Not Found
rfc9517.xml,https://ddi-lifecycle-technical-guide.readthedocs.io/en/latest/General%20Structures/Identification.html,200
rfc9517.xml,https://ddialliance.org/Specification/DDI-Lifecycle/,Connection error: HTTP Error 404: Not Found
rfc9517.xml,https://ddialliance.org/products/sdtl/1.0/,Connection error: HTTP Error 404: Not Found
rfc9517.xml,https://ddialliance.org/Specification/RDF/XKOS,Connection error: HTTP Error 404: Not Found
rfc9517.xml,https://www.rfc-editor.org/info/rfc952,200
rfc9517.xml,https://www.rfc-editor.org/info/rfc1034,200
rfc9517.xml,https://www.rfc-editor.org/info/rfc1035,200
rfc9517.xml,https://www.rfc-editor.org/info/rfc1123,200
rfc9517.xml,https://www.rfc-editor.org/info/rfc2119,200
rfc9517.xml,https://www.rfc-editor.org/info/rfc2181,200
rfc9517.xml,https://www.rfc-editor.org/info/rfc3986,200
rfc9517.xml,https://www.rfc-editor.org/info/rfc4343,200
rfc9517.xml,https://www.rfc-editor.org/info/rfc5234,200
rfc9517.xml,https://www.rfc-editor.org/info/rfc8141,200
rfc9517.xml,https://www.rfc-editor.org/info/rfc8174,200
rfc9517.xml,https://www.iana.org/domains/root/db,200
rfc9517.xml,https://www.msweet.org/abnf/,200
rfc9517.xml,http://www.quut.com/abnfgen/,200
rfc9517.xml,https://author-tools.ietf.org/abnf,200
rfc9517.xml,https://ddialliance.org/,200
rfc9517.xml,https://ddialliance.org/Specification/DDI-CV/AggregationMethod_1.0.html,Connection error: HTTP Error 404: Not Found
rfc9517.xml,https://ddi-lifecycle-technical-guide.readthedocs.io/en/latest/Examples/Questions.html,200
rfc9517.xml,https://ddi-lifecycle-technical-guide.readthedocs.io/en/latest/Examples/RepresentedVariable.html,200
rfc9517.xml,http://www.ijdc.net/article/view/66,200
rfc9517.xml,https://registry.ddialliance.org/,200
rfc9517.xml,https://registry.ddialliance.org/Home/Tools,200
rfc9517.xml,https://www.dublincore.org/,Connection error: HTTP Error 403: Forbidden
rfc9517.xml,https://www.iso.org/standard/78916.html,200
rfc9517.xml,https://www.iso.org/standard/26020.html,200
rfc9517.xml,https://www.iso.org/iso-3166-country-codes.html,200
rfc9517.xml,https://www.rfc-editor.org/info/rfc2483,200
rfc9517.xml,https://www.rfc-editor.org/info/rfc2782,200
rfc9517.xml,https://www.rfc-editor.org/info/rfc3401,200
rfc9517.xml,https://www.rfc-editor.org/info/rfc3402,200
rfc9517.xml,https://www.rfc-editor.org/info/rfc3403,200
rfc9517.xml,https://www.rfc-editor.org/info/rfc3833,200
rfc9517.xml,https://www.rfc-editor.org/info/rfc3958,200
rfc9517.xml,https://www.rfc-editor.org/info/rfc4848,200
rfc9517.xml,https://www.rfc-editor.org/info/rfc8484,200
rfc9517.xml,https://sdmx.org/,200
rfc9517.xml,http://repos.example2.org/I2R/,Connection error: HTTP Error 400: Bad Request
rfc9070.xml,https://datatracker.ietf.org/doc/draft-ietf-mpls-ldp-yang-09,200
rfc9070.xml,https://dx.doi.org/10.17487/rfc9070,200
rfc9070.xml,https://www.rfc-editor.org/info/rfc9070,200
rfc9070.xml,https://trustee.ietf.org/license-info,200
rfc9070.xml,https://www.rfc-editor.org/info/rfc3478,200
rfc9070.xml,https://www.rfc-editor.org/info/rfc3688,200
rfc9070.xml,https://www.rfc-editor.org/info/rfc5036,200
rfc9070.xml,https://www.rfc-editor.org/info/rfc5331,200
rfc9070.xml,https://www.rfc-editor.org/info/rfc5443,200
rfc9070.xml,https://www.rfc-editor.org/info/rfc5561,200
rfc9070.xml,https://www.rfc-editor.org/info/rfc5918,200
rfc9070.xml,https://www.rfc-editor.org/info/rfc5919,200
rfc9070.xml,https://www.rfc-editor.org/info/rfc5920,200
rfc9070.xml,https://www.rfc-editor.org/info/rfc6020,200
rfc9070.xml,https://www.rfc-editor.org/info/rfc6241,200
rfc9070.xml,https://www.rfc-editor.org/info/rfc6242,200
rfc9070.xml,https://www.rfc-editor.org/info/rfc6389,200
rfc9070.xml,https://www.rfc-editor.org/info/rfc6991,200
rfc9070.xml,https://www.rfc-editor.org/info/rfc7552,200
rfc9070.xml,https://www.rfc-editor.org/info/rfc7950,200
rfc9070.xml,https://www.rfc-editor.org/info/rfc8040,200
rfc9070.xml,https://www.rfc-editor.org/info/rfc8177,200
rfc9070.xml,https://www.rfc-editor.org/info/rfc8294,200
rfc9070.xml,https://www.rfc-editor.org/info/rfc8341,200
rfc9070.xml,https://www.rfc-editor.org/info/rfc8342,200
rfc9070.xml,https://www.rfc-editor.org/info/rfc8343,200
rfc9070.xml,https://www.rfc-editor.org/info/rfc8344,200
rfc9070.xml,https://www.rfc-editor.org/info/rfc8349,200
rfc9070.xml,https://www.rfc-editor.org/info/rfc8407,200
rfc9070.xml,https://www.rfc-editor.org/info/rfc8446,200
rfc9070.xml,https://www.rfc-editor.org/info/rfc8529,200
rfc9070.xml,https://www.rfc-editor.org/info/rfc9067,200
rfc9070.xml,https://datatracker.ietf.org/doc/html/draft-ietf-mpls-mldp-yang-10,200
rfc9070.xml,https://www.ietf.org/internet-drafts/draft-ietf-mpls-mldp-yang-10.txt,Connection error: HTTP Error 404: Not Found
rfc9070.xml,https://www.rfc-editor.org/info/rfc4364,200
rfc9070.xml,https://www.rfc-editor.org/info/rfc7307,200
rfc9070.xml,https://www.rfc-editor.org/info/rfc7951,200
rfc9070.xml,https://www.rfc-editor.org/info/rfc8340,200
rfc9509.xml,https://datatracker.ietf.org/doc/draft-ietf-lamps-nf-eku-05,200
rfc9509.xml,https://dx.doi.org/10.17487/rfc9509,200
rfc9509.xml,https://www.rfc-editor.org/info/rfc9509,200
rfc9509.xml,https://trustee.ietf.org/license-info,200
rfc9509.xml,https://www.rfc-editor.org/info/rfc2119,200
rfc9509.xml,https://www.rfc-editor.org/info/rfc5280,200
rfc9509.xml,https://www.rfc-editor.org/info/rfc7515,200
rfc9509.xml,https://www.rfc-editor.org/info/rfc7516,200
rfc9509.xml,https://www.rfc-editor.org/info/rfc7519,200
rfc9509.xml,https://www.rfc-editor.org/info/rfc8174,200
rfc9509.xml,https://www.itu.int/rec/T-REC-X.680,200
rfc9509.xml,https://www.itu.int/rec/T-REC-X.690,200
rfc9509.xml,https://www.rfc-editor.org/info/rfc5246,200
rfc9509.xml,https://www.rfc-editor.org/info/rfc7299,200
rfc9509.xml,https://www.rfc-editor.org/info/rfc8446,200
rfc9509.xml,https://www.rfc-editor.org/info/rfc9162,200
rfc9509.xml,https://www.rfc-editor.org/info/rfc9336,200
rfc9509.xml,https://www.3gpp.org/ftp/Specs/archive/23_series/23.501/23501-i40.zip,200
rfc9509.xml,https://www.3gpp.org/ftp/Specs/archive/29_series/29.500/29500-i40.zip,200
rfc9509.xml,https://www.3gpp.org/ftp/Specs/archive/29_series/29.573/29573-i50.zip,200
rfc9509.xml,https://www.3gpp.org/ftp/Specs/archive/33_series/33.210/33210-h10.zip,200
rfc9509.xml,https://www.3gpp.org/ftp/Specs/archive/33_series/33.310/33310-i20.zip,200
rfc9509.xml,https://www.3gpp.org/ftp/Specs/archive/33_series/33.501/33501-i40.zip,200
rfc9736.xml,https://datatracker.ietf.org/doc/draft-ietf-grow-bmp-peer-up-05,200
rfc9736.xml,https://dx.doi.org/10.17487/rfc9736,200
rfc9736.xml,https://www.rfc-editor.org/info/rfc9736,200
rfc9736.xml,https://trustee.ietf.org/license-info,200
rfc9736.xml,https://www.rfc-editor.org/info/rfc1213,200
rfc9736.xml,https://www.rfc-editor.org/info/rfc2119,200
rfc9736.xml,https://www.rfc-editor.org/info/rfc7854,200
rfc9736.xml,https://www.rfc-editor.org/info/rfc8174,200
rfc9736.xml,https://www.rfc-editor.org/info/rfc8671,200
rfc9736.xml,https://www.rfc-editor.org/info/rfc9069,200
rfc8892.xml,https://datatracker.ietf.org/doc/draft-thaler-iftype-reg-07,200
rfc8892.xml,https://dx.doi.org/10.17487/rfc8892,200
rfc8892.xml,https://www.rfc-editor.org/info/rfc8892,200
rfc8892.xml,https://trustee.ietf.org/license-info,200
rfc8892.xml,https://www.iana.org/form/iftype,200
rfc8892.xml,https://www.rfc-editor.org/info/rfc2119,200
rfc8892.xml,https://www.rfc-editor.org/info/rfc2578,200
rfc8892.xml,https://www.rfc-editor.org/info/rfc2863,200
rfc8892.xml,https://www.rfc-editor.org/info/rfc5378,200
rfc8892.xml,https://www.rfc-editor.org/info/rfc8126,200
rfc8892.xml,https://www.rfc-editor.org/info/rfc8174,200
rfc8892.xml,http://www.iana.org/assignments/ianaiftype-mib,200
rfc8892.xml,https://www.iana.org/assignments/smi-numbers,200
rfc8892.xml,https://www.iana.org/protocols,200
rfc8892.xml,https://www.rfc-editor.org/info/rfc1234,200
rfc8892.xml,https://www.rfc-editor.org/info/rfc1573,200
rfc8892.xml,https://www.rfc-editor.org/info/rfc2667,200
rfc8892.xml,https://www.rfc-editor.org/info/rfc3635,200
rfc8892.xml,https://www.rfc-editor.org/info/rfc3637,200
rfc8892.xml,https://www.rfc-editor.org/info/rfc4087,200
rfc8892.xml,https://www.rfc-editor.org/info/rfc4380,200
rfc8892.xml,https://www.rfc-editor.org/info/rfc5066,200
rfc8892.xml,https://www.rfc-editor.org/info/rfc7224,200
rfc8892.xml,https://www.rfc-editor.org/info/rfc8675,200
rfc8892.xml,https://www.iana.org/assignments/smi-numbers,200
rfc8892.xml,https://www.iana.org/assignments/smi-numbers,200
rfc8892.xml,http://www.iana.org/assignments/iana-if-type,200
rfc8892.xml,https://www.iana.org/assignments/iana-tunnel-type,200
rfc9527.xml,https://datatracker.ietf.org/doc/draft-ietf-homenet-naming-architecture-dhc-options-24,200
rfc9527.xml,https://dx.doi.org/10.17487/rfc9527,200
rfc9527.xml,https://www.rfc-editor.org/info/rfc9527,200
rfc9527.xml,https://trustee.ietf.org/license-info,200
rfc9527.xml,https://www.iana.org/assignments/dhcpv6-parameters,200
rfc9527.xml,https://www.iana.org/assignments/dhcpv6-parameters,200
rfc9527.xml,https://www.rfc-editor.org/info/rfc2119,200
rfc9527.xml,https://www.rfc-editor.org/info/rfc7858,200
rfc9527.xml,https://www.rfc-editor.org/info/rfc8126,200
rfc9527.xml,https://www.rfc-editor.org/info/rfc8174,200
rfc9527.xml,https://www.rfc-editor.org/info/rfc8415,200
rfc9527.xml,https://www.rfc-editor.org/info/rfc9103,200
rfc9527.xml,https://www.rfc-editor.org/info/rfc9526,200
rfc9527.xml,https://datatracker.ietf.org/doc/html/draft-sury-dnsop-cname-plus-dname-01,200
rfc9527.xml,https://datatracker.ietf.org/doc/html/draft-andrews-dnsop-pd-reverse-02,200
rfc9527.xml,https://www.rfc-editor.org/info/rfc1034,200
rfc9527.xml,https://www.rfc-editor.org/info/rfc2181,200
rfc9527.xml,https://www.rfc-editor.org/info/rfc6672,200
rfc9527.xml,https://www.rfc-editor.org/info/rfc7227,200
rfc9527.xml,https://www.rfc-editor.org/info/rfc7368,200
rfc9396.xml,https://datatracker.ietf.org/doc/draft-ietf-oauth-rar-23,200
rfc9396.xml,https://dx.doi.org/10.17487/rfc9396,200
rfc9396.xml,https://www.rfc-editor.org/info/rfc9396,200
rfc9396.xml,https://trustee.ietf.org/license-info,200
rfc9396.xml,https://www.rfc-editor.org/info/rfc2119,200
rfc9396.xml,https://www.rfc-editor.org/info/rfc7519,200
rfc9396.xml,https://www.rfc-editor.org/info/rfc7662,200
rfc9396.xml,https://www.rfc-editor.org/info/rfc8174,200
rfc9396.xml,https://www.rfc-editor.org/info/rfc8414,200
rfc9396.xml,https://www.rfc-editor.org/info/rfc8628,200
rfc9396.xml,https://www.rfc-editor.org/info/rfc8707,200
rfc9396.xml,https://cloudsignatureconsortium.org/wp-content/uploads/2020/01/CSC_API_V1_1.0.4.0.pdf,200
rfc9396.xml,https://www.etsi.org/deliver/etsi_ts/119400_119499/119432/01.01.01_60/ts_119432v010101p.pdf,200
rfc9396.xml,https://www.iana.org/assignments/oauth-parameters,200
rfc9396.xml,https://json-schema.org/,Connection error: HTTP Error 403: Forbidden
rfc9396.xml,https://openid.net/specs/openid-client-initiated-backchannel-authentication-core-1_0.html,200
rfc9396.xml,https://openid.net/specs/openid-connect-core-1_0.html,200
rfc9396.xml,https://www.rfc-editor.org/info/rfc20,200
rfc9396.xml,https://www.rfc-editor.org/info/rfc6749,200
rfc9396.xml,https://www.rfc-editor.org/info/rfc7591,200
rfc9396.xml,https://www.rfc-editor.org/info/rfc8259,200
rfc9396.xml,https://www.rfc-editor.org/info/rfc9101,200
rfc9396.xml,https://www.rfc-editor.org/info/rfc9126,200
rfc9396.xml,https://medium.com/oauth-2/transaction-authorization-or-why-we-need-to-re-think-oauth-scopes-2326e2038948,Connection error: HTTP Error 403: Forbidden
rfc9291.xml,https://datatracker.ietf.org/doc/draft-ietf-opsawg-l2nm-19,200
rfc9291.xml,https://dx.doi.org/10.17487/rfc9291,200
rfc9291.xml,https://www.rfc-editor.org/info/rfc9291,200
rfc9291.xml,https://trustee.ietf.org/license-info,200
rfc9291.xml,https://www.iana.org/assignments/bgp-parameters,200
rfc9291.xml,http://www.iana.org/assignments/pwe3-parameters/,200
rfc9291.xml,https://doi.org/10.1109/IEEESTD.2007.4431836,Connection error: HTTP Error 418: Unknown Code
rfc9291.xml,https://doi.org/10.1109/IEEESTD.2018.8467507,Connection error: HTTP Error 418: Unknown Code
rfc9291.xml,https://www.itu.int/rec/T-REC-Y.1731/en,200
rfc9291.xml,https://www.rfc-editor.org/info/rfc3688,200
rfc9291.xml,https://www.rfc-editor.org/info/rfc4026,200
rfc9291.xml,https://www.rfc-editor.org/info/rfc4446,200
rfc9291.xml,https://www.rfc-editor.org/info/rfc4667,200
rfc9291.xml,https://www.rfc-editor.org/info/rfc4761,200
rfc9291.xml,https://www.rfc-editor.org/info/rfc4762,200
rfc9291.xml,https://www.rfc-editor.org/info/rfc6020,200
rfc9291.xml,https://www.rfc-editor.org/info/rfc6074,200
rfc9291.xml,https://www.rfc-editor.org/info/rfc6241,200
rfc9291.xml,https://www.rfc-editor.org/info/rfc6242,200
rfc9291.xml,https://www.rfc-editor.org/info/rfc6624,200
rfc9291.xml,https://www.rfc-editor.org/info/rfc6991,200
rfc9291.xml,https://www.rfc-editor.org/info/rfc7432,200
rfc9291.xml,https://www.rfc-editor.org/info/rfc7623,200
rfc9291.xml,https://www.rfc-editor.org/info/rfc7950,200
rfc9291.xml,https://www.rfc-editor.org/info/rfc8040,200
rfc9291.xml,https://www.rfc-editor.org/info/rfc8077,200
rfc9291.xml,https://www.rfc-editor.org/info/rfc8214,200
rfc9291.xml,https://www.rfc-editor.org/info/rfc8294,200
rfc9291.xml,https://www.rfc-editor.org/info/rfc8341,200
rfc9291.xml,https://www.rfc-editor.org/info/rfc8342,200
rfc9291.xml,https://www.rfc-editor.org/info/rfc8365,200
rfc9291.xml,https://www.rfc-editor.org/info/rfc8446,200
rfc9291.xml,https://www.rfc-editor.org/info/rfc8466,200
rfc9291.xml,https://www.rfc-editor.org/info/rfc8584,200
rfc9291.xml,https://www.rfc-editor.org/info/rfc9181,200
rfc9291.xml,https://datatracker.ietf.org/doc/html/draft-ietf-idr-bgp-model-14,200
rfc9291.xml,https://www.ietf.org/archive/id/draft-ietf-idr-bgp-model-14.txt,200
rfc9291.xml,https://datatracker.ietf.org/doc/html/draft-ietf-bess-evpn-pref-df-10,200
rfc9291.xml,https://datatracker.ietf.org/doc/html/draft-ietf-bess-evpn-yang-07,200
rfc9291.xml,https://standards.ieee.org/standard/802_1ah-2008.html,Connection error: HTTP Error 403: Forbidden
rfc9291.xml,https://doi.org/10.1109/IEEESTD.2004.94617,Connection error: HTTP Error 418: Unknown Code
rfc9291.xml,https://doi.org/10.1109/IEEESTD.2020.9105034,Connection error: HTTP Error 418: Unknown Code
rfc9291.xml,https://doi.org/10.1109/IEEESTD.2018.8403927,Connection error: HTTP Error 418: Unknown Code
rfc9291.xml,https://datatracker.ietf.org/doc/html/draft-ietf-teas-ietf-network-slices-14,200
rfc9291.xml,https://github.com/mbj4668/pyang,200
rfc9291.xml,https://www.rfc-editor.org/info/rfc2507,200
rfc9291.xml,https://www.rfc-editor.org/info/rfc2508,200
rfc9291.xml,https://www.rfc-editor.org/info/rfc3032,200
rfc9291.xml,https://www.rfc-editor.org/info/rfc3545,200
rfc9291.xml,https://www.rfc-editor.org/info/rfc3644,200
rfc9291.xml,https://www.rfc-editor.org/info/rfc4448,200
rfc9291.xml,https://www.rfc-editor.org/info/rfc4553,200
rfc9291.xml,https://www.rfc-editor.org/info/rfc4618,200
rfc9291.xml,https://www.rfc-editor.org/info/rfc4619,200
rfc9291.xml,https://www.rfc-editor.org/info/rfc4664,200
rfc9291.xml,https://www.rfc-editor.org/info/rfc4717,200
rfc9291.xml,https://www.rfc-editor.org/info/rfc4816,200
rfc9291.xml,https://www.rfc-editor.org/info/rfc4842,200
rfc9291.xml,https://www.rfc-editor.org/info/rfc4863,200
rfc9291.xml,https://www.rfc-editor.org/info/rfc4901,200
rfc9291.xml,https://www.rfc-editor.org/info/rfc5086,200
rfc9291.xml,https://www.rfc-editor.org/info/rfc5087,200
rfc9291.xml,https://www.rfc-editor.org/info/rfc5143,200
rfc9291.xml,https://www.rfc-editor.org/info/rfc5795,200
rfc9291.xml,https://www.rfc-editor.org/info/rfc5880,200
rfc9291.xml,https://www.rfc-editor.org/info/rfc6307,200
rfc9291.xml,https://www.rfc-editor.org/info/rfc7209,200
rfc9291.xml,https://www.rfc-editor.org/info/rfc7267,200
rfc9291.xml,https://www.rfc-editor.org/info/rfc7297,200
rfc9291.xml,https://www.rfc-editor.org/info/rfc7951,200
rfc9291.xml,https://www.rfc-editor.org/info/rfc8309,200
rfc9291.xml,https://www.rfc-editor.org/info/rfc8340,200
rfc9291.xml,https://www.rfc-editor.org/info/rfc8343,200
rfc9291.xml,https://www.rfc-editor.org/info/rfc8345,200
rfc9291.xml,https://www.rfc-editor.org/info/rfc8453,200
rfc9291.xml,https://www.rfc-editor.org/info/rfc8519,200
rfc9291.xml,https://www.rfc-editor.org/info/rfc8792,200
rfc9291.xml,https://www.rfc-editor.org/info/rfc8960,200
rfc9291.xml,https://www.rfc-editor.org/info/rfc8969,200
rfc9291.xml,https://datatracker.ietf.org/doc/html/draft-ietf-teas-te-service-mapping-yang-11,200
rfc9291.xml,https://datatracker.ietf.org/doc/html/draft-ietf-teas-enhanced-vpn-11,200
rfc9291.xml,https://www.ietf.org/archive/id/draft-ietf-teas-enhanced-vpn-11.txt,200
rfc9291.xml,https://datatracker.ietf.org/doc/html/draft-ietf-opsawg-sap-09,200
rfc9327.xml,https://datatracker.ietf.org/doc/draft-ietf-ntp-mode-6-cmds-11,200
rfc9327.xml,https://dx.doi.org/10.17487/rfc9327,200
rfc9327.xml,https://www.rfc-editor.org/info/rfc9327,200
rfc9327.xml,https://trustee.ietf.org/license-info,200
rfc9327.xml,https://www.rfc-editor.org/info/rfc1305,200
rfc9327.xml,https://www.rfc-editor.org/info/rfc1305,200
rfc9327.xml,https://www.rfc-editor.org/info/rfc2119,200
rfc9327.xml,https://www.rfc-editor.org/info/rfc2119,200
rfc9327.xml,https://www.rfc-editor.org/info/rfc3704,200
rfc9327.xml,https://www.rfc-editor.org/info/rfc3704,200
rfc9327.xml,https://www.rfc-editor.org/info/rfc5905,200
rfc9327.xml,https://www.rfc-editor.org/info/rfc5905,200
rfc9327.xml,https://www.rfc-editor.org/info/rfc5952,200
rfc9327.xml,https://www.rfc-editor.org/info/rfc5952,200
rfc9327.xml,https://www.rfc-editor.org/info/rfc8174,200
rfc9327.xml,https://www.rfc-editor.org/info/rfc8174,200
rfc9327.xml,https://nvd.nist.gov/vuln/detail/CVE-2013-5211,Connection error: HTTP Error 502: Bad Gateway
rfc9327.xml,https://nvd.nist.gov/vuln/detail/CVE-2015-8140,Connection error: HTTP Error 502: Bad Gateway
rfc9327.xml,https://nvd.nist.gov/vuln/detail/CVE-2016-1548,Connection error: HTTP Error 502: Bad Gateway
rfc9327.xml,https://nvd.nist.gov/vuln/detail/CVE-2015-8139,Connection error: HTTP Error 502: Bad Gateway
rfc9327.xml,https://www.rfc-editor.org/info/rfc791,200
rfc9327.xml,https://www.rfc-editor.org/info/rfc791,200
rfc9327.xml,https://www.rfc-editor.org/info/rfc8200,200
rfc9327.xml,https://www.rfc-editor.org/info/rfc8200,200
rfc8995.xml,https://datatracker.ietf.org/doc/draft-ietf-anima-bootstrapping-keyinfra-45,200
rfc8995.xml,https://dx.doi.org/10.17487/rfc8995,200
rfc8995.xml,https://www.rfc-editor.org/info/rfc8995,200
rfc8995.xml,https://trustee.ietf.org/license-info,200
rfc8995.xml,https://www.iana.org/assignments/well-known-uris/,200
rfc8995.xml,https://1.ieee802.org/security/802-1ar,Connection error: HTTP Error 403: Forbidden
rfc8995.xml,https://www.itu.int/rec/T-REC-X.690,200
rfc8995.xml,http://www.ics.uci.edu/~fielding/pubs/dissertation/fielding_dissertation.pdf,200
rfc8995.xml,https://www.rfc-editor.org/info/rfc2119,200
rfc8995.xml,https://www.rfc-editor.org/info/rfc3339,200
rfc8995.xml,https://www.rfc-editor.org/info/rfc3688,200
rfc8995.xml,https://www.rfc-editor.org/info/rfc3748,200
rfc8995.xml,https://www.rfc-editor.org/info/rfc3927,200
rfc8995.xml,https://www.rfc-editor.org/info/rfc4086,200
rfc8995.xml,https://www.rfc-editor.org/info/rfc4519,200
rfc8995.xml,https://www.rfc-editor.org/info/rfc4648,200
rfc8995.xml,https://www.rfc-editor.org/info/rfc4862,200
rfc8995.xml,https://www.rfc-editor.org/info/rfc5272,200
rfc8995.xml,https://www.rfc-editor.org/info/rfc5280,200
rfc8995.xml,https://www.rfc-editor.org/info/rfc5652,200
rfc8995.xml,https://www.rfc-editor.org/info/rfc6020,200
rfc8995.xml,https://www.rfc-editor.org/info/rfc6125,200
rfc8995.xml,https://www.rfc-editor.org/info/rfc6241,200
rfc8995.xml,https://www.rfc-editor.org/info/rfc6762,200
rfc8995.xml,https://www.rfc-editor.org/info/rfc6763,200
rfc8995.xml,https://www.rfc-editor.org/info/rfc7030,200
rfc8995.xml,https://www.rfc-editor.org/info/rfc7230,200
rfc8995.xml,https://www.rfc-editor.org/info/rfc7231,200
rfc8995.xml,https://www.rfc-editor.org/info/rfc7469,200
rfc8995.xml,https://www.rfc-editor.org/info/rfc7950,200
rfc8995.xml,https://www.rfc-editor.org/info/rfc7951,200
rfc8995.xml,https://www.rfc-editor.org/info/rfc8040,200
rfc8995.xml,https://www.rfc-editor.org/info/rfc8174,200
rfc8995.xml,https://www.rfc-editor.org/info/rfc8259,200
rfc8995.xml,https://www.rfc-editor.org/info/rfc8366,200
rfc8995.xml,https://www.rfc-editor.org/info/rfc8368,200
rfc8995.xml,https://www.rfc-editor.org/info/rfc8407,200
rfc8995.xml,https://www.rfc-editor.org/info/rfc8446,200
rfc8995.xml,https://www.rfc-editor.org/info/rfc8610,200
rfc8995.xml,https://www.rfc-editor.org/info/rfc8951,200
rfc8995.xml,https://www.rfc-editor.org/info/rfc8981,200
rfc8995.xml,https://www.rfc-editor.org/rfc/rfc8990,200
rfc8995.xml,https://www.rfc-editor.org/rfc/rfc8994,200
rfc8995.xml,https://tools.ietf.org/html/draft-ietf-ace-coap-est-18,200
rfc8995.xml,https://tools.ietf.org/html/draft-ietf-anima-constrained-voucher-10,200
rfc8995.xml,https://tools.ietf.org/html/draft-richardson-anima-state-for-joinrouter-03,200
rfc8995.xml,https://www.urbandictionary.com/define.php?term=brewski,200
rfc8995.xml,https://cabforum.org/information-for-auditors-and-assessors/,200
rfc8995.xml,https://svn-archive.torproject.org/svn/projects/design-paper/tor-design.pdf,200
rfc8995.xml,https://www.iana.org/dnssec/procedures/zsk-operator/dps-zsk-operator-v2.1.pdf,200
rfc8995.xml,https://www.cablelabs.com/resources/digital-certificate-issuance-service/,200
rfc8995.xml,https://en.wikipedia.org/w/index.php?title=Imprinting_(psychology)&=999211441,200
rfc8995.xml,https://www.welivesecurity.com/2017/03/03/internet-of-things-security-privacy-iot-update/,200
rfc8995.xml,https://www.siliconrepublic.com/machines/iot-smart-devices-reality,200
rfc8995.xml,https://minerva.sandelman.ca/,200
rfc8995.xml,https://github.com/ANIMAgus-minerva,200
rfc8995.xml,https://www.openssl.org/docs/man1.1.1/man1/openssl-x509.html/,200
rfc8995.xml,https://www.rfc-editor.org/info/rfc2131,200
rfc8995.xml,https://www.rfc-editor.org/info/rfc2663,200
rfc8995.xml,https://www.rfc-editor.org/info/rfc5209,200
rfc8995.xml,https://www.rfc-editor.org/info/rfc6960,200
rfc8995.xml,https://www.rfc-editor.org/info/rfc6961,200
rfc8995.xml,https://www.rfc-editor.org/info/rfc7228,200
rfc8995.xml,https://www.rfc-editor.org/info/rfc7258,200
rfc8995.xml,https://www.rfc-editor.org/info/rfc7435,200
rfc8995.xml,https://www.rfc-editor.org/info/rfc7575,200
rfc8995.xml,https://www.rfc-editor.org/info/rfc8126,200
rfc8995.xml,https://www.rfc-editor.org/info/rfc8340,200
rfc8995.xml,https://www.rfc-editor.org/info/rfc8615,200
rfc8995.xml,https://www.rfc-editor.org/info/rfc8993,200
rfc8995.xml,https://en.wikipedia.org/w/index.php?title=Slowloris_(computer_security)&oldid=1001473290/,200
rfc8995.xml,https://en.wikipedia.org/w/index.php?title=Source_code_escrow&oldid=948073074,200
rfc8995.xml,https://www.cl.cam.ac.uk/~fms27/papers/1999-StajanoAnd-duckling.pdf,200
rfc8995.xml,https://www.broadband-forum.org/download/TR-069_Amendment-6.pdf,200
rfc8995.xml,https://www.w3.org/TR/2014/WD-capability-urls,Connection error: HTTP Error 404: Not Found
rfc8995.xml,https://tools.ietf.org/html/draft-ietf-netconf-keystore-22,200
rfc8995.xml,https://www.ietf.org/archive/id/draft-ietf-netconf-keystore-22.txt,200
rfc9655.xml,https://datatracker.ietf.org/doc/draft-ietf-mpls-egress-tlv-for-nil-fec-15,200
rfc9655.xml,https://dx.doi.org/10.17487/rfc9655,200
rfc9655.xml,https://www.rfc-editor.org/info/rfc9655,200
rfc9655.xml,https://trustee.ietf.org/license-info,200
rfc9655.xml,https://www.rfc-editor.org/info/rfc2119,200
rfc9655.xml,https://www.rfc-editor.org/info/rfc8029,200
rfc9655.xml,https://www.rfc-editor.org/info/rfc8174,200
rfc9655.xml,https://www.rfc-editor.org/info/rfc8287,200
rfc9655.xml,https://www.rfc-editor.org/info/rfc8402,200
rfc9655.xml,https://www.rfc-editor.org/info/rfc9041,200
rfc9655.xml,https://www.rfc-editor.org/info/rfc9256,200
rfc9655.xml,http://www.iana.org/assignments/mpls-lsp-ping-parameters,200
rfc9655.xml,https://datatracker.ietf.org/doc/html/draft-ietf-idr-sr-policy-safi-10,200
rfc8788.xml,https://datatracker.ietf.org/doc/draft-iesg-nomcom-eligibility-2020-03,200
rfc8788.xml,https://dx.doi.org/10.17487/rfc8788,200
rfc8788.xml,https://www.rfc-editor.org/info/rfc8788,200
rfc8788.xml,https://trustee.ietf.org/license-info,200
rfc8788.xml,https://www.rfc-editor.org/info/rfc8713,200
rfc8788.xml,https://mailarchive.ietf.org/arch/msg/ietf-announce/XenAlx4Nw6Jmg69QpXRUOwbzsXY,200
rfc8788.xml,https://mailarchive.ietf.org/arch/msg/ietf/cc3rdjSTz8Vrzps8Ci6fi-VIDq8/,200
rfc8788.xml,https://www.ietf.org/mailman/listinfo/eligibility-discuss,Connection error: HTTP Error 403: Forbidden
rfc8788.xml,https://www.who.int/dg/speeches/detail/who-director-general-s-opening-remarks-at-the-media-briefing-on-covid-19---11-march-2020,Connection error: HTTP Error 403: Forbidden
rfc8788.xml,https://mailarchive.ietf.org/arch/msg/ietf/uBt8FeKeN4CRl7YTDMoy6m8leS0/,200
rfc8788.xml,https://mailarchive.ietf.org/arch/msg/ietf-announce/cVDlJ4fVJIkfakBysTfsFchERCs/,200
rfc9355.xml,https://datatracker.ietf.org/doc/draft-ietf-lsr-ospf-bfd-strict-mode-10,200
rfc9355.xml,https://dx.doi.org/10.17487/rfc9355,200
rfc9355.xml,https://www.rfc-editor.org/info/rfc9355,200
rfc9355.xml,https://trustee.ietf.org/license-info,200
rfc9355.xml,https://www.rfc-editor.org/info/rfc2119,200
rfc9355.xml,https://www.rfc-editor.org/info/rfc2328,200
rfc9355.xml,https://www.rfc-editor.org/info/rfc5340,200
rfc9355.xml,https://www.rfc-editor.org/info/rfc5613,200
rfc9355.xml,https://www.rfc-editor.org/info/rfc5838,200
rfc9355.xml,https://www.rfc-editor.org/info/rfc5882,200
rfc9355.xml,https://www.rfc-editor.org/info/rfc8174,200
rfc9355.xml,https://www.rfc-editor.org/info/rfc5709,200
rfc9355.xml,https://www.rfc-editor.org/info/rfc5880,200
rfc9355.xml,https://www.rfc-editor.org/info/rfc5883,200
rfc9355.xml,https://www.rfc-editor.org/info/rfc6213,200
rfc9355.xml,https://www.rfc-editor.org/info/rfc7474,200
rfc9355.xml,https://www.rfc-editor.org/info/rfc9129,200
rfc9634.xml,https://datatracker.ietf.org/doc/draft-ietf-detnet-ip-oam-13,200
rfc9634.xml,https://dx.doi.org/10.17487/rfc9634,200
rfc9634.xml,https://www.rfc-editor.org/info/rfc9634,200
rfc9634.xml,https://trustee.ietf.org/license-info,200
rfc9634.xml,https://www.rfc-editor.org/info/rfc792,200
rfc9634.xml,https://www.rfc-editor.org/info/rfc2003,200
rfc9634.xml,https://www.rfc-editor.org/info/rfc4443,200
rfc9634.xml,https://www.rfc-editor.org/info/rfc8086,200
rfc9634.xml,https://www.rfc-editor.org/info/rfc8655,200
rfc9634.xml,https://www.rfc-editor.org/info/rfc8939,200
rfc9634.xml,https://www.rfc-editor.org/info/rfc9025,200
rfc9634.xml,https://www.rfc-editor.org/info/rfc9546,200
rfc9634.xml,https://www.rfc-editor.org/info/rfc9633,200
rfc9634.xml,https://www.rfc-editor.org/info/rfc5880,200
rfc9634.xml,https://www.rfc-editor.org/info/rfc5883,200
rfc9634.xml,https://www.rfc-editor.org/info/rfc7799,200
rfc9634.xml,https://www.rfc-editor.org/info/rfc8762,200
rfc9634.xml,https://www.rfc-editor.org/info/rfc9551,200
rfc9634.xml,https://www.rfc-editor.org/info/rfc9566,200
rfc9494.xml,https://datatracker.ietf.org/doc/draft-ietf-idr-long-lived-gr-06,200
rfc9494.xml,https://dx.doi.org/10.17487/rfc9494,200
rfc9494.xml,https://www.rfc-editor.org/info/rfc9494,200
rfc9494.xml,https://trustee.ietf.org/license-info,200
rfc9494.xml,https://www.rfc-editor.org/info/rfc1997,200
rfc9494.xml,https://www.rfc-editor.org/info/rfc2119,200
rfc9494.xml,https://www.rfc-editor.org/info/rfc4271,200
rfc9494.xml,https://www.rfc-editor.org/info/rfc4724,200
rfc9494.xml,https://www.rfc-editor.org/info/rfc4760,200
rfc9494.xml,https://www.rfc-editor.org/info/rfc5492,200
rfc9494.xml,https://www.rfc-editor.org/info/rfc6368,200
rfc9494.xml,https://www.rfc-editor.org/info/rfc8174,200
rfc9494.xml,https://www.rfc-editor.org/info/rfc8538,200
rfc9494.xml,https://www.rfc-editor.org/info/rfc4364,200
rfc9494.xml,https://www.rfc-editor.org/info/rfc4761,200
rfc9494.xml,https://www.rfc-editor.org/info/rfc4781,200
rfc9494.xml,https://www.rfc-editor.org/info/rfc5880,200
rfc9494.xml,https://www.rfc-editor.org/info/rfc8126,200
rfc9494.xml,https://www.rfc-editor.org/info/rfc8955,200
rfc9724.xml,https://datatracker.ietf.org/doc/draft-ietf-madinas-mac-address-randomization-15,200
rfc9724.xml,https://dx.doi.org/10.17487/rfc9724,200
rfc9724.xml,https://www.rfc-editor.org/info/rfc9724,200
rfc9724.xml,https://trustee.ietf.org/license-info,200
rfc9724.xml,https://wiki.ietf.org/en/group/madinas/RFC9724,200
rfc9724.xml,https://ieeexplore.ieee.org/document/9488728,Connection error: HTTP Error 418: Unknown Code
rfc9724.xml,https://doi.org/10.1109/CSCN.2015.7390443,Connection error: HTTP Error 418: Unknown Code
rfc9724.xml,https://doi.org/10.1007/s11036-005-6425-1,200
rfc9724.xml,https://doi.org/10.1109/IEEESTD.2014.6847097,Connection error: HTTP Error 418: Unknown Code
rfc9724.xml,https://doi.org/10.1109/IEEESTD.2021.9363693,Connection error: HTTP Error 418: Unknown Code
rfc9724.xml,https://doi.org/10.1109/IEEESTD.2018.8457463,Connection error: HTTP Error 418: Unknown Code
rfc9724.xml,https://doi.org/10.1109/IEEESTD.2024.10794632,Connection error: HTTP Error 418: Unknown Code
rfc9724.xml,https://doi.org/10.1109/IEEESTD.2016.7433915,Connection error: HTTP Error 418: Unknown Code
rfc9724.xml,https://doi.org/10.1109/IEEESTD.2023.10225636,Connection error: HTTP Error 418: Unknown Code
rfc9724.xml,https://doi.org/10.1109/IEEESTD.2022.10004498,Connection error: HTTP Error 418: Unknown Code
rfc9724.xml,https://doi.org/10.1109/IEEESTD.2017.8016709,Connection error: HTTP Error 418: Unknown Code
rfc9724.xml,https://doi.org/10.1109/IEEESTD.2020.9257130,Connection error: HTTP Error 418: Unknown Code
rfc9724.xml,http://www.ieee802.org/PrivRecsg/,200
rfc9724.xml,https://source.android.com/devices/tech/connect/wifi-mac-randomization-behavior,200
rfc9724.xml,https://support.apple.com/en-us/102509,200
rfc9724.xml,https://mentor.ieee.org/802-ec/dcn/14/ec-14-0043-01-00EC-internet-privacy-tutorial.pdf,Connection error: HTTP Error 418: Unknown Code
rfc9724.xml,https://support.microsoft.com/en-us/windows/how-to-use-random-hardware-addresses-ac58de34-35fc-31ff-c650-823fc48eb1bc,200
rfc9724.xml,https://web.archive.org/web/20230905111429/https://www.fing.com/news/private-mac-address-on-ios-14,200
rfc9724.xml,https://mentor.ieee.org/802.11/dcn/20/11-20-1346-04-0rcm-csd-draft-for-privacy-amendment-of-rcm-project.docx,Connection error: HTTP Error 418: Unknown Code
rfc9724.xml,https://mentor.ieee.org/802.11/dcn/20/11-20-0854-07-0rcm-par-proposal-for-privacy.docx,Connection error: HTTP Error 418: Unknown Code
rfc9724.xml,https://mentor.ieee.org/802.11/dcn/19/11-19-1442-09-0rcm-rcm-tig-draft-report-outline.odt,Connection error: HTTP Error 418: Unknown Code
rfc9724.xml,https://mentor.ieee.org/802.11/dcn/20/11-20-1117-05-0rcm-rcm-sg-proposed-rcm-csd-draft.docx,Connection error: HTTP Error 418: Unknown Code
rfc9724.xml,https://mentor.ieee.org/802.11/dcn/20/11-20-0742-06-0rcm-proposed-par-draft.docx,Connection error: HTTP Error 418: Unknown Code
rfc9724.xml,https://www.rfc-editor.org/info/rfc4291,200
rfc9724.xml,https://www.rfc-editor.org/info/rfc4862,200
rfc9724.xml,https://www.rfc-editor.org/info/rfc6973,200
rfc9724.xml,https://www.rfc-editor.org/info/rfc7217,200
rfc9724.xml,https://www.rfc-editor.org/info/rfc7844,200
rfc9724.xml,https://www.rfc-editor.org/info/rfc8064,200
rfc9724.xml,https://www.rfc-editor.org/info/rfc8947,200
rfc9724.xml,https://www.rfc-editor.org/info/rfc8948,200
rfc9724.xml,https://www.rfc-editor.org/info/rfc8981,200
rfc9724.xml,https://www.w3.org/2014/strint/,200
rfc9724.xml,https://wballiance.com/resource/wi-fi-device-identification-a-way-through-mac-randomization/,Connection error: HTTP Error 403: Forbidden
rfc9724.xml,https://doi.org/10.48550/arXiv.1703.02874,200
rfc9724.xml,https://www.independent.co.uk/life-style/gadgets-and-tech/news/updated-london-s-bins-are-tracking-your-smartphone-8754924.html,Connection error: HTTP Error 405: Not allowed.
rfc9724.xml,https://datatracker.ietf.org/liaison/1884/,200
rfc9214.xml,https://datatracker.ietf.org/doc/draft-ietf-mpls-lsp-ping-ospfv3-codepoint-06,200
rfc9214.xml,https://dx.doi.org/10.17487/rfc9214,200
rfc9214.xml,https://www.rfc-editor.org/info/rfc9214,200
rfc9214.xml,https://trustee.ietf.org/license-info,200
rfc9214.xml,https://www.iana.org/assignments/mpls-lsp-ping-parameters,200
rfc9214.xml,https://www.rfc-editor.org/info/rfc2119,200
rfc9214.xml,https://www.rfc-editor.org/info/rfc5340,200
rfc9214.xml,https://www.rfc-editor.org/info/rfc5838,200
rfc9214.xml,https://www.rfc-editor.org/info/rfc8029,200
rfc9214.xml,https://www.rfc-editor.org/info/rfc8174,200
rfc9214.xml,https://www.rfc-editor.org/info/rfc8287,200
rfc9214.xml,https://www.rfc-editor.org/info/rfc8402,200
rfc8713.xml,https://datatracker.ietf.org/doc/draft-ietf-iasa2-rfc7437bis-09,200
rfc8713.xml,https://dx.doi.org/10.17487/rfc8713,200
rfc8713.xml,https://www.rfc-editor.org/info/rfc8713,200
rfc8713.xml,https://trustee.ietf.org/license-info,200
rfc8713.xml,https://www.rfc-editor.org/info/rfc3777,200
rfc8713.xml,https://www.rfc-editor.org/info/rfc7437,200
rfc8713.xml,https://www.rfc-editor.org/info/rfc7776,200
rfc8713.xml,https://www.rfc-editor.org/info/rfc8711,200
rfc8713.xml,https://www.rfc-editor.org/info/rfc8714,200
rfc8713.xml,https://www.rfc-editor.org/info/rfc8717,200
rfc8713.xml,https://www.rfc-editor.org/errata/eid232,200
rfc8713.xml,https://www.rfc-editor.org/errata/eid4179,200
rfc8713.xml,https://www.rfc-editor.org/info/rfc3710,200
rfc8713.xml,https://www.rfc-editor.org/info/rfc3797,200
rfc8713.xml,https://www.rfc-editor.org/info/rfc8318,200
rfc8954.xml,https://datatracker.ietf.org/doc/draft-ietf-lamps-ocsp-nonce-05,200
rfc8954.xml,https://dx.doi.org/10.17487/rfc8954,200
rfc8954.xml,https://www.rfc-editor.org/info/rfc8954,200
rfc8954.xml,https://trustee.ietf.org/license-info,200
rfc8954.xml,https://www.rfc-editor.org/info/rfc2119,200
rfc8954.xml,https://www.rfc-editor.org/info/rfc5280,200
rfc8954.xml,https://www.rfc-editor.org/info/rfc6960,200
rfc8954.xml,https://www.rfc-editor.org/info/rfc8174,200
rfc8954.xml,https://www.rfc-editor.org/info/rfc4086,200
rfc8954.xml,https://www.rfc-editor.org/info/rfc4732,200
rfc8954.xml,https://www.rfc-editor.org/info/rfc5019,200
rfc9420.xml,https://datatracker.ietf.org/doc/draft-ietf-mls-protocol-20,200
rfc9420.xml,https://dx.doi.org/10.17487/rfc9420,200
rfc9420.xml,https://www.rfc-editor.org/info/rfc9420,200
rfc9420.xml,https://trustee.ietf.org/license-info,200
rfc9420.xml,https://www.rfc-editor.org/info/rfc2104,200
rfc9420.xml,https://www.rfc-editor.org/info/rfc2119,200
rfc9420.xml,https://www.rfc-editor.org/info/rfc8126,200
rfc9420.xml,https://www.rfc-editor.org/info/rfc8174,200
rfc9420.xml,https://www.rfc-editor.org/info/rfc8446,200
rfc9420.xml,https://www.rfc-editor.org/info/rfc9180,200
rfc9420.xml,https://eprint.iacr.org/2017/666.pdf,200
rfc9420.xml,https://datatracker.ietf.org/doc/html/draft-irtf-cfrg-aead-limits-07,200
rfc9420.xml,https://doi.org/10.1007/978-3-319-08506-7_8,200
rfc9420.xml,https://www.usenix.org/system/files/conference/usenixsecurity15/sec15-paper-melara.pdf,200
rfc9420.xml,https://doi.org/10.1109/eurosp.2017.27,Connection error: HTTP Error 418: Unknown Code
rfc9420.xml,https://doi.org/10.1186/s13635-016-0030-7,200
rfc9420.xml,https://github.com/google/keytransparency/blob/master/docs/design.md,200
rfc9420.xml,https://datatracker.ietf.org/doc/html/draft-ietf-mls-architecture-10,200
rfc9420.xml,https://doi.org/10.1007/978-3-030-26948-7_9,200
rfc9420.xml,https://www.rfc-editor.org/info/rfc5116,200
rfc9420.xml,https://www.rfc-editor.org/info/rfc5905,200
rfc9420.xml,https://www.rfc-editor.org/info/rfc6125,200
rfc9420.xml,https://www.rfc-editor.org/info/rfc7696,200
rfc9420.xml,https://www.rfc-editor.org/info/rfc8032,200
rfc9420.xml,https://www.rfc-editor.org/info/rfc8701,200
rfc9420.xml,https://www.rfc-editor.org/info/rfc9000,200
rfc9420.xml,https://www.rfc-editor.org/info/rfc9001,200
rfc9420.xml,https://www.rfc-editor.org/info/rfc9113,200
rfc9420.xml,https://doi.org/10.6028/NIST.FIPS.180-4,200
rfc9420.xml,https://www.signal.org/docs/specifications/doubleratchet/,Connection error: HTTP Error 403: Forbidden
rfc9053.xml,https://datatracker.ietf.org/doc/draft-ietf-cose-rfc8152bis-algs-12,200
rfc9053.xml,https://dx.doi.org/10.17487/rfc9053,200
rfc9053.xml,https://www.rfc-editor.org/info/rfc9053,200
rfc9053.xml,https://trustee.ietf.org/license-info,200
rfc9053.xml,https://csrc.nist.gov/publications/nistpubs/800-38D/SP-800-38D.pdf,200
rfc9053.xml,https://nvlpubs.nist.gov/nistpubs/FIPS/NIST.FIPS.186-4.pdf,200
rfc9053.xml,https://cacr.uwaterloo.ca/hac/,200
rfc9053.xml,https://www.rfc-editor.org/info/rfc2104,200
rfc9053.xml,https://www.rfc-editor.org/info/rfc2119,200
rfc9053.xml,https://www.rfc-editor.org/info/rfc3394,200
rfc9053.xml,https://www.rfc-editor.org/info/rfc3610,200
rfc9053.xml,https://www.rfc-editor.org/info/rfc5869,200
rfc9053.xml,https://www.rfc-editor.org/info/rfc6090,200
rfc9053.xml,https://www.rfc-editor.org/info/rfc6979,200
rfc9053.xml,https://www.rfc-editor.org/info/rfc7748,200
rfc9053.xml,https://www.rfc-editor.org/info/rfc8017,200
rfc9053.xml,https://www.rfc-editor.org/info/rfc8032,200
rfc9053.xml,https://www.rfc-editor.org/info/rfc8174,200
rfc9053.xml,https://www.rfc-editor.org/info/rfc8439,200
rfc9053.xml,https://www.rfc-editor.org/info/rfc9052,200
rfc9053.xml,https://www.secg.org/sec1-v2.pdf,200
rfc9053.xml,https://www.rfc-editor.org/info/std94,200
rfc9053.xml,https://datatracker.ietf.org/doc/html/draft-mattsson-cfrg-det-sigs-with-noise-04,200
rfc9053.xml,https://www.ietf.org/archive/id/draft-mattsson-cfrg-det-sigs-with-noise-04.txt,200
rfc9053.xml,https://datatracker.ietf.org/doc/html/draft-ietf-cose-countersign-08,200
rfc9053.xml,https://www.ietf.org/archive/id/draft-ietf-cose-countersign-08.txt,200
rfc9053.xml,https://github.com/cose-wg/Examples,200
rfc9053.xml,https://eprint.iacr.org/2010/264.pdf,200
rfc9053.xml,https://datatracker.ietf.org/doc/html/draft-ietf-core-oscore-groupcomm-14,200
rfc9053.xml,https://www.ietf.org/archive/id/draft-ietf-core-oscore-groupcomm-14.txt,200
rfc9053.xml,https://www.rfc-editor.org/info/rfc4231,200
rfc9053.xml,https://www.rfc-editor.org/info/rfc4493,200
rfc9053.xml,https://www.rfc-editor.org/info/rfc5116,200
rfc9053.xml,https://www.rfc-editor.org/info/rfc5480,200
rfc9053.xml,https://www.rfc-editor.org/info/rfc6151,200
rfc9053.xml,https://www.rfc-editor.org/info/rfc7252,200
rfc9053.xml,https://www.rfc-editor.org/info/rfc7518,200
rfc9053.xml,https://www.rfc-editor.org/info/rfc8126,200
rfc9053.xml,https://www.rfc-editor.org/info/rfc8152,200
rfc9053.xml,https://www.rfc-editor.org/info/rfc8230,200
rfc9053.xml,https://www.rfc-editor.org/info/rfc8446,200
rfc9053.xml,https://www.rfc-editor.org/info/rfc8551,200
rfc9053.xml,https://www.rfc-editor.org/info/rfc8610,200
rfc9053.xml,https://www.rfc-editor.org/info/rfc8778,200
rfc9053.xml,https://www.rfc-editor.org/info/rfc9021,200
rfc9053.xml,https://www.rfc-editor.org/info/rfc9147,200
rfc9053.xml,https://eprint.iacr.org/2020/718.pdf,200
rfc9053.xml,https://nvlpubs.nist.gov/nistpubs/Legacy/SP/nistspecialpublication800-38d.pdf,200
rfc9053.xml,https://nvlpubs.nist.gov/nistpubs/SpecialPublications/NIST.SP.800-56Ar2.pdf,200
rfc9053.xml,https://www.rfc-editor.org/info/std90,200
rfc8744.xml,https://datatracker.ietf.org/doc/draft-ietf-tls-sni-encryption-09,200
rfc8744.xml,https://dx.doi.org/10.17487/rfc8744,200
rfc8744.xml,https://www.rfc-editor.org/info/rfc8744,200
rfc8744.xml,https://trustee.ietf.org/license-info,200
rfc8744.xml,https://www.bamsoftware.com/papers/fronting/,200
rfc8744.xml,https://tools.ietf.org/html/draft-ietf-tls-dtls13-38,200
rfc8744.xml,http://www.ietf.org/internet-drafts/draft-ietf-tls-dtls13-38.txt,Connection error: HTTP Error 404: Not Found
rfc8744.xml,https://tools.ietf.org/html/draft-ietf-httpbis-http2-secondary-certs-06,200
rfc8744.xml,http://www.ietf.org/internet-drafts/draft-ietf-httpbis-http2-secondary-certs-06.txt,Connection error: HTTP Error 404: Not Found
rfc8744.xml,https://tools.ietf.org/html/draft-ietf-quic-tls-29,200
rfc8744.xml,http://www.ietf.org/internet-drafts/draft-ietf-quic-tls-29.txt,Connection error: HTTP Error 404: Not Found
rfc8744.xml,https://www.rfc-editor.org/info/rfc2246,200
rfc8744.xml,https://www.rfc-editor.org/info/rfc3207,200
rfc8744.xml,https://www.rfc-editor.org/info/rfc3546,200
rfc8744.xml,https://www.rfc-editor.org/info/rfc4346,200
rfc8744.xml,https://www.rfc-editor.org/info/rfc4366,200
rfc8744.xml,https://www.rfc-editor.org/info/rfc5246,200
rfc8744.xml,https://www.rfc-editor.org/info/rfc6066,200
rfc8744.xml,https://www.rfc-editor.org/info/rfc7258,200
rfc8744.xml,https://www.rfc-editor.org/info/rfc7540,200
rfc8744.xml,https://www.rfc-editor.org/info/rfc7590,200
rfc8744.xml,https://www.rfc-editor.org/info/rfc7858,200
rfc8744.xml,https://www.rfc-editor.org/info/rfc8314,200
rfc8744.xml,https://www.rfc-editor.org/info/rfc8336,200
rfc8744.xml,https://www.rfc-editor.org/info/rfc8404,200
rfc8744.xml,https://www.rfc-editor.org/info/rfc8446,200
rfc8744.xml,https://www.rfc-editor.org/info/rfc8484,200
rfc8744.xml,https://mailarchive.ietf.org/arch/msg/tls/tXvdcqnogZgqmdfCugrV8M90Ftw,200
rfc8950.xml,https://datatracker.ietf.org/doc/draft-ietf-bess-rfc5549revision-06,200
rfc8950.xml,https://dx.doi.org/10.17487/rfc8950,200
rfc8950.xml,https://www.rfc-editor.org/info/rfc8950,200
rfc8950.xml,https://trustee.ietf.org/license-info,200
rfc8950.xml,https://www.rfc-editor.org/info/rfc2119,200
rfc8950.xml,https://www.rfc-editor.org/info/rfc2545,200
rfc8950.xml,https://www.rfc-editor.org/info/rfc4291,200
rfc8950.xml,https://www.rfc-editor.org/info/rfc4364,200
rfc8950.xml,https://www.rfc-editor.org/info/rfc4760,200
rfc8950.xml,https://www.rfc-editor.org/info/rfc5492,200
rfc8950.xml,https://www.rfc-editor.org/info/rfc8174,200
rfc8950.xml,https://www.rfc-editor.org/info/rfc8277,200
rfc8950.xml,https://www.rfc-editor.org/errata/eid5253,200
rfc8950.xml,https://www.iana.org/assignments/address-family-numbers/,200
rfc8950.xml,https://www.iana.org/assignments/capability-codes/,200
rfc8950.xml,https://www.iana.org/assignments/safi-namespace/,200
rfc8950.xml,https://www.rfc-editor.org/info/rfc4272,200
rfc8950.xml,https://www.rfc-editor.org/info/rfc4659,200
rfc8950.xml,https://www.rfc-editor.org/info/rfc4684,200
rfc8950.xml,https://www.rfc-editor.org/info/rfc4798,200
rfc8950.xml,https://www.rfc-editor.org/info/rfc4925,200
rfc8950.xml,https://www.rfc-editor.org/info/rfc5549,200
rfc8950.xml,https://www.rfc-editor.org/info/rfc5565,200
rfc8950.xml,https://www.rfc-editor.org/info/rfc6074,200
rfc8950.xml,https://www.rfc-editor.org/info/rfc6513,200
rfc8950.xml,https://www.rfc-editor.org/info/rfc6514,200
rfc9232.xml,https://datatracker.ietf.org/doc/draft-ietf-opsawg-ntf-13,200
rfc9232.xml,https://dx.doi.org/10.17487/rfc9232,200
rfc9232.xml,https://www.rfc-editor.org/info/rfc9232,200
rfc9232.xml,https://trustee.ietf.org/license-info,200
rfc9232.xml,https://datatracker.ietf.org/meeting/98/materials/slides-98-rtgwg-gnmi-intro-draft-openconfig-rtgwg-gnmi-spec-00,200
rfc9232.xml,https://developers.google.com/protocol-buffers,200
rfc9232.xml,https://grpc.io,200
rfc9232.xml,https://datatracker.ietf.org/doc/html/draft-ietf-ippm-ioam-direct-export-07,200
rfc9232.xml,https://datatracker.ietf.org/doc/html/draft-song-ippm-postcard-based-telemetry-12,200
rfc9232.xml,https://www.ietf.org/archive/id/draft-song-ippm-postcard-based-telemetry-12.txt,200
rfc9232.xml,https://datatracker.ietf.org/doc/html/draft-ietf-netconf-distributed-notif-03,200
rfc9232.xml,https://www.ietf.org/archive/id/draft-ietf-netconf-distributed-notif-03.txt,200
rfc9232.xml,https://datatracker.ietf.org/doc/html/draft-ietf-netconf-udp-notif-05,200
rfc9232.xml,https://www.ietf.org/archive/id/draft-ietf-netconf-udp-notif-05.txt,200
rfc9232.xml,https://datatracker.ietf.org/doc/html/draft-ietf-netmod-eca-policy-01,200
rfc9232.xml,https://www.ietf.org/archive/id/draft-ietf-netmod-eca-policy-01.txt,200
rfc9232.xml,https://datatracker.ietf.org/doc/html/draft-pedro-nmrg-anticipated-adaptation-02,200
rfc9232.xml,https://datatracker.ietf.org/doc/html/draft-irtf-nmrg-ibn-concepts-definitions-09,200
rfc9232.xml,https://www.ietf.org/archive/id/draft-irtf-nmrg-ibn-concepts-definitions-09.txt,200
rfc9232.xml,https://datatracker.ietf.org/doc/html/draft-song-opsawg-dnp4iq-01,200
rfc9232.xml,https://datatracker.ietf.org/doc/html/draft-song-opsawg-ifit-framework-17,200
rfc9232.xml,https://www.ietf.org/archive/id/draft-song-opsawg-ifit-framework-17.txt,200
rfc9232.xml,https://www.rfc-editor.org/info/rfc1157,200
rfc9232.xml,https://www.rfc-editor.org/info/rfc2578,200
rfc9232.xml,https://www.rfc-editor.org/info/rfc2981,200
rfc9232.xml,https://www.rfc-editor.org/info/rfc3176,200
rfc9232.xml,https://www.rfc-editor.org/info/rfc3411,200
rfc9232.xml,https://www.rfc-editor.org/info/rfc3416,200
rfc9232.xml,https://www.rfc-editor.org/info/rfc3877,200
rfc9232.xml,https://www.rfc-editor.org/info/rfc3954,200
rfc9232.xml,https://www.rfc-editor.org/info/rfc4656,200
rfc9232.xml,https://www.rfc-editor.org/info/rfc5085,200
rfc9232.xml,https://www.rfc-editor.org/info/rfc5357,200
rfc9232.xml,https://www.rfc-editor.org/info/rfc5424,200
rfc9232.xml,https://www.rfc-editor.org/info/rfc6020,200
rfc9232.xml,https://www.rfc-editor.org/info/rfc6241,200
rfc9232.xml,https://www.rfc-editor.org/info/rfc6812,200
rfc9232.xml,https://www.rfc-editor.org/info/rfc7011,200
rfc9232.xml,https://www.rfc-editor.org/info/rfc7258,200
rfc9232.xml,https://www.rfc-editor.org/info/rfc7276,200
rfc9232.xml,https://www.rfc-editor.org/info/rfc7540,200
rfc9232.xml,https://www.rfc-editor.org/info/rfc7575,200
rfc9232.xml,https://www.rfc-editor.org/info/rfc7799,200
rfc9232.xml,https://www.rfc-editor.org/info/rfc7854,200
rfc9232.xml,https://www.rfc-editor.org/info/rfc7950,200
rfc9232.xml,https://www.rfc-editor.org/info/rfc8040,200
rfc9232.xml,https://www.rfc-editor.org/info/rfc8084,200
rfc9232.xml,https://www.rfc-editor.org/info/rfc8085,200
rfc9232.xml,https://www.rfc-editor.org/info/rfc8259,200
rfc9232.xml,https://www.rfc-editor.org/info/rfc8321,200
rfc9232.xml,https://www.rfc-editor.org/info/rfc8639,200
rfc9232.xml,https://www.rfc-editor.org/info/rfc8641,200
rfc9232.xml,https://www.rfc-editor.org/info/rfc8671,200
rfc9232.xml,https://www.rfc-editor.org/info/rfc8762,200
rfc9232.xml,https://www.rfc-editor.org/info/rfc8889,200
rfc9232.xml,https://www.rfc-editor.org/info/rfc8924,200
rfc9232.xml,https://www.rfc-editor.org/info/rfc9069,200
rfc9232.xml,https://www.rfc-editor.org/info/rfc9197,200
rfc9232.xml,https://www.w3.org/TR/2008/REC-xml-20081126,200
rfc9232.xml,https://www.itu.int/rec/T-REC-Y.1731/en,200
rfc9335.xml,https://datatracker.ietf.org/doc/draft-ietf-avtcore-cryptex-08,200
rfc9335.xml,https://dx.doi.org/10.17487/rfc9335,200
rfc9335.xml,https://www.rfc-editor.org/info/rfc9335,200
rfc9335.xml,https://trustee.ietf.org/license-info,200
rfc9335.xml,https://www.rfc-editor.org/info/rfc2119,200
rfc9335.xml,https://www.rfc-editor.org/info/rfc2119,200
rfc9335.xml,https://www.rfc-editor.org/info/rfc3264,200
rfc9335.xml,https://www.rfc-editor.org/info/rfc3264,200
rfc9335.xml,https://www.rfc-editor.org/info/rfc3550,200
rfc9335.xml,https://www.rfc-editor.org/info/rfc3550,200
rfc9335.xml,https://www.rfc-editor.org/info/rfc3711,200
rfc9335.xml,https://www.rfc-editor.org/info/rfc3711,200
rfc9335.xml,https://www.rfc-editor.org/info/rfc8174,200
rfc9335.xml,https://www.rfc-editor.org/info/rfc8174,200
rfc9335.xml,https://www.rfc-editor.org/info/rfc8285,200
rfc9335.xml,https://www.rfc-editor.org/info/rfc8285,200
rfc9335.xml,https://www.rfc-editor.org/info/rfc8859,200
rfc9335.xml,https://www.rfc-editor.org/info/rfc8859,200
rfc9335.xml,https://www.rfc-editor.org/info/rfc8866,200
rfc9335.xml,https://www.rfc-editor.org/info/rfc8866,200
rfc9335.xml,https://www.rfc-editor.org/info/rfc9143,200
rfc9335.xml,https://www.rfc-editor.org/info/rfc9143,200
rfc9335.xml,https://www.rfc-editor.org/info/rfc6464,200
rfc9335.xml,https://www.rfc-editor.org/info/rfc6464,200
rfc9335.xml,https://www.rfc-editor.org/info/rfc6465,200
rfc9335.xml,https://www.rfc-editor.org/info/rfc6465,200
rfc9335.xml,https://www.rfc-editor.org/info/rfc6904,200
rfc9335.xml,https://www.rfc-editor.org/info/rfc6904,200
rfc9335.xml,https://www.rfc-editor.org/info/rfc7714,200
rfc9335.xml,https://www.rfc-editor.org/info/rfc7714,200
rfc9001.xml,https://dx.doi.org/10.17487/rfc9001,200
rfc9001.xml,https://datatracker.ietf.org/doc/draft-ietf-quic-tls-34,200
rfc9001.xml,https://www.rfc-editor.org/info/rfc9001,200
rfc9001.xml,https://trustee.ietf.org/license-info,200
rfc9001.xml,https://www.rfc-editor.org/info/rfc5116,200
rfc9001.xml,https://doi.org/10.6028/nist.fips.197,200
rfc9001.xml,https://www.rfc-editor.org/info/rfc7301,200
rfc9001.xml,https://www.rfc-editor.org/info/rfc8439,200
rfc9001.xml,https://www.rfc-editor.org/info/rfc5869,200
rfc9001.xml,https://www.rfc-editor.org/info/rfc9002,200
rfc9001.xml,https://www.rfc-editor.org/info/rfc9000,200
rfc9001.xml,https://www.rfc-editor.org/info/rfc2119,200
rfc9001.xml,https://www.rfc-editor.org/info/rfc4086,200
rfc9001.xml,https://www.rfc-editor.org/info/rfc8174,200
rfc9001.xml,https://doi.org/10.6028/nist.fips.180-4,200
rfc9001.xml,https://www.rfc-editor.org/info/rfc8447,200
rfc9001.xml,https://www.rfc-editor.org/info/rfc8446,200
rfc9001.xml,https://www.isg.rhul.ac.uk/~kp/TLS-AEbounds.pdf,Connection error: HTTP Error 404: Not Found
rfc9001.xml,https://www.rfc-editor.org/info/rfc20,200
rfc9001.xml,https://doi.org/10.1007/3-540-36492-7_7,200
rfc9001.xml,https://www.rfc-editor.org/info/rfc8879,200
rfc9001.xml,https://doi.org/10.1145/3243734.3243816,Connection error: HTTP Error 403: Forbidden
rfc9001.xml,https://www.rfc-editor.org/info/rfc8470,200
rfc9001.xml,https://www.rfc-editor.org/info/rfc8740,200
rfc9001.xml,https://doi.org/10.1007/978-3-030-26948-7_9,200
rfc9001.xml,https://tools.ietf.org/html/draft-ietf-quic-http-34,200
rfc9001.xml,https://www.rfc-editor.org/info/rfc2818,200
rfc9001.xml,https://www.rfc-editor.org/info/rfc5280,200
rfc9001.xml,https://eprint.iacr.org/2020/718,200
rfc8725.xml,https://datatracker.ietf.org/doc/draft-ietf-oauth-jwt-bcp-07,200
rfc8725.xml,https://dx.doi.org/10.17487/rfc8725,200
rfc8725.xml,https://www.rfc-editor.org/info/rfc8725,200
rfc8725.xml,https://trustee.ietf.org/license-info,200
rfc8725.xml,https://doi.org/10.6028/NIST.SP.800-56Ar3,200
rfc8725.xml,https://www.rfc-editor.org/info/rfc2119,200
rfc8725.xml,https://www.rfc-editor.org/info/rfc6979,200
rfc8725.xml,https://www.rfc-editor.org/info/rfc7515,200
rfc8725.xml,https://www.rfc-editor.org/info/rfc7516,200
rfc8725.xml,https://www.rfc-editor.org/info/rfc7518,200
rfc8725.xml,https://www.rfc-editor.org/info/rfc7519,200
rfc8725.xml,https://www.rfc-editor.org/info/rfc8017,200
rfc8725.xml,https://www.rfc-editor.org/info/rfc8037,200
rfc8725.xml,https://www.rfc-editor.org/info/rfc8174,200
rfc8725.xml,https://www.rfc-editor.org/info/rfc8259,200
rfc8725.xml,https://doi.org/10.1007/978-3-662-47854-7_6,200
rfc8725.xml,https://nvd.nist.gov/vuln/detail/CVE-2015-9235,Connection error: HTTP Error 502: Bad Gateway
rfc8725.xml,https://doi.org/10.1007/3-540-45661-9_21,200
rfc8725.xml,https://www.sjoerdlangkemper.nl/2016/09/28/attacking-jwt-authentication/,200
rfc8725.xml,https://auth0.com/blog/critical-vulnerabilities-in-json-web-token-libraries/,200
rfc8725.xml,https://openid.net/specs/openid-connect-core-1_0.html,200
rfc8725.xml,https://www.rfc-editor.org/info/rfc6749,200
rfc8725.xml,https://www.rfc-editor.org/info/rfc7159,200
rfc8725.xml,https://www.rfc-editor.org/info/rfc7517,200
rfc8725.xml,https://www.rfc-editor.org/info/rfc8414,200
rfc8725.xml,https://www.rfc-editor.org/info/rfc8417,200
rfc8725.xml,https://blogs.adobe.com/security/2017/03/critical-vulnerability-uncovered-in-json-encryption.html,"Connection error: <urlopen error [SSL: CERTIFICATE_VERIFY_FAILED] certificate verify failed: Hostname mismatch, certificate is not valid for 'blogs.adobe.com'. (_ssl.c:1006)>"
rfc8725.xml,https://ia.cr/2018/298,200
rfc9386.xml,https://datatracker.ietf.org/doc/draft-ietf-v6ops-ipv6-deployment-10,200
rfc9386.xml,https://dx.doi.org/10.17487/rfc9386,200
rfc9386.xml,https://www.rfc-editor.org/info/rfc9386,200
rfc9386.xml,https://trustee.ietf.org/license-info,200
rfc9386.xml,https://www.rfc-editor.org/info/rfc1918,200
rfc9386.xml,https://www.rfc-editor.org/info/rfc3756,200
rfc9386.xml,https://www.rfc-editor.org/info/rfc3971,200
rfc9386.xml,https://www.rfc-editor.org/info/rfc4213,200
rfc9386.xml,https://www.rfc-editor.org/info/rfc6036,200
rfc9386.xml,https://www.rfc-editor.org/info/rfc6180,200
rfc9386.xml,https://www.rfc-editor.org/info/rfc6333,200
rfc9386.xml,https://www.rfc-editor.org/info/rfc6540,200
rfc9386.xml,https://www.rfc-editor.org/info/rfc6583,200
rfc9386.xml,https://www.rfc-editor.org/info/rfc6877,200
rfc9386.xml,https://www.rfc-editor.org/info/rfc6883,200
rfc9386.xml,https://www.rfc-editor.org/info/rfc7381,200
rfc9386.xml,https://www.rfc-editor.org/info/rfc7596,200
rfc9386.xml,https://www.rfc-editor.org/info/rfc7597,200
rfc9386.xml,https://www.rfc-editor.org/info/rfc7599,200
rfc9386.xml,https://www.rfc-editor.org/info/rfc8950,200
rfc9386.xml,https://www.rfc-editor.org/info/rfc9099,200
rfc9386.xml,https://www.rfc-editor.org/info/rfc9313,200
rfc9386.xml,https://www.akamai.com/uk/en/resources/our-thinking/state-of-the-internet-report/state-of-the-internet-ipv6-adoption-visualization,Connection error: Remote end closed connection without response
rfc9386.xml,https://aws.amazon.com/es/about-aws/whats-new/2016/10/ipv6-support-for-cloudfront-waf-and-s3-transfer-acceleration/,200
rfc9386.xml,https://shop.cta.tech/products/host-and-router-profiles-for-ipv6,Connection error: HTTP Error 404: Not Found
rfc9386.xml,https://stats.labs.apnic.net/ipv6,200
rfc9386.xml,https://blog.apnic.net/2022/01/19/ip-addressing-in-2021/,Connection error: HTTP Error 403: Forbidden
rfc9386.xml,https://blog.apnic.net/2021/01/05/bgp-in-2020-the-bgp-table/,Connection error: HTTP Error 403: Forbidden
rfc9386.xml,https://blog.apnic.net/2022/01/06/bgp-in-2021-the-bgp-table/,Connection error: HTTP Error 403: Forbidden
rfc9386.xml,https://stats.labs.apnic.net/v6perf/XA,200
rfc9386.xml,https://2020.apricot.net/assets/files/APAE432/ipv6-performance-measurement.pdf,200
rfc9386.xml,https://www.arcep.fr/uploads/tx_gsavis/19-1386.pdf,200
rfc9386.xml,https://www.arin.net/about/community_grants/recipients/2020,200
rfc9386.xml,https://www.arin.net/resources/guide/ipv6/preparing_apps_for_v6.pdf,200
rfc9386.xml,http://218.2.231.237:5001/cgi-bin/generate,Connection error: <urlopen error [Errno 110] Connection timed out>
rfc9386.xml,http://218.2.231.237:5001/cgi-bin/generate_gov,Connection error: <urlopen error [Errno 110] Connection timed out>
rfc9386.xml,http://218.2.231.237:5001/cgi-bin/generate_edu,Connection error: <urlopen error [Errno 110] Connection timed out>
rfc9386.xml,https://www.ripe.net/participate/meetings/roundtable/september-2017/government-roundtable-meeting-bahrain-26-september-2017/presentations/belgium-experience-bahrain-roundtable.pdf,200
rfc9386.xml,https://www.cmand.org/workshops/202006-v6/slides/2020-06-16-client-side.pdf,200
rfc9386.xml,https://www.cisco.com/c/en/us/solutions/collateral/executive-perspectives/annual-internet-report/white-paper-c11-741490.html,200
rfc9386.xml,https://support.cloudflare.com/hc/en-us/articles/229666767-Understanding-and-configuring-Cloudflare-s-IPv6-support,Connection error: HTTP Error 403: Forbidden
rfc9386.xml,https://mydigitalpublication.com/article/Impact+on+Enterprises+of+the+IPv6-Only+Direction+for+the+U.S.+Federal+Government/3702828/664279/article.html,Connection error: HTTP Error 403: Forbidden
rfc9386.xml,http://www.china.org.cn/business/2017-11/27/content_41948814.htm,200
rfc9386.xml,https://www.china-ipv6.cn/#/activeconnect/simpleInfo,200
rfc9386.xml,https://cnlabs.in/IPv6_Mon/generate_industry.html,Connection error: HTTP Error 404: Not Found
rfc9386.xml,https://cnlabs.in/IPv6_Mon/generate_gov.html,Connection error: HTTP Error 404: Not Found
rfc9386.xml,https://doi.org/10.1016/j.cose.2018.04.012,200
rfc9386.xml,https://6lab.cisco.com/stats/,200
rfc9386.xml,https://indico.uknof.org.uk/event/38/contributions/489/attachments/612/736/Nick_Heatley_EE_IPv6_UKNOF_20170119.pdf,Connection error: <urlopen error [Errno 101] Network is unreachable>
rfc9386.xml,https://www.etsi.org/deliver/etsi_gr/IPE/001_099/001/01.01.01_60/gr_IPE001v010101p.pdf,200
rfc9386.xml,https://youtu.be/An7s25FSK0U,200
rfc9386.xml,https://media.frag-den-staat.de/files/foi/531501/de-government-ipv6-masterplan-v100-entwurf_konvertiert.pdf,200
rfc9386.xml,https://support.google.com/interconnect/answer/9058809?hl=en,200
rfc9386.xml,https://www.google.com/intl/en/ipv6/statistics.html,200
rfc9386.xml,https://datatracker.ietf.org/doc/html/draft-ietf-v6ops-hbh-04,200
rfc9386.xml,https://datatracker.ietf.org/doc/html/draft-ietf-6man-hbh-processing-07,200
rfc9386.xml,https://hexabuild.io/assets/files/HexaBuild-IPv6-Adoption-Report-2020.pdf,200
rfc9386.xml,https://www.iab.org/2016/11/07/iab-statement-on-ipv6/,Connection error: HTTP Error 403: Forbidden
rfc9386.xml,https://dot.gov.in/revision-ipv6-transition-timelines-2021,200
rfc9386.xml,https://www.emerald.com/insight/content/doi/10.1108/DPRG-10-2019-0085/full/html,200
rfc9386.xml,https://dl.acm.org/doi/abs/10.1109/INFOCOM41043.2020.9155367,Connection error: HTTP Error 403: Forbidden
rfc9386.xml,https://datatracker.ietf.org/doc/html/draft-bonica-6man-ext-hdr-update-07,200
rfc9386.xml,https://datatracker.ietf.org/doc/html/draft-palet-v6ops-ipv6-only-05,200
rfc9386.xml,https://www.ipv6forum.com/IPv6-Monitoring/index.html,200
rfc9386.xml,https://isif.asia/ipv6-deployment-at-enterprises/,Connection error: HTTP Error 403: Forbidden
rfc9386.xml,https://www.internetsociety.org/resources/2018/state-of-ipv6-deployment-2018/,Connection error: HTTP Error 403: Forbidden
rfc9386.xml,https://www.internetsociety.org/blog/2015/04/facebook-news-feeds-load-20-40-faster-over-ipv6/,Connection error: HTTP Error 403: Forbidden
rfc9386.xml,https://www.internetsociety.org/wp-content/uploads/2019/02/Deploy360-IPv6-Security-FAQ.pdf,Connection error: HTTP Error 403: Forbidden
rfc9386.xml,https://datatracker.ietf.org/meeting/99/materials/slides-99-maprg-measuring-youtube-content-delivery-over-ipv6-00,200
rfc9386.xml,https://azure.microsoft.com/en-us/updates/ipv6-for-azure-vms/,200
rfc9386.xml,https://datatracker.ietf.org/doc/html/draft-ietf-v6ops-nd-considerations-00,200
rfc9386.xml,https://www.nro.net/wp-content/uploads/NRO-Statistics-2021-Q3-FINAL.pdf,200
rfc9386.xml,https://fedv6-deployment.antd.nist.gov/cgi-bin/generate-com,200
rfc9386.xml,https://fedv6-deployment.antd.nist.gov/cgi-bin/generate-gov,200
rfc9386.xml,https://fedv6-deployment.antd.nist.gov/cgi-bin/generate-edu,200
rfc9386.xml,https://netflixtechblog.com/enabling-support-for-ipv6-48a495d5196f,Connection error: HTTP Error 403: Forbidden
rfc9386.xml,https://www.potaroo.net/ispcol/2022-01/addr2021.html,200
rfc9386.xml,https://www.potaroo.net/bgp/iso3166/v6cc.html,200
rfc9386.xml,https://datatracker.ietf.org/meeting/109/materials/slides-109-v6ops-ipv6-only-adoption-challenges-and-standardization-requirements-03,200
rfc9386.xml,https://www.rfc-editor.org/info/rfc4862,200
rfc9386.xml,https://www.rfc-editor.org/info/rfc5095,200
rfc9386.xml,https://www.rfc-editor.org/info/rfc6264,200
rfc9386.xml,https://www.rfc-editor.org/info/rfc6980,200
rfc9386.xml,https://www.rfc-editor.org/info/rfc7872,200
rfc9386.xml,https://www.rfc-editor.org/info/rfc8064,200
rfc9386.xml,https://www.rfc-editor.org/info/rfc8200,200
rfc9386.xml,https://www.rfc-editor.org/info/rfc8305,200
rfc9386.xml,https://www.rfc-editor.org/info/rfc8415,200
rfc9386.xml,https://www.rfc-editor.org/info/rfc8683,200
rfc9386.xml,https://www.rfc-editor.org/info/rfc8981,200
rfc9386.xml,https://www.rfc-editor.org/info/rfc9098,200
rfc9386.xml,https://ripe73.ripe.net/wp-content/uploads/presentations/35-2016-10-24-v6-performance.pdf,200
rfc9386.xml,https://www.ripe.net/support/training/material/ipv6-security/ipv6security-slides.pdf,200
rfc9386.xml,https://www.sandvine.com/press-releases/sandvine-releases-2020-mobile-internet-phenomena-report-youtube-is-over-25-of-all-mobile-traffic,200
rfc9386.xml,https://pc.nanog.org/static/published/meetings/NANOG73/1645/20180625_Lagerholm_T-Mobile_S_Journey_To_v1.pdf,Connection error: HTTP Error 403: Forbidden
rfc9386.xml,https://www.cio.gov/assets/resources/internet-protocol-version6-draft.pdf,200
rfc9386.xml,https://www.federalregister.gov/documents/2020/03/02/2020-04202/request-for-comments-on-updated-guidance-for-completing-the-transition-to-the-next-generation,"Connection error: HTTP Error 302: The HTTP server returned a redirect error that would lead to an infinite loop.
The last 30x error message was:
Moved Temporarily"
rfc9386.xml,https://w3techs.com/technologies/history_overview/site_element/all/y,200
rfc9386.xml,https://www.worldipv6launch.org/measurements/,Connection error: HTTP Error 403: Forbidden
rfc9386.xml,https://industrynetcouncil.org/,Connection error: HTTP Error 403: Forbidden
rfc9521.xml,https://datatracker.ietf.org/doc/draft-ietf-nvo3-bfd-geneve-13,200
rfc9521.xml,https://dx.doi.org/10.17487/rfc9521,200
rfc9521.xml,https://www.rfc-editor.org/info/rfc9521,200
rfc9521.xml,https://trustee.ietf.org/license-info,200
rfc9521.xml,https://www.rfc-editor.org/info/rfc2119,200
rfc9521.xml,https://www.rfc-editor.org/info/rfc5880,200
rfc9521.xml,https://www.rfc-editor.org/info/rfc5881,200
rfc9521.xml,https://www.rfc-editor.org/info/rfc8174,200
rfc9521.xml,https://www.rfc-editor.org/info/rfc8926,200
rfc9521.xml,https://datatracker.ietf.org/doc/html/draft-ietf-nvo3-geneve-oam-09,200
rfc9521.xml,https://www.rfc-editor.org/info/rfc7365,200
rfc9521.xml,https://www.rfc-editor.org/info/rfc8014,200
rfc9521.xml,https://www.rfc-editor.org/info/rfc8971,200
rfc8751.xml,https://datatracker.ietf.org/doc/draft-ietf-pce-stateful-hpce-15,200
rfc8751.xml,https://dx.doi.org/10.17487/rfc8751,200
rfc8751.xml,https://www.rfc-editor.org/info/rfc8751,200
rfc8751.xml,https://trustee.ietf.org/license-info,200
rfc8751.xml,https://www.rfc-editor.org/info/rfc2119,200
rfc8751.xml,https://www.rfc-editor.org/info/rfc4655,200
rfc8751.xml,https://www.rfc-editor.org/info/rfc5440,200
rfc8751.xml,https://www.rfc-editor.org/info/rfc5520,200
rfc8751.xml,https://www.rfc-editor.org/info/rfc5925,200
rfc8751.xml,https://www.rfc-editor.org/info/rfc6805,200
rfc8751.xml,https://www.rfc-editor.org/info/rfc7525,200
rfc8751.xml,https://www.rfc-editor.org/info/rfc8174,200
rfc8751.xml,https://www.rfc-editor.org/info/rfc8231,200
rfc8751.xml,https://www.rfc-editor.org/info/rfc8253,200
rfc8751.xml,https://www.rfc-editor.org/info/rfc8281,200
rfc8751.xml,https://www.rfc-editor.org/info/rfc8446,200
rfc8751.xml,https://www.rfc-editor.org/info/rfc3209,200
rfc8751.xml,https://www.rfc-editor.org/info/rfc3473,200
rfc8751.xml,https://www.rfc-editor.org/info/rfc4726,200
rfc8751.xml,https://www.rfc-editor.org/info/rfc5623,200
rfc8751.xml,https://www.rfc-editor.org/info/rfc8051,200
rfc8751.xml,https://www.rfc-editor.org/info/rfc8232,200
rfc8751.xml,https://www.rfc-editor.org/info/rfc8453,200
rfc8751.xml,https://www.rfc-editor.org/info/rfc8637,200
rfc8751.xml,https://www.rfc-editor.org/info/rfc8685,200
rfc8751.xml,https://www.rfc-editor.org/info/rfc8741,200
rfc8751.xml,https://www.rfc-editor.org/info/rfc8745,200
rfc8751.xml,https://tools.ietf.org/html/draft-ietf-pce-enhanced-errors-06,200
rfc8751.xml,http://www.ietf.org/internet-drafts/draft-ietf-pce-enhanced-errors-06.txt,Connection error: HTTP Error 404: Not Found
rfc8751.xml,https://tools.ietf.org/html/draft-ietf-pce-pcep-yang-13,200
rfc8751.xml,http://www.ietf.org/internet-drafts/draft-ietf-pce-pcep-yang-13.txt,Connection error: HTTP Error 404: Not Found
rfc8751.xml,https://tools.ietf.org/html/draft-litkowski-pce-state-sync-07,200
rfc8751.xml,http://www.ietf.org/internet-drafts/draft-litkowski-pce-state-sync-07.txt,Connection error: HTTP Error 404: Not Found
rfc8751.xml,https://tools.ietf.org/html/draft-dugeon-pce-stateful-interdomain-02,200
rfc8751.xml,http://www.ietf.org/internet-drafts/draft-dugeon-pce-stateful-interdomain-02.txt,Connection error: HTTP Error 404: Not Found
rfc9636.xml,https://datatracker.ietf.org/doc/draft-murchison-rfc8536bis-15,200
rfc9636.xml,https://dx.doi.org/10.17487/rfc9636,200
rfc9636.xml,https://www.rfc-editor.org/info/rfc9636,200
rfc9636.xml,https://trustee.ietf.org/license-info,200
rfc9636.xml,https://www.iana.org/assignments/media-types,200
rfc9636.xml,https://www.gnu.org/software/libc/,Connection error: <urlopen error [Errno 101] Network is unreachable>
rfc9636.xml,https://www.itu.int/rec/R-REC-TF.460/en,200
rfc9636.xml,https://pubs.opengroup.org/onlinepubs/9699919799/,200
rfc9636.xml,https://www.rfc-editor.org/info/rfc20,200
rfc9636.xml,https://www.rfc-editor.org/info/rfc2119,200
rfc9636.xml,https://www.rfc-editor.org/info/rfc6838,200
rfc9636.xml,https://www.rfc-editor.org/info/rfc7808,200
rfc9636.xml,https://www.rfc-editor.org/info/rfc8174,200
rfc9636.xml,https://www.rfc-editor.org/info/rfc9110,200
rfc9636.xml,http://man7.org/linux/man-pages/man8/zic.8.html,200
rfc9636.xml,https://www.bipm.org/en/cgpm-2022/resolution-4,200
rfc9636.xml,https://cldr.unicode.org/,Connection error: HTTP Error 403: Forbidden
rfc9636.xml,https://github.com/eggert/tz/commits/main/tzfile.5,200
rfc9636.xml,https://www.rfc-editor.org/errata/eid6426,200
rfc9636.xml,https://www.rfc-editor.org/errata/eid6435,200
rfc9636.xml,https://www.rfc-editor.org/errata/eid6757,200
rfc9636.xml,https://www.rfc-editor.org/errata/eid7681,200
rfc9636.xml,https://www.rfc-editor.org/info/rfc5545,200
rfc9636.xml,https://www.rfc-editor.org/info/rfc6557,200
rfc9636.xml,https://www.rfc-editor.org/info/rfc8446,200
rfc9636.xml,https://www.rfc-editor.org/info/rfc8536,200
rfc9636.xml,https://www.iana.org/time-zones/repository/tz-link.html,200
rfc9339.xml,https://datatracker.ietf.org/doc/draft-ietf-lsr-ospf-reverse-metric-13,200
rfc9339.xml,https://dx.doi.org/10.17487/rfc9339,200
rfc9339.xml,https://www.rfc-editor.org/info/rfc9339,200
rfc9339.xml,https://trustee.ietf.org/license-info,200
rfc9339.xml,https://www.rfc-editor.org/info/rfc2119,200
rfc9339.xml,https://www.rfc-editor.org/info/rfc2119,200
rfc9339.xml,https://www.rfc-editor.org/info/rfc2328,200
rfc9339.xml,https://www.rfc-editor.org/info/rfc2328,200
rfc9339.xml,https://www.rfc-editor.org/info/rfc3630,200
rfc9339.xml,https://www.rfc-editor.org/info/rfc3630,200
rfc9339.xml,https://www.rfc-editor.org/info/rfc5340,200
rfc9339.xml,https://www.rfc-editor.org/info/rfc5340,200
rfc9339.xml,https://www.rfc-editor.org/info/rfc5613,200
rfc9339.xml,https://www.rfc-editor.org/info/rfc5613,200
rfc9339.xml,https://www.rfc-editor.org/info/rfc8174,200
rfc9339.xml,https://www.rfc-editor.org/info/rfc8174,200
rfc9339.xml,https://doi.org/10.1002/j.1538-7305.1953.tb01433.x,Connection error: HTTP Error 418: Unknown Code
rfc9339.xml,https://www.rfc-editor.org/info/rfc4915,200
rfc9339.xml,https://www.rfc-editor.org/info/rfc4915,200
rfc9339.xml,https://www.rfc-editor.org/info/rfc5709,200
rfc9339.xml,https://www.rfc-editor.org/info/rfc5709,200
rfc9339.xml,https://www.rfc-editor.org/info/rfc6845,200
rfc9339.xml,https://www.rfc-editor.org/info/rfc6845,200
rfc9339.xml,https://www.rfc-editor.org/info/rfc7474,200
rfc9339.xml,https://www.rfc-editor.org/info/rfc7474,200
rfc9339.xml,https://www.rfc-editor.org/info/rfc8042,200
rfc9339.xml,https://www.rfc-editor.org/info/rfc8042,200
rfc9339.xml,https://www.rfc-editor.org/info/rfc8405,200
rfc9339.xml,https://www.rfc-editor.org/info/rfc8405,200
rfc9339.xml,https://www.rfc-editor.org/info/rfc8500,200
rfc9339.xml,https://www.rfc-editor.org/info/rfc8500,200
rfc9339.xml,https://www.rfc-editor.org/info/rfc9129,200
rfc9339.xml,https://www.rfc-editor.org/info/rfc9129,200
rfc8904.xml,https://datatracker.ietf.org/doc/draft-vesely-authmethod-dnswl-16,200
rfc8904.xml,https://dx.doi.org/10.17487/rfc8904,200
rfc8904.xml,https://www.rfc-editor.org/info/rfc8904,200
rfc8904.xml,https://trustee.ietf.org/license-info,200
rfc8904.xml,https://www.rfc-editor.org/info/rfc2606,200
rfc8904.xml,https://www.rfc-editor.org/info/rfc5782,200
rfc8904.xml,https://www.rfc-editor.org/info/rfc8601,200
rfc8904.xml,https://www.rfc-editor.org/info/rfc1034,200
rfc8904.xml,https://www.rfc-editor.org/info/rfc3225,200
rfc8904.xml,https://www.rfc-editor.org/info/rfc3629,200
rfc8904.xml,https://www.rfc-editor.org/info/rfc4033,200
rfc8904.xml,https://www.rfc-editor.org/info/rfc4880,200
rfc8904.xml,https://www.rfc-editor.org/info/rfc5198,200
rfc8904.xml,https://www.rfc-editor.org/info/rfc5598,200
rfc8904.xml,https://www.rfc-editor.org/info/rfc6376,200
rfc8904.xml,https://www.rfc-editor.org/info/rfc6530,200
rfc8904.xml,https://www.rfc-editor.org/info/rfc6762,200
rfc8904.xml,https://www.rfc-editor.org/info/rfc7208,200
rfc8904.xml,https://www.rfc-editor.org/info/rfc7489,200
rfc8904.xml,https://www.rfc-editor.org/info/rfc8460,200
rfc8904.xml,https://www.rfc-editor.org/info/rfc8482,200
rfc8904.xml,https://www.courier-mta.org/,200
rfc8904.xml,https://www.dnswl.org/,200
rfc8904.xml,https://www.unicode.org/reports/tr15/tr15-50.html,200
rfc8765.xml,https://datatracker.ietf.org/doc/draft-ietf-dnssd-push-25,200
rfc8765.xml,https://dx.doi.org/10.17487/rfc8765,200
rfc8765.xml,https://www.rfc-editor.org/info/rfc8765,200
rfc8765.xml,https://trustee.ietf.org/license-info,200
rfc8765.xml,https://www.iana.org/assignments/dns-parameters/,200
rfc8765.xml,https://www.rfc-editor.org/info/rfc20,200
rfc8765.xml,https://www.rfc-editor.org/info/rfc768,200
rfc8765.xml,https://www.rfc-editor.org/info/rfc793,200
rfc8765.xml,https://www.rfc-editor.org/info/rfc1034,200
rfc8765.xml,https://www.rfc-editor.org/info/rfc1035,200
rfc8765.xml,https://www.rfc-editor.org/info/rfc1123,200
rfc8765.xml,https://www.rfc-editor.org/info/rfc2119,200
rfc8765.xml,https://www.rfc-editor.org/info/rfc2136,200
rfc8765.xml,https://www.rfc-editor.org/info/rfc2181,200
rfc8765.xml,https://www.rfc-editor.org/info/rfc2782,200
rfc8765.xml,https://www.rfc-editor.org/info/rfc6066,200
rfc8765.xml,https://www.rfc-editor.org/info/rfc6335,200
rfc8765.xml,https://www.rfc-editor.org/info/rfc6895,200
rfc8765.xml,https://www.rfc-editor.org/info/rfc7673,200
rfc8765.xml,https://www.rfc-editor.org/info/rfc7766,200
rfc8765.xml,https://www.rfc-editor.org/info/rfc7858,200
rfc8765.xml,https://www.rfc-editor.org/info/rfc8174,200
rfc8765.xml,https://www.rfc-editor.org/info/rfc8310,200
rfc8765.xml,https://www.rfc-editor.org/info/rfc8446,200
rfc8765.xml,https://www.rfc-editor.org/info/rfc8490,200
rfc8765.xml,https://www.iana.org/assignments/service-names-port-numbers/,200
rfc8765.xml,https://www.rfc-editor.org/info/bcp195,200
rfc8765.xml,https://en.wikipedia.org/w/index.php?title=Observer_pattern&oldid=939702131,200
rfc8765.xml,https://www.rfc-editor.org/info/rfc2308,200
rfc8765.xml,https://www.rfc-editor.org/info/rfc3123,200
rfc8765.xml,https://www.rfc-editor.org/info/rfc4287,200
rfc8765.xml,https://www.rfc-editor.org/info/rfc4953,200
rfc8765.xml,https://www.rfc-editor.org/info/rfc6281,200
rfc8765.xml,https://www.rfc-editor.org/info/rfc6762,200
rfc8765.xml,https://www.rfc-editor.org/info/rfc6763,200
rfc8765.xml,https://www.rfc-editor.org/info/rfc6886,200
rfc8765.xml,https://www.rfc-editor.org/info/rfc6887,200
rfc8765.xml,https://www.rfc-editor.org/info/rfc7413,200
rfc8765.xml,https://www.rfc-editor.org/info/rfc8010,200
rfc8765.xml,https://www.rfc-editor.org/info/rfc8011,200
rfc8765.xml,https://www.rfc-editor.org/info/rfc8499,200
rfc8765.xml,https://www.rfc-editor.org/info/rfc8684,200
rfc8765.xml,https://www.rfc-editor.org/info/rfc8764,200
rfc8765.xml,https://www.rfc-editor.org/info/rfc8766,200
rfc8765.xml,https://opensource.apple.com/source/mDNSResponder/mDNSResponder-878.70.2/mDNSShared/dns_sd.h.auto.html,Connection error: HTTP Error 404: Not Found
rfc8765.xml,https://www.cisco.com/web/about/ac123/ac147/archived_issues/ipj_9-4/ipj_9-4.pdf,200
rfc8765.xml,https://tools.ietf.org/html/draft-ietf-tcpm-rack-08,200
rfc8765.xml,http://www.ietf.org/internet-drafts/draft-ietf-tcpm-rack-08.txt,Connection error: HTTP Error 404: Not Found
rfc8765.xml,https://xmpp.org/extensions/xep-0060.html,200
rfc9410.xml,https://datatracker.ietf.org/doc/draft-ietf-stir-identity-header-errors-handling-08,200
rfc9410.xml,https://dx.doi.org/10.17487/rfc9410,200
rfc9410.xml,https://www.rfc-editor.org/info/rfc9410,200
rfc9410.xml,https://trustee.ietf.org/license-info,200
rfc9410.xml,http://www.iana.org/assignments/sip-parameters,200
rfc9410.xml,https://www.iana.org/assignments/sip-parameters,200
rfc9410.xml,https://www.rfc-editor.org/info/rfc2119,200
rfc9410.xml,https://www.rfc-editor.org/info/rfc3261,200
rfc9410.xml,https://www.rfc-editor.org/info/rfc3326,200
rfc9410.xml,https://www.rfc-editor.org/info/rfc8174,200
rfc9410.xml,https://www.rfc-editor.org/info/rfc8224,200
rfc9410.xml,https://www.rfc-editor.org/info/rfc8225,200
rfc9410.xml,https://www.rfc-editor.org/info/rfc8226,200
rfc9410.xml,https://www.rfc-editor.org/info/rfc9366,200
rfc9410.xml,https://www.rfc-editor.org/info/rfc7340,200
rfc9342.xml,https://datatracker.ietf.org/doc/draft-ietf-ippm-rfc8889bis-04,200
rfc9342.xml,https://dx.doi.org/10.17487/rfc9342,200
rfc9342.xml,https://www.rfc-editor.org/info/rfc9342,200
rfc9342.xml,https://trustee.ietf.org/license-info,200
rfc9342.xml,https://www.rfc-editor.org/info/rfc2119,200
rfc9342.xml,https://www.rfc-editor.org/info/rfc2119,200
rfc9342.xml,https://www.rfc-editor.org/info/rfc5475,200
rfc9342.xml,https://www.rfc-editor.org/info/rfc5475,200
rfc9342.xml,https://www.rfc-editor.org/info/rfc5644,200
rfc9342.xml,https://www.rfc-editor.org/info/rfc5644,200
rfc9342.xml,https://www.rfc-editor.org/info/rfc8174,200
rfc9342.xml,https://www.rfc-editor.org/info/rfc8174,200
rfc9342.xml,https://www.rfc-editor.org/info/rfc9341,200
rfc9342.xml,https://doi.org/10.1109/TNET.2019.2950157,Connection error: HTTP Error 418: Unknown Code
rfc9342.xml,https://doi.org/10.1109/MNET.2019.1800152,Connection error: HTTP Error 418: Unknown Code
rfc9342.xml,https://datatracker.ietf.org/doc/html/draft-song-opsawg-ifit-framework-19,200
rfc9342.xml,https://www.ietf.org/archive/id/draft-song-opsawg-ifit-framework-19.txt,200
rfc9342.xml,https://www.rfc-editor.org/info/rfc5474,200
rfc9342.xml,https://www.rfc-editor.org/info/rfc5474,200
rfc9342.xml,https://www.rfc-editor.org/info/rfc7011,200
rfc9342.xml,https://www.rfc-editor.org/info/rfc7011,200
rfc9342.xml,https://www.rfc-editor.org/info/rfc8889,200
rfc9342.xml,https://www.rfc-editor.org/info/rfc8889,200
rfc9342.xml,https://www.rfc-editor.org/info/rfc9198,200
rfc9342.xml,https://www.rfc-editor.org/info/rfc9198,200
rfc8809.xml,https://datatracker.ietf.org/doc/draft-hodges-webauthn-registries-10,200
rfc8809.xml,https://dx.doi.org/10.17487/rfc8809,200
rfc8809.xml,https://www.rfc-editor.org/info/rfc8809,200
rfc8809.xml,https://trustee.ietf.org/license-info,200
rfc8809.xml,https://www.w3.org/TR/2019/REC-webauthn-1-20190304/#sctn-attstn-fmt-ids,200
rfc8809.xml,https://www.iana.org/assignments/webauthn,200
rfc8809.xml,https://www.w3.org/TR/2019/REC-webauthn-1-20190304/#sctn-att-fmt-reg,200
rfc8809.xml,https://www.w3.org/TR/2019/REC-webauthn-1-20190304/#sctn-extension-id,200
rfc8809.xml,https://www.iana.org/assignments/webauthn,200
rfc8809.xml,https://www.w3.org/TR/2019/REC-webauthn-1-20190304/#sctn-extensions-reg,200
rfc8809.xml,https://www.rfc-editor.org/info/rfc20,200
rfc8809.xml,https://www.rfc-editor.org/info/rfc2119,200
rfc8809.xml,https://www.rfc-editor.org/info/rfc5234,200
rfc8809.xml,https://www.rfc-editor.org/info/rfc8126,200
rfc8809.xml,https://www.rfc-editor.org/info/rfc8174,200
rfc8809.xml,https://www.w3.org/TR/2019/REC-webauthn-1-20190304/,200
rfc8726.xml,https://datatracker.ietf.org/doc/draft-ise-iana-policy-04,200
rfc8726.xml,https://dx.doi.org/10.17487/rfc8726,200
rfc8726.xml,https://www.rfc-editor.org/info/rfc8726,200
rfc8726.xml,https://trustee.ietf.org/license-info,200
rfc8726.xml,https://www.iana.org/protocols,200
rfc8726.xml,https://www.rfc-editor.org/info/rfc4846,200
rfc8726.xml,https://www.rfc-editor.org/info/rfc5742,200
rfc8726.xml,https://www.rfc-editor.org/info/rfc8126,200
rfc8726.xml,https://www.iana.org/assignments/tel-uri-parameters,200
rfc8726.xml,https://www.iana.org/assignments/uri-schemes,200
rfc9611.xml,https://datatracker.ietf.org/doc/draft-ietf-ipsecme-multi-sa-performance-09,200
rfc9611.xml,https://dx.doi.org/10.17487/rfc9611,200
rfc9611.xml,https://www.rfc-editor.org/info/rfc9611,200
rfc9611.xml,https://trustee.ietf.org/license-info,200
rfc9611.xml,https://www.rfc-editor.org/info/rfc2119,200
rfc9611.xml,https://www.rfc-editor.org/info/rfc7296,200
rfc9611.xml,https://www.rfc-editor.org/info/rfc8174,200
rfc9611.xml,https://www.rfc-editor.org/info/rfc2367,200
rfc9611.xml,https://www.rfc-editor.org/info/rfc4301,200
rfc9400.xml,https://datatracker.ietf.org/doc/draft-ietf-shmoo-online-meeting-05,200
rfc9400.xml,https://dx.doi.org/10.17487/rfc9400,200
rfc9400.xml,https://www.rfc-editor.org/info/rfc9400,200
rfc9400.xml,https://trustee.ietf.org/license-info,200
rfc9400.xml,https://www.rfc-editor.org/info/rfc2119,200
rfc9400.xml,https://www.rfc-editor.org/info/rfc8174,200
rfc9400.xml,https://www.rfc-editor.org/info/rfc8719,200
rfc9400.xml,https://www.ietf.org/media/documents/ietf-107-survey-results.pdf,200
rfc9400.xml,https://www.ietf.org/blog/ietf-108-meeting-survey/,200
rfc9400.xml,https://www.ietf.org/blog/ietf-109-post-meeting-survey/,200
rfc9400.xml,https://www.ietf.org/blog/ietf-111-post-meeting-survey/,200
rfc9400.xml,https://www.ietf.org/blog/ietf112-plenary-experiment-evaluation/,200
rfc9400.xml,https://mailarchive.ietf.org/arch/msg/wgchairs/l382SqKVVHoTzFw9kIYl2boM6_c/,200
rfc9400.xml,https://www.rfc-editor.org/info/rfc8713,200
rfc9400.xml,https://www.rfc-editor.org/info/rfc9311,200
rfc9252.xml,https://datatracker.ietf.org/doc/draft-ietf-bess-srv6-services-15,200
rfc9252.xml,https://dx.doi.org/10.17487/rfc9252,200
rfc9252.xml,https://www.rfc-editor.org/info/rfc9252,200
rfc9252.xml,https://trustee.ietf.org/license-info,200
rfc9252.xml,https://www.rfc-editor.org/info/rfc2119,200
rfc9252.xml,https://www.rfc-editor.org/info/rfc2545,200
rfc9252.xml,https://www.rfc-editor.org/info/rfc4271,200
rfc9252.xml,https://www.rfc-editor.org/info/rfc4364,200
rfc9252.xml,https://www.rfc-editor.org/info/rfc4456,200
rfc9252.xml,https://www.rfc-editor.org/info/rfc4659,200
rfc9252.xml,https://www.rfc-editor.org/info/rfc4760,200
rfc9252.xml,https://www.rfc-editor.org/info/rfc6514,200
rfc9252.xml,https://www.rfc-editor.org/info/rfc7432,200
rfc9252.xml,https://www.rfc-editor.org/info/rfc7606,200
rfc9252.xml,https://www.rfc-editor.org/info/rfc8174,200
rfc9252.xml,https://www.rfc-editor.org/info/rfc8200,200
rfc9252.xml,https://www.rfc-editor.org/info/rfc8214,200
rfc9252.xml,https://www.rfc-editor.org/info/rfc8277,200
rfc9252.xml,https://www.rfc-editor.org/info/rfc8317,200
rfc9252.xml,https://www.rfc-editor.org/info/rfc8365,200
rfc9252.xml,https://www.rfc-editor.org/info/rfc8402,200
rfc9252.xml,https://www.rfc-editor.org/info/rfc8669,200
rfc9252.xml,https://www.rfc-editor.org/info/rfc8754,200
rfc9252.xml,https://www.rfc-editor.org/info/rfc8950,200
rfc9252.xml,https://www.rfc-editor.org/info/rfc8986,200
rfc9252.xml,https://www.rfc-editor.org/info/rfc9136,200
rfc9252.xml,https://www.rfc-editor.org/info/rfc9251,200
rfc9252.xml,https://datatracker.ietf.org/doc/html/draft-ietf-lsr-flex-algo-20,200
rfc9252.xml,https://www.rfc-editor.org/info/rfc2827,200
rfc9252.xml,https://www.rfc-editor.org/info/rfc3704,200
rfc9252.xml,https://www.rfc-editor.org/info/rfc4272,200
rfc9252.xml,https://www.rfc-editor.org/info/rfc5925,200
rfc9252.xml,https://www.rfc-editor.org/info/rfc6513,200
rfc9252.xml,https://www.rfc-editor.org/info/rfc6952,200
rfc9252.xml,https://www.rfc-editor.org/info/rfc8126,200
rfc9252.xml,https://www.rfc-editor.org/info/rfc9012,200
rfc9252.xml,https://datatracker.ietf.org/doc/html/draft-ietf-spring-segment-routing-policy-22,200
rfc9272.xml,https://datatracker.ietf.org/doc/draft-ietf-bier-bar-ipa-13,200
rfc9272.xml,https://dx.doi.org/10.17487/rfc9272,200
rfc9272.xml,https://www.rfc-editor.org/info/rfc9272,200
rfc9272.xml,https://trustee.ietf.org/license-info,200
rfc9272.xml,https://www.rfc-editor.org/info/rfc2119,200
rfc9272.xml,https://www.rfc-editor.org/info/rfc8174,200
rfc9272.xml,https://www.rfc-editor.org/info/rfc8279,200
rfc9272.xml,https://www.rfc-editor.org/info/rfc8401,200
rfc9272.xml,https://www.rfc-editor.org/info/rfc8444,200
rfc9272.xml,https://www.rfc-editor.org/info/rfc8665,200
rfc9324.xml,https://datatracker.ietf.org/doc/draft-ietf-sidrops-rov-no-rr-08,200
rfc9324.xml,https://dx.doi.org/10.17487/rfc9324,200
rfc9324.xml,https://www.rfc-editor.org/info/rfc9324,200
rfc9324.xml,https://trustee.ietf.org/license-info,200
rfc9324.xml,https://www.rfc-editor.org/info/rfc2119,200
rfc9324.xml,https://www.rfc-editor.org/info/rfc2119,200
rfc9324.xml,https://www.rfc-editor.org/info/rfc2918,200
rfc9324.xml,https://www.rfc-editor.org/info/rfc2918,200
rfc9324.xml,https://www.rfc-editor.org/info/rfc4271,200
rfc9324.xml,https://www.rfc-editor.org/info/rfc4271,200
rfc9324.xml,https://www.rfc-editor.org/info/rfc6811,200
rfc9324.xml,https://www.rfc-editor.org/info/rfc6811,200
rfc9324.xml,https://www.rfc-editor.org/info/rfc7313,200
rfc9324.xml,https://www.rfc-editor.org/info/rfc7313,200
rfc9324.xml,https://www.rfc-editor.org/info/rfc8174,200
rfc9324.xml,https://www.rfc-editor.org/info/rfc8174,200
rfc9324.xml,https://www.rfc-editor.org/info/rfc8481,200
rfc9324.xml,https://www.rfc-editor.org/info/rfc8481,200
rfc9324.xml,https://datatracker.ietf.org/doc/html/draft-ietf-sidrops-aspa-verification-11,200
rfc9324.xml,https://www.ietf.org/archive/id/draft-ietf-sidrops-aspa-verification-11.txt,200
rfc9324.xml,https://datatracker.ietf.org/doc/html/draft-sas-idr-maxprefix-inbound-04,200
rfc9324.xml,https://www.rfc-editor.org/info/rfc6480,200
rfc9324.xml,https://www.rfc-editor.org/info/rfc6480,200
rfc9324.xml,https://www.rfc-editor.org/info/rfc6482,200
rfc9324.xml,https://www.rfc-editor.org/info/rfc6482,200
rfc9324.xml,https://www.rfc-editor.org/info/rfc7947,200
rfc9324.xml,https://www.rfc-editor.org/info/rfc7947,200
rfc9324.xml,https://www.rfc-editor.org/info/rfc8205,200
rfc9324.xml,https://www.rfc-editor.org/info/rfc8205,200
rfc9324.xml,https://datatracker.ietf.org/doc/html/draft-ietf-sidrops-8210bis-10,200
rfc9324.xml,https://www.ietf.org/archive/id/draft-ietf-sidrops-8210bis-10.txt,200
rfc8833.xml,https://datatracker.ietf.org/doc/draft-ietf-rtcweb-alpn-04,200
rfc8833.xml,https://dx.doi.org/10.17487/rfc8833,200
rfc8833.xml,https://www.rfc-editor.org/info/rfc8833,200
rfc8833.xml,https://trustee.ietf.org/license-info,200
rfc8833.xml,https://www.rfc-editor.org/info/rfc2119,200
rfc8833.xml,https://www.rfc-editor.org/info/rfc5764,200
rfc8833.xml,https://www.rfc-editor.org/info/rfc6347,200
rfc8833.xml,https://www.rfc-editor.org/info/rfc7301,200
rfc8833.xml,https://www.rfc-editor.org/info/rfc8174,200
rfc8833.xml,https://www.rfc-editor.org/info/rfc8827,200
rfc8833.xml,https://www.rfc-editor.org/info/rfc8831,200
rfc8833.xml,https://html.spec.whatwg.org/#origin,200
rfc8833.xml,https://www.rfc-editor.org/info/rfc4960,200
rfc8833.xml,https://www.rfc-editor.org/info/rfc8445,200
rfc8833.xml,https://www.rfc-editor.org/info/rfc8825,200
rfc8833.xml,https://www.rfc-editor.org/info/rfc8835,200
rfc9121.xml,https://datatracker.ietf.org/doc/draft-davies-int-historic-05,200
rfc9121.xml,https://dx.doi.org/10.17487/rfc9121,200
rfc9121.xml,https://www.rfc-editor.org/info/rfc9121,200
rfc9121.xml,https://trustee.ietf.org/license-info,200
rfc9121.xml,https://www.broadband-forum.org/technical/download/af-saa-0069.000.pdf,Connection error: HTTP Error 403: Forbidden
rfc9121.xml,https://www.iso.org/standard/21417.html,200
rfc9121.xml,https://www.rfc-editor.org/info/rfc1035,200
rfc9121.xml,https://www.rfc-editor.org/info/rfc1528,200
rfc9121.xml,https://www.rfc-editor.org/info/rfc1591,200
rfc9121.xml,https://www.rfc-editor.org/info/rfc1706,200
rfc9121.xml,https://www.rfc-editor.org/info/rfc3172,200
rfc9121.xml,https://www.rfc-editor.org/info/rfc4159,200
rfc9731.xml,https://datatracker.ietf.org/doc/draft-ietf-teas-actn-vn-yang-29,200
rfc9731.xml,https://dx.doi.org/10.17487/rfc9731,200
rfc9731.xml,https://www.rfc-editor.org/info/rfc9731,200
rfc9731.xml,https://trustee.ietf.org/license-info,200
rfc9731.xml,https://www.rfc-editor.org/info/rfc3688,200
rfc9731.xml,https://www.rfc-editor.org/info/rfc4124,200
rfc9731.xml,https://www.rfc-editor.org/info/rfc6020,200
rfc9731.xml,https://www.rfc-editor.org/info/rfc6241,200
rfc9731.xml,https://www.rfc-editor.org/info/rfc6242,200
rfc9731.xml,https://www.rfc-editor.org/info/rfc6991,200
rfc9731.xml,https://www.rfc-editor.org/info/rfc7950,200
rfc9731.xml,https://www.rfc-editor.org/info/rfc8040,200
rfc9731.xml,https://www.rfc-editor.org/info/rfc8340,200
rfc9731.xml,https://www.rfc-editor.org/info/rfc8341,200
rfc9731.xml,https://www.rfc-editor.org/info/rfc8342,200
rfc9731.xml,https://www.rfc-editor.org/info/rfc8345,200
rfc9731.xml,https://www.rfc-editor.org/info/rfc8446,200
rfc9731.xml,https://www.rfc-editor.org/info/rfc8776,200
rfc9731.xml,https://www.rfc-editor.org/info/rfc8795,200
rfc9731.xml,https://datatracker.ietf.org/doc/html/draft-ietf-ccamp-l1csm-yang-26,200
rfc9731.xml,https://www.rfc-editor.org/info/rfc7926,200
rfc9731.xml,https://www.rfc-editor.org/info/rfc8299,200
rfc9731.xml,https://www.rfc-editor.org/info/rfc8309,200
rfc9731.xml,https://www.rfc-editor.org/info/rfc8453,200
rfc9731.xml,https://www.rfc-editor.org/info/rfc8454,200
rfc9731.xml,https://www.rfc-editor.org/info/rfc8466,200
rfc9731.xml,https://www.rfc-editor.org/info/rfc8792,200
rfc9731.xml,https://www.rfc-editor.org/info/rfc9256,200
rfc9731.xml,https://datatracker.ietf.org/doc/html/draft-ietf-teas-te-service-mapping-yang-17,200
rfc9731.xml,https://datatracker.ietf.org/doc/html/draft-ietf-teas-actn-pm-telemetry-autonomics-14,200
rfc9731.xml,https://datatracker.ietf.org/doc/html/draft-ietf-teas-yang-te-37,200
rfc9254.xml,https://datatracker.ietf.org/doc/draft-ietf-core-yang-cbor-20,200
rfc9254.xml,https://dx.doi.org/10.17487/rfc9254,200
rfc9254.xml,https://www.rfc-editor.org/info/rfc9254,200
rfc9254.xml,https://trustee.ietf.org/license-info,200
rfc9254.xml,https://www.iana.org/assignments/cbor-tags,200
rfc9254.xml,https://www.iana.org/assignments/core-parameters/,200
rfc9254.xml,https://www.iana.org/assignments/media-types/,200
rfc9254.xml,https://www.rfc-editor.org/info/rfc2119,200
rfc9254.xml,https://www.rfc-editor.org/info/rfc5234,200
rfc9254.xml,https://www.rfc-editor.org/info/rfc7950,200
rfc9254.xml,https://www.rfc-editor.org/info/rfc7951,200
rfc9254.xml,https://www.rfc-editor.org/info/rfc8040,200
rfc9254.xml,https://www.rfc-editor.org/info/rfc8174,200
rfc9254.xml,https://www.rfc-editor.org/info/rfc8259,200
rfc9254.xml,https://www.rfc-editor.org/info/rfc8610,200
rfc9254.xml,https://www.rfc-editor.org/info/rfc8791,200
rfc9254.xml,https://www.rfc-editor.org/info/rfc8949,200
rfc9254.xml,https://datatracker.ietf.org/doc/html/draft-ietf-core-comi-11,200
rfc9254.xml,https://datatracker.ietf.org/doc/html/draft-ietf-core-sid-18,200
rfc9254.xml,https://www.rfc-editor.org/info/rfc6241,200
rfc9254.xml,https://www.rfc-editor.org/info/rfc6991,200
rfc9254.xml,https://www.rfc-editor.org/info/rfc7228,200
rfc9254.xml,https://www.rfc-editor.org/info/rfc7252,200
rfc9254.xml,https://www.rfc-editor.org/info/rfc7317,200
rfc9254.xml,https://www.rfc-editor.org/info/rfc8343,200
rfc9254.xml,https://www.rfc-editor.org/info/rfc8344,200
rfc8770.xml,https://datatracker.ietf.org/doc/draft-ietf-ospf-ospfv2-hbit-12,200
rfc8770.xml,https://dx.doi.org/10.17487/rfc8770,200
rfc8770.xml,https://www.rfc-editor.org/info/rfc8770,200
rfc8770.xml,https://trustee.ietf.org/license-info,200
rfc8770.xml,https://www.rfc-editor.org/info/rfc2119,200
rfc8770.xml,https://www.rfc-editor.org/info/rfc2328,200
rfc8770.xml,https://www.rfc-editor.org/info/rfc6987,200
rfc8770.xml,https://www.rfc-editor.org/info/rfc7770,200
rfc8770.xml,https://www.rfc-editor.org/info/rfc8174,200
rfc8770.xml,https://tools.ietf.org/html/draft-ietf-idr-bgp-optimal-route-reflection-20,200
rfc8770.xml,https://www.rfc-editor.org/info/rfc3101,200
rfc8770.xml,https://www.rfc-editor.org/info/rfc5340,200
rfc8876.xml,https://datatracker.ietf.org/doc/draft-ietf-ecrit-data-only-ea-22,200
rfc8876.xml,https://dx.doi.org/10.17487/rfc8876,200
rfc8876.xml,https://www.rfc-editor.org/info/rfc8876,200
rfc8876.xml,https://trustee.ietf.org/license-info,200
rfc8876.xml,https://docs.oasis-open.org/emergency/cap/v1.2/CAP-v1.2-os.pdf,200
rfc8876.xml,https://docs.oasis-open.org/emergency/cap/v1.2/CAP-v1.2-os.pdf,200
rfc8876.xml,https://www.rfc-editor.org/info/rfc2119,200
rfc8876.xml,https://www.rfc-editor.org/info/rfc2392,200
rfc8876.xml,https://www.rfc-editor.org/info/rfc2818,200
rfc8876.xml,https://www.rfc-editor.org/info/rfc3261,200
rfc8876.xml,https://www.rfc-editor.org/info/rfc3262,200
rfc8876.xml,https://www.rfc-editor.org/info/rfc3428,200
rfc8876.xml,https://www.rfc-editor.org/info/rfc4119,200
rfc8876.xml,https://www.rfc-editor.org/info/rfc5234,200
rfc8876.xml,https://www.rfc-editor.org/info/rfc7303,200
rfc8876.xml,https://www.rfc-editor.org/info/rfc3629,200
rfc8876.xml,https://www.rfc-editor.org/info/rfc3986,200
rfc8876.xml,https://www.rfc-editor.org/info/rfc6442,200
rfc8876.xml,https://www.rfc-editor.org/info/rfc6881,200
rfc8876.xml,https://www.rfc-editor.org/info/rfc7852,200
rfc8876.xml,https://www.rfc-editor.org/info/rfc8174,200
rfc8876.xml,https://www.rfc-editor.org/info/rfc8225,200
rfc8876.xml,https://www.rfc-editor.org/info/rfc7378,200
rfc8876.xml,https://www.rfc-editor.org/info/rfc8126,200
rfc8876.xml,https://www.rfc-editor.org/info/rfc8224,200
rfc8876.xml,https://www.rfc-editor.org/info/rfc5031,200
rfc8876.xml,https://www.rfc-editor.org/info/rfc3325,200
rfc8876.xml,https://www.rfc-editor.org/info/rfc5222,200
rfc8876.xml,https://www.rfc-editor.org/info/rfc6443,200
rfc8876.xml,https://www.rfc-editor.org/info/rfc3550,200
rfc9472.xml,https://datatracker.ietf.org/doc/draft-ietf-opsawg-sbom-access-1htmlwdiff 8,Connection error: URL can't contain control characters. '/doc/draft-ietf-opsawg-sbom-access-1htmlwdiff 8' (found at least ' ')
rfc9472.xml,https://dx.doi.org/10.17487/rfc9472,200
rfc9472.xml,https://www.rfc-editor.org/info/rfc9472,200
rfc9472.xml,https://trustee.ietf.org/license-info,200
rfc9472.xml,https://www.rfc-editor.org/info/rfc2119,200
rfc9472.xml,https://www.rfc-editor.org/info/rfc3688,200
rfc9472.xml,https://www.rfc-editor.org/info/rfc6020,200
rfc9472.xml,https://www.rfc-editor.org/info/rfc6241,200
rfc9472.xml,https://www.rfc-editor.org/info/rfc6991,200
rfc9472.xml,https://www.rfc-editor.org/info/rfc7231,200
rfc9472.xml,https://www.rfc-editor.org/info/rfc7252,200
rfc9472.xml,https://www.rfc-editor.org/info/rfc8040,200
rfc9472.xml,https://www.rfc-editor.org/info/rfc8174,200
rfc9472.xml,https://www.rfc-editor.org/info/rfc8520,200
rfc9472.xml,https://www.rfc-editor.org/info/rfc8615,200
rfc9472.xml,https://www.rfc-editor.org/info/rfc9110,200
rfc9472.xml,https://docs.oasis-open.org/csaf/csaf/v2.0/csaf-v2.0.html,200
rfc9472.xml,https://docs.oasis-open.org/csaf/csaf-cvrf/v1.2/csaf-cvrf-v1.2.pdf,200
rfc9472.xml,https://cyclonedx.org/docs/1.5/json,Connection error: HTTP Error 403: Forbidden
rfc9472.xml,https://nvd.nist.gov,Connection error: HTTP Error 502: Bad Gateway
rfc9472.xml,https://www.rfc-editor.org/info/rfc8340,200
rfc9472.xml,https://spdx.github.io/spdx-spec/v2.3/,200
rfc9685.xml,https://datatracker.ietf.org/doc/draft-ietf-6lo-multicast-registration-19,200
rfc9685.xml,https://dx.doi.org/10.17487/rfc9685,200
rfc9685.xml,https://www.rfc-editor.org/info/rfc9685,200
rfc9685.xml,https://trustee.ietf.org/license-info,200
rfc9685.xml,https://www.iana.org/assignments/icmpv6-parameters,200
rfc9685.xml,https://www.iana.org/assignments/icmpv6-parameters,200
rfc9685.xml,https://www.iana.org/assignments/icmpv6-parameters,200
rfc9685.xml,https://www.iana.org/assignments/icmpv6-parameters,200
rfc9685.xml,https://www.iana.org/assignments/rpl,200
rfc9685.xml,https://www.iana.org/assignments/rpl,200
rfc9685.xml,https://www.iana.org/assignments/rpl,200
rfc9685.xml,https://www.rfc-editor.org/info/rfc2119,200
rfc9685.xml,https://www.rfc-editor.org/info/rfc3306,200
rfc9685.xml,https://www.rfc-editor.org/info/rfc4291,200
rfc9685.xml,https://www.rfc-editor.org/info/rfc4861,200
rfc9685.xml,https://www.rfc-editor.org/info/rfc4862,200
rfc9685.xml,https://www.rfc-editor.org/info/rfc6550,200
rfc9685.xml,https://www.rfc-editor.org/info/rfc6775,200
rfc9685.xml,https://www.rfc-editor.org/info/rfc7346,200
rfc9685.xml,https://www.rfc-editor.org/info/rfc7400,200
rfc9685.xml,https://www.rfc-editor.org/info/rfc8126,200
rfc9685.xml,https://www.rfc-editor.org/info/rfc8174,200
rfc9685.xml,https://www.rfc-editor.org/info/rfc8200,200
rfc9685.xml,https://www.rfc-editor.org/info/rfc8505,200
rfc9685.xml,https://www.rfc-editor.org/info/rfc8928,200
rfc9685.xml,https://www.rfc-editor.org/info/rfc9010,200
rfc9685.xml,https://www.rfc-editor.org/info/rfc9030,200
rfc9685.xml,https://ieeexplore.ieee.org/document/9363693,Connection error: HTTP Error 418: Unknown Code
rfc9685.xml,https://ieeexplore.ieee.org/document/1490827,Connection error: HTTP Error 418: Unknown Code
rfc9685.xml,https://ieeexplore.ieee.org/document/9144691,Connection error: HTTP Error 418: Unknown Code
rfc9685.xml,https://datatracker.ietf.org/doc/html/draft-ietf-6man-ipv6-over-wireless-06,200
rfc9685.xml,https://datatracker.ietf.org/doc/html/draft-thubert-bess-secure-evpn-mac-signaling-04,200
rfc9685.xml,https://datatracker.ietf.org/doc/html/draft-ietf-6lo-prefix-registration-06,200
rfc9685.xml,https://www.rfc-editor.org/info/rfc3810,200
rfc9685.xml,https://www.rfc-editor.org/info/rfc4919,200
rfc9685.xml,https://www.rfc-editor.org/info/rfc6052,200
rfc9685.xml,https://www.rfc-editor.org/info/rfc6282,200
rfc9685.xml,https://www.rfc-editor.org/info/rfc6811,200
rfc9685.xml,https://www.rfc-editor.org/info/rfc7731,200
rfc9685.xml,https://www.rfc-editor.org/info/rfc7761,200
rfc9685.xml,https://www.rfc-editor.org/info/rfc8929,200
rfc9685.xml,https://www.rfc-editor.org/info/rfc9008,200
rfc9685.xml,https://www.rfc-editor.org/info/rfc9574,200
rfc9685.xml,https://datatracker.ietf.org/doc/html/draft-ietf-rift-rift-24,200
rfc9685.xml,https://datatracker.ietf.org/doc/html/draft-kuehlewind-rswg-updates-tag-02,200
rfc9685.xml,https://datatracker.ietf.org/doc/html/draft-heile-lpwan-wisun-overview-00,200
rfc9127.xml,https://datatracker.ietf.org/doc/draft-ietf-bfd-yang-17,200
rfc9127.xml,https://dx.doi.org/10.17487/rfc9127,200
rfc9127.xml,https://www.rfc-editor.org/info/rfc9127,200
rfc9127.xml,https://trustee.ietf.org/license-info,200
rfc9127.xml,https://www.iana.org/assignments/bfd-parameters/,200
rfc9127.xml,https://www.rfc-editor.org/info/rfc3688,200
rfc9127.xml,https://www.rfc-editor.org/info/rfc5586,200
rfc9127.xml,https://www.rfc-editor.org/info/rfc5880,200
rfc9127.xml,https://www.rfc-editor.org/info/rfc5881,200
rfc9127.xml,https://www.rfc-editor.org/info/rfc5882,200
rfc9127.xml,https://www.rfc-editor.org/info/rfc5883,200
rfc9127.xml,https://www.rfc-editor.org/info/rfc5884,200
rfc9127.xml,https://www.rfc-editor.org/info/rfc5885,200
rfc9127.xml,https://www.rfc-editor.org/info/rfc6020,200
rfc9127.xml,https://www.rfc-editor.org/info/rfc6241,200
rfc9127.xml,https://www.rfc-editor.org/info/rfc6242,200
rfc9127.xml,https://www.rfc-editor.org/info/rfc6991,200
rfc9127.xml,https://www.rfc-editor.org/info/rfc7130,200
rfc9127.xml,https://www.rfc-editor.org/info/rfc8040,200
rfc9127.xml,https://www.rfc-editor.org/info/rfc8177,200
rfc9127.xml,https://www.rfc-editor.org/info/rfc8340,200
rfc9127.xml,https://www.rfc-editor.org/info/rfc8341,200
rfc9127.xml,https://www.rfc-editor.org/info/rfc8343,200
rfc9127.xml,https://www.rfc-editor.org/info/rfc8344,200
rfc9127.xml,https://www.rfc-editor.org/info/rfc8349,200
rfc9127.xml,https://www.rfc-editor.org/info/rfc8446,200
rfc9127.xml,https://www.rfc-editor.org/info/rfc8960,200
rfc9127.xml,https://www.rfc-editor.org/info/rfc3031,200
rfc9127.xml,https://www.rfc-editor.org/info/rfc6428,200
rfc9127.xml,https://www.rfc-editor.org/info/rfc8342,200
rfc9127.xml,https://www.rfc-editor.org/info/rfc8529,200
rfc9127.xml,https://www.rfc-editor.org/info/rfc8530,200
rfc9127.xml,https://www.rfc-editor.org/info/rfc8532,200
rfc9127.xml,https://www.w3.org/TR/2008/REC-xml-20081126,200
rfc8895.xml,https://datatracker.ietf.org/doc/draft-ietf-alto-incr-update-sse-22,200
rfc8895.xml,https://dx.doi.org/10.17487/rfc8895,200
rfc8895.xml,https://www.rfc-editor.org/info/rfc8895,200
rfc8895.xml,https://trustee.ietf.org/license-info,200
rfc8895.xml,https://www.w3.org/TR/capability-urls/,200
rfc8895.xml,https://www.rfc-editor.org/info/rfc2119,200
rfc8895.xml,https://www.rfc-editor.org/info/rfc2387,200
rfc8895.xml,https://www.rfc-editor.org/info/rfc3986,200
rfc8895.xml,https://www.rfc-editor.org/info/rfc6838,200
rfc8895.xml,https://www.rfc-editor.org/info/rfc6902,200
rfc8895.xml,https://www.rfc-editor.org/info/rfc7285,200
rfc8895.xml,https://www.rfc-editor.org/info/rfc7396,200
rfc8895.xml,https://www.rfc-editor.org/info/rfc8174,200
rfc8895.xml,https://www.rfc-editor.org/info/rfc8259,200
rfc8895.xml,https://www.w3.org/TR/eventsource/,200
rfc8895.xml,https://www.rfc-editor.org/info/rfc4960,200
rfc8895.xml,https://www.rfc-editor.org/info/rfc5789,200
rfc8895.xml,https://www.rfc-editor.org/info/rfc7230,200
rfc8895.xml,https://www.rfc-editor.org/info/rfc7231,200
rfc8895.xml,https://www.rfc-editor.org/info/rfc7540,200
rfc9075.xml,https://datatracker.ietf.org/doc/draft-iab-covid19-workshop-03,200
rfc9075.xml,https://dx.doi.org/10.17487/rfc9075,200
rfc9075.xml,https://www.rfc-editor.org/info/rfc9075,200
rfc9075.xml,https://trustee.ietf.org/license-info,200
rfc9075.xml,https://www.iab.org/wp-content/IAB-uploads/2020/12/IAB-COVID-19-WS_102820.pdf,Connection error: HTTP Error 403: Forbidden
rfc9075.xml,https://www.iab.org/wp-content/IAB-uploads/2020/10/covid19-arkko.pdf,Connection error: HTTP Error 403: Forbidden
rfc9075.xml,https://datatracker.ietf.org/doc/html/draft-feamster-livingood-iab-covid19-workshop-01,200
rfc9075.xml,https://www.ietf.org/archive/id/draft-feamster-livingood-iab-covid19-workshop-01.txt,200
rfc9075.xml,https://www.iab.org/wp-content/IAB-uploads/2020/10/covid19-campling.pdf,Connection error: HTTP Error 403: Forbidden
rfc9075.xml,https://www.iab.org/wp-content/IAB-uploads/2020/10/covid19-cho.pdf,Connection error: HTTP Error 403: Forbidden
rfc9075.xml,https://www.iab.org/wp-content/IAB-uploads/2020/10/covid19-clark.pdf,Connection error: HTTP Error 403: Forbidden
rfc9075.xml,https://corporate.comcast.com/covid-19/network/may-20-2020,Connection error: Remote end closed connection without response
rfc9075.xml,https://www.ericsson.com/en/reports-and-papers/consumerlab/reports/keeping-consumers-connected-during-the-covid-19-crisis,Connection error: HTTP Error 403: Forbidden
rfc9075.xml,https://www.iab.org/wp-content/IAB-uploads/2020/10/covid19-favale.pdf,Connection error: HTTP Error 403: Forbidden
rfc9075.xml,https://www.iab.org/wp-content/IAB-uploads/2020/10/covid19-feldmann.pdf,Connection error: HTTP Error 403: Forbidden
rfc9075.xml,https://www.iab.org/wp-content/IAB-uploads/2020/10/covid19-fontugne.pdf,Connection error: HTTP Error 403: Forbidden
rfc9075.xml,https://doi.org/10.1145/3419394.3423648,Connection error: HTTP Error 403: Forbidden
rfc9075.xml,https://www.iab.org/wp-content/IAB-uploads/2020/10/covid19-gillmor.pdf,Connection error: HTTP Error 403: Forbidden
rfc9075.xml,https://www.iab.org/wp-content/IAB-uploads/2020/10/covid19-gu.pdf,Connection error: HTTP Error 403: Forbidden
rfc9075.xml,https://www.iab.org/wp-content/IAB-uploads/2020/10/covid19-jennings.pdf,Connection error: HTTP Error 403: Forbidden
rfc9075.xml,https://www.iab.org/wp-content/IAB-uploads/2020/10/covid19-kirstyp.pdf,Connection error: HTTP Error 403: Forbidden
rfc9075.xml,https://www.iab.org/wp-content/IAB-uploads/2020/10/covid19-lutu.pdf,Connection error: HTTP Error 403: Forbidden
rfc9075.xml,https://www.mckinsey.com/~/media/McKinsey/Business%20Functions/Organization/Our%20Insights/Reimagining%20the%20office%20and%20work%20life%20after%20COVID%2019/Reimagining-the-office-and-work-life-after-COVID-19-final.pdf,200
rfc9075.xml,https://www.iab.org/wp-content/IAB-uploads/2020/10/covid19-mok.pdf,Connection error: HTTP Error 403: Forbidden
rfc9075.xml,https://www.ncta.com/COVIDdashboard,Connection error: HTTP Error 403: Forbidden
rfc9075.xml,https://www.vodafone.com/covid19/news/update-on-vodafone-networks,200
rfc9075.xml,https://globalworkplaceanalytics.com/work-at-home-after-covid-19-our-forecast,200
rfc9075.xml,https://eng-blog.iij.ad.jp/archives/7722,200
rfc9118.xml,https://datatracker.ietf.org/doc/draft-ietf-stir-enhance-rfc8226-05,200
rfc9118.xml,https://dx.doi.org/10.17487/rfc9118,200
rfc9118.xml,https://www.rfc-editor.org/info/rfc9118,200
rfc9118.xml,https://trustee.ietf.org/license-info,200
rfc9118.xml,https://www.rfc-editor.org/info/rfc2119,200
rfc9118.xml,https://www.rfc-editor.org/info/rfc5280,200
rfc9118.xml,https://www.rfc-editor.org/info/rfc5912,200
rfc9118.xml,https://www.rfc-editor.org/info/rfc8174,200
rfc9118.xml,https://www.rfc-editor.org/info/rfc8225,200
rfc9118.xml,https://www.rfc-editor.org/info/rfc8226,200
rfc9118.xml,https://www.rfc-editor.org/info/rfc4949,200
rfc9118.xml,https://www.rfc-editor.org/info/rfc7468,200
rfc9118.xml,https://www.rfc-editor.org/rfc/rfc9060,200
rfc9118.xml,https://datatracker.ietf.org/doc/html/draft-ietf-stir-passport-rcd-12,200
rfc9118.xml,https://www.ietf.org/archive/id/draft-ietf-stir-passport-rcd-12.txt,200
rfc9743.xml,https://datatracker.ietf.org/doc/draft-ietf-ccwg-rfc5033bis-08,200
rfc9743.xml,https://dx.doi.org/10.17487/rfc9743,200
rfc9743.xml,https://www.rfc-editor.org/info/rfc9743,200
rfc9743.xml,https://trustee.ietf.org/license-info,200
rfc9743.xml,https://www.rfc-editor.org/info/rfc2119,200
rfc9743.xml,https://www.rfc-editor.org/info/rfc2914,200
rfc9743.xml,https://www.rfc-editor.org/info/rfc5681,200
rfc9743.xml,https://www.rfc-editor.org/info/rfc7141,200
rfc9743.xml,https://www.rfc-editor.org/info/rfc8083,200
rfc9743.xml,https://www.rfc-editor.org/info/rfc8084,200
rfc9743.xml,https://www.rfc-editor.org/info/rfc8085,200
rfc9743.xml,https://www.rfc-editor.org/info/rfc8174,200
rfc9743.xml,https://www.rfc-editor.org/info/rfc8961,200
rfc9743.xml,https://www.rfc-editor.org/info/rfc9002,200
rfc9743.xml,https://www.rfc-editor.org/info/rfc9438,200
rfc9743.xml,https://datatracker.ietf.org/doc/html/draft-cardwell-iccrg-bbr-congestion-control-02,200
rfc9743.xml,https://datatracker.ietf.org/doc/html/draft-cardwell-iccrg-bbr-congestion-control-00,200
rfc9743.xml,https://ieeexplore.ieee.org/document/8117540,Connection error: HTTP Error 418: Unknown Code
rfc9743.xml,https://dl.acm.org/doi/10.1145/2063166.2071893,Connection error: HTTP Error 403: Forbidden
rfc9743.xml,https://www.rfc-editor.org/info/rfc9599,200
rfc9743.xml,https://doi.org/10.1145/1400097.1400105,Connection error: HTTP Error 403: Forbidden
rfc9743.xml,https://www.rfc-editor.org/info/rfc2488,200
rfc9743.xml,https://www.rfc-editor.org/info/rfc3168,200
rfc9743.xml,https://www.rfc-editor.org/info/rfc3649,200
rfc9743.xml,https://www.rfc-editor.org/info/rfc3714,200
rfc9743.xml,https://www.rfc-editor.org/info/rfc3819,200
rfc9743.xml,https://www.rfc-editor.org/info/rfc4340,200
rfc9743.xml,https://www.rfc-editor.org/info/rfc4653,200
rfc9743.xml,https://www.rfc-editor.org/info/rfc4782,200
rfc9743.xml,https://www.rfc-editor.org/info/rfc5033,200
rfc9743.xml,https://www.rfc-editor.org/info/rfc5166,200
rfc9743.xml,https://www.rfc-editor.org/info/rfc6298,200
rfc9743.xml,https://www.rfc-editor.org/info/rfc6356,200
rfc9743.xml,https://www.rfc-editor.org/info/rfc6928,200
rfc9743.xml,https://www.rfc-editor.org/info/rfc7414,200
rfc9743.xml,https://www.rfc-editor.org/info/rfc7567,200
rfc9743.xml,https://www.rfc-editor.org/info/rfc8033,200
rfc9743.xml,https://www.rfc-editor.org/info/rfc8087,200
rfc9743.xml,https://www.rfc-editor.org/info/rfc8257,200
rfc9743.xml,https://www.rfc-editor.org/info/rfc8290,200
rfc9743.xml,https://www.rfc-editor.org/info/rfc8312,200
rfc9743.xml,https://www.rfc-editor.org/info/rfc8684,200
rfc9743.xml,https://www.rfc-editor.org/info/rfc8799,200
rfc9743.xml,https://www.rfc-editor.org/info/rfc8836,200
rfc9743.xml,https://www.rfc-editor.org/info/rfc8867,200
rfc9743.xml,https://www.rfc-editor.org/info/rfc8868,200
rfc9743.xml,https://www.rfc-editor.org/info/rfc8869,200
rfc9743.xml,https://www.rfc-editor.org/info/rfc9000,200
rfc9743.xml,https://www.rfc-editor.org/info/rfc9049,200
rfc9743.xml,https://www.rfc-editor.org/info/rfc9260,200
rfc9743.xml,https://www.rfc-editor.org/info/rfc9293,200
rfc9743.xml,https://www.rfc-editor.org/info/rfc9332,200
rfc9743.xml,https://www.rfc-editor.org/info/rfc9392,200
rfc9743.xml,https://datatracker.ietf.org/doc/html/draft-irtf-tmrg-tools-05,200
rfc9449.xml,https://datatracker.ietf.org/doc/draft-ietf-oauth-dpop-16,200
rfc9449.xml,https://dx.doi.org/10.17487/rfc9449,200
rfc9449.xml,https://www.rfc-editor.org/info/rfc9449,200
rfc9449.xml,https://trustee.ietf.org/license-info,200
rfc9449.xml,https://www.rfc-editor.org/info/rfc2119,200
rfc9449.xml,https://www.rfc-editor.org/info/rfc3986,200
rfc9449.xml,https://www.rfc-editor.org/info/rfc5234,200
rfc9449.xml,https://www.rfc-editor.org/info/rfc6125,200
rfc9449.xml,https://www.rfc-editor.org/info/rfc6749,200
rfc9449.xml,https://www.rfc-editor.org/info/rfc6750,200
rfc9449.xml,https://www.rfc-editor.org/info/rfc7515,200
rfc9449.xml,https://www.rfc-editor.org/info/rfc7517,200
rfc9449.xml,https://www.rfc-editor.org/info/rfc7519,200
rfc9449.xml,https://www.rfc-editor.org/info/rfc7638,200
rfc9449.xml,https://www.rfc-editor.org/info/rfc7800,200
rfc9449.xml,https://www.rfc-editor.org/info/rfc8174,200
rfc9449.xml,http://dx.doi.org/10.6028/NIST.FIPS.180-4,200
rfc9449.xml,https://cve.mitre.org/cgi-bin/cvename.cgi?name=CVE-2013-3587,200
rfc9449.xml,https://blog.cloudflare.com/incident-report-on-memory-leak-caused-by-cloudflare-parser-bug/,Connection error: HTTP Error 403: Forbidden
rfc9449.xml,https://cve.mitre.org/cgi-bin/cvename.cgi?name=cve-2012-4929,200
rfc9449.xml,https://github.blog/2022-04-15-security-alert-stolen-oauth-user-tokens/,200
rfc9449.xml,https://cve.mitre.org/cgi-bin/cvename.cgi?name=cve-2014-0160,200
rfc9449.xml,https://www.iana.org/assignments/http-authschemes/,200
rfc9449.xml,https://www.iana.org/assignments/http-fields/,200
rfc9449.xml,https://www.iana.org/assignments/jose/,200
rfc9449.xml,https://www.iana.org/assignments/jwt/,200
rfc9449.xml,https://www.iana.org/assignments/media-types/,200
rfc9449.xml,https://www.iana.org/assignments/oauth-parameters/,200
rfc9449.xml,https://openid.net/specs/openid-connect-core-1_0.html,200
rfc9449.xml,https://www.rfc-editor.org/info/rfc2046,200
rfc9449.xml,https://www.rfc-editor.org/info/rfc4122,200
rfc9449.xml,https://www.rfc-editor.org/info/rfc4949,200
rfc9449.xml,https://www.rfc-editor.org/info/rfc6838,200
rfc9449.xml,https://www.rfc-editor.org/info/rfc7523,200
rfc9449.xml,https://www.rfc-editor.org/info/rfc7591,200
rfc9449.xml,https://www.rfc-editor.org/info/rfc7636,200
rfc9449.xml,https://www.rfc-editor.org/info/rfc7662,200
rfc9449.xml,https://www.rfc-editor.org/info/rfc8414,200
rfc9449.xml,https://www.rfc-editor.org/info/rfc8705,200
rfc9449.xml,https://www.rfc-editor.org/info/rfc8707,200
rfc9449.xml,https://www.rfc-editor.org/info/rfc8725,200
rfc9449.xml,https://www.rfc-editor.org/info/rfc8792,200
rfc9449.xml,https://www.rfc-editor.org/info/rfc9110,200
rfc9449.xml,https://www.rfc-editor.org/info/rfc9126,200
rfc9449.xml,https://datatracker.ietf.org/doc/html/draft-ietf-oauth-security-topics-23,200
rfc9449.xml,https://datatracker.ietf.org/doc/html/draft-ietf-oauth-token-binding-08,200
rfc9449.xml,https://www.w3.org/TR/CSP3/,200
rfc9449.xml,https://www.w3.org/TR/2017/REC-WebCryptoAPI-20170126,200
rfc9449.xml,https://fetch.spec.whatwg.org/,200
rfc9474.xml,https://datatracker.ietf.org/doc/draft-irtf-cfrg-rsa-blind-signatures-14,200
rfc9474.xml,https://dx.doi.org/10.17487/rfc9474,200
rfc9474.xml,https://www.rfc-editor.org/info/rfc9474,200
rfc9474.xml,https://trustee.ietf.org/license-info,200
rfc9474.xml,https://www.rfc-editor.org/info/rfc2119,200
rfc9474.xml,https://www.rfc-editor.org/info/rfc5756,200
rfc9474.xml,https://www.rfc-editor.org/info/rfc8017,200
rfc9474.xml,https://www.rfc-editor.org/info/rfc8174,200
rfc9474.xml,https://www.apple.com/icloud/docs/iCloud_Private_Relay_Overview_Dec2021.pdf,200
rfc9474.xml,https://sceweb.sce.uhcl.edu/yang/teaching/csci5234WebSecurityFall2011/Chaum-blind-signatures.PDF,200
rfc9474.xml,https://doi.org/10.6028/NIST.FIPS.186-5,200
rfc9474.xml,https://doi.org/10.1007/3-540-69053-0_4,200
rfc9474.xml,https://one.google.com/about/vpn/howitworks,200
rfc9474.xml,https://eprint.iacr.org/2018/057.pdf,200
rfc9474.xml,https://eprint.iacr.org/2014/650,200
rfc9474.xml,https://eprint.iacr.org/2018/855,200
rfc9474.xml,https://doi.org/10.1007/s00145-017-9257-9,200
rfc9474.xml,https://eprint.iacr.org/2022/895,200
rfc9474.xml,https://www.usenix.org/conference/usenixsecurity21/presentation/schmitt,200
rfc9474.xml,https://datatracker.ietf.org/doc/html/draft-ietf-privacypass-protocol-16,200
rfc9474.xml,https://www.usenix.org/legacy/events/sec03/tech/brumley/brumley.pdf,200
rfc9474.xml,https://www.rfc-editor.org/info/rfc4055,200
rfc9474.xml,https://www.rfc-editor.org/info/rfc4086,200
rfc9474.xml,https://www.rfc-editor.org/info/rfc5280,200
rfc9474.xml,https://www.rfc-editor.org/info/rfc8446,200
rfc9474.xml,https://dl.acm.org/doi/abs/10.1145/168588.168596,Connection error: HTTP Error 403: Forbidden
rfc9474.xml,https://doi.org/10.1007/3-540-68697-5_9,200
rfc9474.xml,https://datatracker.ietf.org/doc/html/draft-irtf-cfrg-voprf-21,200
rfc9474.xml,https://link.springer.com/chapter/10.1007/3-540-49162-7_12,200
rfc9583.xml,https://datatracker.ietf.org/doc/draft-irtf-qirg-quantum-internet-use-cases-19,200
rfc9583.xml,https://dx.doi.org/10.17487/rfc9583,200
rfc9583.xml,https://www.rfc-editor.org/info/rfc9583,200
rfc9583.xml,https://trustee.ietf.org/license-info,200
rfc9583.xml,https://www.ssi.gouv.fr/en/publication/should-quantum-key-distribution-be-used-for-secure-communications/,Connection error: HTTP Error 403: Forbidden
rfc9583.xml,https://doi.org/10.1016/j.tcs.2014.05.025,200
rfc9583.xml,https://link.aps.org/doi/10.1103/PhysRevLett.68.557,Connection error: HTTP Error 403: Forbidden
rfc9583.xml,https://dl.acm.org/doi/10.1145/1060590.1060662,Connection error: HTTP Error 403: Forbidden
rfc9583.xml,https://arxiv.org/pdf/0807.4154.pdf,200
rfc9583.xml,https://arxiv.org/abs/1907.06197,200
rfc9583.xml,https://ieeexplore.ieee.org/document/8910635,Connection error: HTTP Error 418: Unknown Code
rfc9583.xml,https://dl.acm.org/doi/10.1145/3233188.3233224,Connection error: HTTP Error 403: Forbidden
rfc9583.xml,https://doi.org/10.1147/JRD.2018.2888987,Connection error: HTTP Error 418: Unknown Code
rfc9583.xml,https://www.nature.com/articles/d41586-018-01835-3,200
rfc9583.xml,https://arxiv.org/pdf/quant-ph/0111046.pdf,200
rfc9583.xml,https://link.springer.com/article/10.1007/s00220-014-1953-9,200
rfc9583.xml,https://doi.org/10.1145/509907.510000,Connection error: HTTP Error 403: Forbidden
rfc9583.xml,http://dx.doi.org/10.1049/iet-qtc.2020.0002,Connection error: HTTP Error 403: Forbidden
rfc9583.xml,https://doi.org/10.1145/1412700.1412718,Connection error: HTTP Error 403: Forbidden
rfc9583.xml,https://link.aps.org/doi/10.1103/PhysRevLett.67.661,Connection error: HTTP Error 403: Forbidden
rfc9583.xml,https://doi.org/10.1103/PhysRevA.62.052317,Connection error: HTTP Error 403: Forbidden
rfc9583.xml,https://arxiv.org/pdf/1007.1616.pdf,200
rfc9583.xml,https://www.etsi.org/deliver/etsi_gr/QKD/001_099/003/02.01.01_60/gr_QKD003v020101p.pdf,200
rfc9583.xml,https://www.etsi.org/deliver/etsi_gs/qkd/001_099/002/01.01.01_60/gs_qkd002v010101p.pdf,200
rfc9583.xml,https://www.nature.com/articles/s41534-017-0025-3.pdf,200
rfc9583.xml,https://doi.org/10.1038/46503,200
rfc9583.xml,https://link.aps.org/doi/10.1103/PhysRevLett.109.070503,Connection error: HTTP Error 403: Forbidden
rfc9583.xml,https://doi.org/10.1103/PhysRevLett.88.057902,Connection error: HTTP Error 403: Forbidden
rfc9583.xml,https://doi.org/10.17226/25196,200
rfc9583.xml,https://www.nature.com/articles/s41567-019-0743-x,200
rfc9583.xml,https://arxiv.org/pdf/1707.00400.pdf,200
rfc9583.xml,https://www.itu.int/md/T22-SG13-221125-TD-WP3-0158/en,200
rfc9583.xml,https://link.aps.org/doi/10.1103/PhysRevLett.85.2010,Connection error: HTTP Error 403: Forbidden
rfc9583.xml,https://arxiv.org/pdf/quant-ph/0508124.pdf,200
rfc9583.xml,https://arxiv.org/pdf/1903.10237.pdf,200
rfc9583.xml,https://arxiv.org/pdf/1310.6045.pdf,200
rfc9583.xml,https://doi.org/10.1103/PhysRevA.101.032332,Connection error: HTTP Error 403: Forbidden
rfc9583.xml,https://doi.org/10.1103/PhysRevLett.108.130503,Connection error: HTTP Error 403: Forbidden
rfc9583.xml,https://www.ncsc.gov.uk/whitepaper/quantum-security-technologies,200
rfc9583.xml,https://nvlpubs.nist.gov/nistpubs/ir/2019/NIST.IR.8240.pdf,200
rfc9583.xml,https://doi.org/10.6028/NIST.SP.800-207,200
rfc9583.xml,https://www.nsa.gov/Cybersecurity/Post-Quantum-Cybersecurity-Resources/,Connection error: HTTP Error 403: Forbidden
rfc9583.xml,https://arxiv.org/pdf/quant-ph/0306195.pdf,200
rfc9583.xml,https://arxiv.org/pdf/1801.00862,200
rfc9583.xml,https://journals.aps.org/prl/abstract/10.1103/PhysRevLett.120.080501,Connection error: HTTP Error 403: Forbidden
rfc9583.xml,https://www.itu.int/en/ITU-T/Workshops-and-Seminars/2019060507/Documents/Hao_Qin_Presentation.pdf,200
rfc9583.xml,https://datatracker.ietf.org/doc/html/draft-van-meter-qirg-quantum-connection-setup-01,200
rfc9583.xml,https://arxiv.org/pdf/quant-ph/0512258.pdf,200
rfc9583.xml,https://www.rfc-editor.org/info/rfc7258,200
rfc9583.xml,https://www.rfc-editor.org/info/rfc9340,200
rfc9583.xml,https://arxiv.org/abs/1701.04588,200
rfc9583.xml,https://doi.org/10.1038/s41598-019-50290-1,200
rfc9583.xml,https://iopscience.iop.org/article/10.1088/1367-2630/11/4/045013,200
rfc9583.xml,https://doi.org/10.1109/ISCA.2006.19,Connection error: HTTP Error 418: Unknown Code
rfc9583.xml,https://arxiv.org/pdf/quant-ph/0607065.pdf,200
rfc9583.xml,http://science.sciencemag.org/content/362/6412/eaam9288.full,Connection error: HTTP Error 403: Forbidden
rfc9583.xml,https://iopscience.iop.org/article/10.1088/1367-2630/12/11/113026,200
rfc9583.xml,http://doi.org/10.1007/978-3-030-17659-4_14,200
rfc9583.xml,https://www.sciencedirect.com/science/article/abs/pii/S002002551930458X,Connection error: HTTP Error 403: Forbidden
rfc9583.xml,https://doi.org/10.1364/OE.26.024260,Connection error: Remote end closed connection without response
rfc9583.xml,https://link.aps.org/doi/10.1103/PhysRevA.78.042333,Connection error: HTTP Error 403: Forbidden
rfc9583.xml,https://iopscience.iop.org/article/10.1088/1742-6596/1087/4/042028,200
rfc9583.xml,https://arxiv.org/abs/1912.09642,200
rfc8941.xml,https://datatracker.ietf.org/doc/draft-ietf-httpbis-header-structure-19,200
rfc8941.xml,https://dx.doi.org/10.17487/rfc8941,200
rfc8941.xml,https://www.rfc-editor.org/info/rfc8941,200
rfc8941.xml,https://trustee.ietf.org/license-info,200
rfc8941.xml,https://www.rfc-editor.org/info/rfc20,200
rfc8941.xml,https://www.rfc-editor.org/info/rfc2119,200
rfc8941.xml,https://www.rfc-editor.org/info/rfc4648,200
rfc8941.xml,https://www.rfc-editor.org/info/rfc5234,200
rfc8941.xml,https://www.rfc-editor.org/info/rfc7230,200
rfc8941.xml,https://www.rfc-editor.org/info/rfc8174,200
rfc8941.xml,https://ieeexplore.ieee.org/document/8766229,Connection error: HTTP Error 418: Unknown Code
rfc8941.xml,https://www.rfc-editor.org/info/rfc7231,200
rfc8941.xml,https://www.rfc-editor.org/info/rfc7493,200
rfc8941.xml,https://www.rfc-editor.org/info/rfc7540,200
rfc8941.xml,https://www.rfc-editor.org/info/rfc7541,200
rfc8941.xml,https://www.rfc-editor.org/info/rfc8259,200
rfc8941.xml,https://www.rfc-editor.org/info/std63,200
rfc8941.xml,https://github.com/httpwg/structured-field-tests,200
rfc9358.xml,https://datatracker.ietf.org/doc/draft-ietf-pce-vn-association-11,200
rfc9358.xml,https://dx.doi.org/10.17487/rfc9358,200
rfc9358.xml,https://www.rfc-editor.org/info/rfc9358,200
rfc9358.xml,https://trustee.ietf.org/license-info,200
rfc9358.xml,https://www.rfc-editor.org/info/rfc20,200
rfc9358.xml,https://www.rfc-editor.org/info/rfc2119,200
rfc9358.xml,https://www.rfc-editor.org/info/rfc5440,200
rfc9358.xml,https://www.rfc-editor.org/info/rfc8174,200
rfc9358.xml,https://www.rfc-editor.org/info/rfc8231,200
rfc9358.xml,https://www.rfc-editor.org/info/rfc8253,200
rfc9358.xml,https://www.rfc-editor.org/info/rfc8281,200
rfc9358.xml,https://www.rfc-editor.org/info/rfc8697,200
rfc9358.xml,https://datatracker.ietf.org/doc/html/draft-ietf-pce-pcep-yang-20,200
rfc9358.xml,https://www.rfc-editor.org/info/rfc4655,200
rfc9358.xml,https://www.rfc-editor.org/info/rfc5541,200
rfc9358.xml,https://www.rfc-editor.org/info/rfc6805,200
rfc9358.xml,https://www.rfc-editor.org/info/rfc7470,200
rfc9358.xml,https://www.rfc-editor.org/info/rfc8051,200
rfc9358.xml,https://www.rfc-editor.org/info/rfc8453,200
rfc9358.xml,https://www.rfc-editor.org/info/rfc8637,200
rfc9358.xml,https://www.rfc-editor.org/info/rfc8751,200
rfc9308.xml,https://datatracker.ietf.org/doc/draft-ietf-quic-applicability-18,200
rfc9308.xml,https://dx.doi.org/10.17487/rfc9308,200
rfc9308.xml,https://www.rfc-editor.org/info/rfc9308,200
rfc9308.xml,https://trustee.ietf.org/license-info,200
rfc9308.xml,https://www.rfc-editor.org/info/rfc9000,200
rfc9308.xml,https://www.rfc-editor.org/info/rfc8999,200
rfc9308.xml,https://www.rfc-editor.org/info/rfc9001,200
rfc9308.xml,https://arxiv.org/abs/1612.07816,200
rfc9308.xml,https://conferences.sigcomm.org/imc/2010/papers/p260.pdf,200
rfc9308.xml,https://www.rfc-editor.org/info/rfc8470,200
rfc9308.xml,https://www.nanog.org/sites/default/files/Paasch_Network_Support.pdf,Connection error: HTTP Error 403: Forbidden
rfc9308.xml,https://datatracker.ietf.org/doc/html/draft-ietf-quic-ack-frequency-02,200
rfc9308.xml,https://www.ietf.org/archive/id/draft-ietf-quic-ack-frequency-02.txt,200
rfc9308.xml,https://www.rfc-editor.org/info/rfc9114,200
rfc9308.xml,https://datatracker.ietf.org/doc/html/draft-ietf-quic-load-balancers-14,200
rfc9308.xml,https://www.ietf.org/archive/id/draft-ietf-quic-load-balancers-14.txt,200
rfc9308.xml,https://www.rfc-editor.org/info/rfc9312,200
rfc9308.xml,https://datatracker.ietf.org/doc/html/draft-ietf-quic-retry-offload-00,200
rfc9308.xml,https://www.ietf.org/archive/id/draft-ietf-quic-retry-offload-00.txt,200
rfc9308.xml,https://datatracker.ietf.org/doc/html/draft-ietf-quic-version-negotiation-10,200
rfc9308.xml,https://www.ietf.org/archive/id/draft-ietf-quic-version-negotiation-10.txt,200
rfc9308.xml,https://www.rfc-editor.org/info/rfc1034,200
rfc9308.xml,https://www.rfc-editor.org/info/rfc2475,200
rfc9308.xml,https://www.rfc-editor.org/info/rfc5077,200
rfc9308.xml,https://www.rfc-editor.org/info/rfc5382,200
rfc9308.xml,https://www.rfc-editor.org/info/rfc5905,200
rfc9308.xml,https://www.rfc-editor.org/info/rfc6335,200
rfc9308.xml,https://www.rfc-editor.org/info/rfc6762,200
rfc9308.xml,https://www.rfc-editor.org/info/rfc7301,200
rfc9308.xml,https://www.rfc-editor.org/info/rfc7413,200
rfc9308.xml,https://www.rfc-editor.org/info/rfc7657,200
rfc9308.xml,https://www.rfc-editor.org/info/rfc7838,200
rfc9308.xml,https://www.rfc-editor.org/info/rfc8085,200
rfc9308.xml,https://www.rfc-editor.org/info/rfc8981,200
rfc9308.xml,https://www.rfc-editor.org/info/rfc9218,200
rfc9308.xml,https://www.rfc-editor.org/info/rfc9221,200
rfc9308.xml,https://openconnectivity.org/upnp-specs/UPnP-arch-DeviceArchitecture-v2.0-20200417.pdf,Connection error: HTTP Error 403: Forbidden
rfc9308.xml,https://www.ietf.org/proceedings/96/slides/slides-96-quic-3.pdf,200
rfc9308.xml,https://datatracker.ietf.org/doc/html/draft-ietf-taps-arch-14,200
rfc9308.xml,https://www.ietf.org/archive/id/draft-ietf-taps-arch-14.txt,200
rfc9308.xml,https://www.rfc-editor.org/info/rfc8446,200
rfc9308.xml,https://ripe72.ripe.net/wp-content/uploads/presentations/86-atlas-udpdiff.pdf,200
rfc8734.xml,https://datatracker.ietf.org/doc/draft-bruckert-brainpool-for-tls13-07,200
rfc8734.xml,https://dx.doi.org/10.17487/rfc8734,200
rfc8734.xml,https://www.rfc-editor.org/info/rfc8734,200
rfc8734.xml,https://trustee.ietf.org/license-info,200
rfc8734.xml,https://www.iana.org/assignments/tls-parameters,200
rfc8734.xml,https://www.rfc-editor.org/info/rfc2119,200
rfc8734.xml,https://www.rfc-editor.org/info/rfc5639,200
rfc8734.xml,https://www.rfc-editor.org/info/rfc7027,200
rfc8734.xml,https://www.rfc-editor.org/info/rfc8174,200
rfc8734.xml,https://www.rfc-editor.org/info/rfc8422,200
rfc8734.xml,https://www.rfc-editor.org/info/rfc8446,200
rfc8734.xml,https://doi.org/10.6028/NIST.FIPS.186-4,200
rfc8734.xml,https://doi.org/10.6028/NIST.SP.800-57ptlr4,Connection error: HTTP Error 404: Not Found
rfc9408.xml,https://datatracker.ietf.org/doc/draft-ietf-opsawg-sap-15,200
rfc9408.xml,https://dx.doi.org/10.17487/rfc9408,200
rfc9408.xml,https://www.rfc-editor.org/info/rfc9408,200
rfc9408.xml,https://trustee.ietf.org/license-info,200
rfc9408.xml,https://www.rfc-editor.org/info/rfc2119,200
rfc9408.xml,https://www.rfc-editor.org/info/rfc3688,200
rfc9408.xml,https://www.rfc-editor.org/info/rfc6020,200
rfc9408.xml,https://www.rfc-editor.org/info/rfc6241,200
rfc9408.xml,https://www.rfc-editor.org/info/rfc6242,200
rfc9408.xml,https://www.rfc-editor.org/info/rfc6991,200
rfc9408.xml,https://www.rfc-editor.org/info/rfc7950,200
rfc9408.xml,https://www.rfc-editor.org/info/rfc8040,200
rfc9408.xml,https://www.rfc-editor.org/info/rfc8174,200
rfc9408.xml,https://www.rfc-editor.org/info/rfc8341,200
rfc9408.xml,https://www.rfc-editor.org/info/rfc8345,200
rfc9408.xml,https://www.rfc-editor.org/info/rfc8346,200
rfc9408.xml,https://www.rfc-editor.org/info/rfc8446,200
rfc9408.xml,https://www.rfc-editor.org/info/rfc8795,200
rfc9408.xml,https://www.rfc-editor.org/info/rfc9181,200
rfc9408.xml,https://datatracker.ietf.org/doc/html/draft-ietf-bess-bgp-sdwan-usage-09,200
rfc9408.xml,https://datatracker.ietf.org/doc/html/draft-ietf-teas-enhanced-vpn-12,200
rfc9408.xml,https://doi.org/10.1109/IEEESTD.2020.9105034,Connection error: HTTP Error 418: Unknown Code
rfc9408.xml,https://datatracker.ietf.org/doc/html/draft-ietf-teas-ietf-network-slices-19,200
rfc9408.xml,https://www.mef.net/wp-content/uploads/2015/04/MEF-17.pdf,200
rfc9408.xml,https://www.mef.net/Assets/Technical_Specifications/PDF/MEF_6.pdf,200
rfc9408.xml,https://www.rfc-editor.org/info/rfc4026,200
rfc9408.xml,https://www.rfc-editor.org/info/rfc4364,200
rfc9408.xml,https://www.rfc-editor.org/info/rfc4761,200
rfc9408.xml,https://www.rfc-editor.org/info/rfc4762,200
rfc9408.xml,https://www.rfc-editor.org/info/rfc6004,200
rfc9408.xml,https://www.rfc-editor.org/info/rfc6215,200
rfc9408.xml,https://www.rfc-editor.org/info/rfc7149,200
rfc9408.xml,https://www.rfc-editor.org/info/rfc7224,200
rfc9408.xml,https://www.rfc-editor.org/info/rfc7426,200
rfc9408.xml,https://www.rfc-editor.org/info/rfc7432,200
rfc9408.xml,https://www.rfc-editor.org/info/rfc7623,200
rfc9408.xml,https://www.rfc-editor.org/info/rfc7951,200
rfc9408.xml,https://www.rfc-editor.org/info/rfc8214,200
rfc9408.xml,https://www.rfc-editor.org/info/rfc8299,200
rfc9408.xml,https://www.rfc-editor.org/info/rfc8309,200
rfc9408.xml,https://www.rfc-editor.org/info/rfc8340,200
rfc9408.xml,https://www.rfc-editor.org/info/rfc8342,200
rfc9408.xml,https://www.rfc-editor.org/info/rfc8365,200
rfc9408.xml,https://www.rfc-editor.org/info/rfc8453,200
rfc9408.xml,https://www.rfc-editor.org/info/rfc8466,200
rfc9408.xml,https://www.rfc-editor.org/info/rfc8969,200
rfc9408.xml,https://www.rfc-editor.org/info/rfc9135,200
rfc9408.xml,https://www.rfc-editor.org/info/rfc9182,200
rfc9408.xml,https://www.rfc-editor.org/info/rfc9291,200
rfc9063.xml,https://datatracker.ietf.org/doc/draft-ietf-hip-rfc4423-bis-20,200
rfc9063.xml,https://dx.doi.org/10.17487/rfc9063,200
rfc9063.xml,https://www.rfc-editor.org/info/rfc9063,200
rfc9063.xml,https://trustee.ietf.org/license-info,200
rfc9063.xml,https://www.rfc-editor.org/info/rfc5482,200
rfc9063.xml,https://www.rfc-editor.org/info/rfc6079,200
rfc9063.xml,https://www.rfc-editor.org/info/rfc7086,200
rfc9063.xml,https://www.rfc-editor.org/info/rfc7343,200
rfc9063.xml,https://www.rfc-editor.org/info/rfc7401,200
rfc9063.xml,https://www.rfc-editor.org/info/rfc7402,200
rfc9063.xml,https://www.rfc-editor.org/info/rfc8002,200
rfc9063.xml,https://www.rfc-editor.org/info/rfc8003,200
rfc9063.xml,https://www.rfc-editor.org/info/rfc8004,200
rfc9063.xml,https://www.rfc-editor.org/info/rfc8005,200
rfc9063.xml,https://www.rfc-editor.org/info/rfc8046,200
rfc9063.xml,https://www.rfc-editor.org/info/rfc8047,200
rfc9063.xml,https://www.rfc-editor.org/info/rfc9028,200
rfc9063.xml,https://doi.org/10.4018/jdtis.2011070102,200
rfc9063.xml,https://doi.org/10.1007/3-540-44810-1_22,200
rfc9063.xml,https://doi.org/10.1109/CCNC.2011.5766540,Connection error: HTTP Error 418: Unknown Code
rfc9063.xml,http://mercury.lcs.mit.edu/~jnc/tech/endpoints.txt,200
rfc9063.xml,https://doi.org/10.1109/ICC.2009.5198984,Connection error: HTTP Error 418: Unknown Code
rfc9063.xml,https://datatracker.ietf.org/doc/html/draft-heer-hip-middle-auth-04,200
rfc9063.xml,https://www.ietf.org/internet-drafts/draft-heer-hip-middle-auth-04.txt,Connection error: HTTP Error 404: Not Found
rfc9063.xml,https://datatracker.ietf.org/doc/html/draft-henderson-hip-vpls-11,200
rfc9063.xml,https://www.ietf.org/archive/id/draft-henderson-hip-vpls-11.txt,200
rfc9063.xml,https://datatracker.ietf.org/doc/html/draft-ietf-hip-dex-24,200
rfc9063.xml,https://www.ietf.org/archive/id/draft-ietf-hip-dex-24.txt,200
rfc9063.xml,https://doi.org/10.1002/sec.1411,Connection error: HTTP Error 403: Forbidden
rfc9063.xml,https://datatracker.ietf.org/doc/html/draft-tschofenig-hiprg-hip-srtp-02,200
rfc9063.xml,https://www.ietf.org/internet-drafts/draft-tschofenig-hiprg-hip-srtp-02.txt,Connection error: HTTP Error 404: Not Found
rfc9063.xml,https://doi.org/10.1109/WiMOB.2013.6673370,Connection error: HTTP Error 418: Unknown Code
rfc9063.xml,https://ieeexplore.ieee.org/document/9144691,Connection error: HTTP Error 418: Unknown Code
rfc9063.xml,https://doi.org/10.1109/AICCSA.2009.5069337,Connection error: HTTP Error 418: Unknown Code
rfc9063.xml,https://doi.org/10.1109/ClusterW.2012.29,Connection error: HTTP Error 418: Unknown Code
rfc9063.xml,https://doi.org/10.1109/CCNC.2009.4784729,Connection error: HTTP Error 418: Unknown Code
rfc9063.xml,https://doi.org/10.1007/978-3-642-27937-9_3,200
rfc9063.xml,https://doi.org/10.1109/ICNS.2007.66,Connection error: HTTP Error 418: Unknown Code
rfc9063.xml,https://doi.org/10.1016/j.comnet.2012.11.024,200
rfc9063.xml,https://doi.org/10.4018/jhcr.2010090905,200
rfc9063.xml,https://doi.org/10.1007/3-540-45807-7_3,200
rfc9063.xml,https://datatracker.ietf.org/doc/html/draft-irtf-nsrg-report-10,200
rfc9063.xml,https://www.ietf.org/archive/id/draft-irtf-nsrg-report-10.txt,200
rfc9063.xml,https://doi.org/10.1007/978-3-642-31909-9_19,200
rfc9063.xml,https://doi.org/10.1109/CCGRID.2017.62,Connection error: HTTP Error 418: Unknown Code
rfc9063.xml,https://www.rfc-editor.org/info/rfc2136,200
rfc9063.xml,https://www.rfc-editor.org/info/rfc2766,200
rfc9063.xml,https://www.rfc-editor.org/info/rfc3022,200
rfc9063.xml,https://www.rfc-editor.org/info/rfc3102,200
rfc9063.xml,https://www.rfc-editor.org/info/rfc3748,200
rfc9063.xml,https://www.rfc-editor.org/info/rfc3972,200
rfc9063.xml,https://www.rfc-editor.org/info/rfc4033,200
rfc9063.xml,https://www.rfc-editor.org/info/rfc4225,200
rfc9063.xml,https://www.rfc-editor.org/info/rfc4380,200
rfc9063.xml,https://www.rfc-editor.org/info/rfc4423,200
rfc9063.xml,https://www.rfc-editor.org/info/rfc5218,200
rfc9063.xml,https://www.rfc-editor.org/info/rfc5338,200
rfc9063.xml,https://www.rfc-editor.org/info/rfc5887,200
rfc9063.xml,https://www.rfc-editor.org/info/rfc6078,200
rfc9063.xml,https://www.rfc-editor.org/info/rfc6250,200
rfc9063.xml,https://www.rfc-editor.org/info/rfc6281,200
rfc9063.xml,https://www.rfc-editor.org/info/rfc6317,200
rfc9063.xml,https://www.rfc-editor.org/info/rfc6537,200
rfc9063.xml,https://www.rfc-editor.org/info/rfc6538,200
rfc9063.xml,https://www.rfc-editor.org/info/rfc7296,200
rfc9063.xml,https://www.rfc-editor.org/info/rfc7435,200
rfc9063.xml,https://doi.org/10.1007/978-3-642-27937-9_1,200
rfc9063.xml,https://doi.org/10.1145/1070873.1070875,Connection error: HTTP Error 403: Forbidden
rfc9063.xml,https://doi.org/10.1145/277697.277744,Connection error: HTTP Error 403: Forbidden
rfc9063.xml,https://doi.org/10.1007/11915034_85,200
rfc9063.xml,https://doi.org/10.1109/WOCN.2007.4284140,Connection error: HTTP Error 418: Unknown Code
rfc9063.xml,https://datatracker.ietf.org/doc/html/draft-irtf-hiprg-rfid-07,200
rfc9063.xml,https://www.ietf.org/archive/id/draft-irtf-hiprg-rfid-07.txt,200
rfc9063.xml,https://doi.org/10.24138/jcomss.v6i1.193,200
rfc9063.xml,https://doi.org/10.1109/SECURECOMM.2005.53,Connection error: HTTP Error 418: Unknown Code
rfc9063.xml,https://datatracker.ietf.org/doc/html/draft-irtf-hiprg-revocation-05,200
rfc9063.xml,https://www.ietf.org/archive/id/draft-irtf-hiprg-revocation-05.txt,200
rfc9063.xml,https://doi.org/10.1109/NCIS.2011.42,Connection error: HTTP Error 418: Unknown Code
rfc9063.xml,https://doi.org/10.1109/CCNC.2007.221,Connection error: HTTP Error 418: Unknown Code
rfc9027.xml,https://datatracker.ietf.org/doc/draft-ietf-stir-rph-emergency-services-07,200
rfc9027.xml,https://dx.doi.org/10.17487/rfc9027,200
rfc9027.xml,https://www.rfc-editor.org/info/rfc9027,200
rfc9027.xml,https://trustee.ietf.org/license-info,200
rfc9027.xml,https://www.rfc-editor.org/info/rfc2119,200
rfc9027.xml,https://www.rfc-editor.org/info/rfc4412,200
rfc9027.xml,https://www.rfc-editor.org/info/rfc5031,200
rfc9027.xml,https://www.rfc-editor.org/info/rfc7090,200
rfc9027.xml,https://www.rfc-editor.org/info/rfc7135,200
rfc9027.xml,https://www.rfc-editor.org/info/rfc7519,200
rfc9027.xml,https://www.rfc-editor.org/info/rfc8174,200
rfc9027.xml,https://www.rfc-editor.org/info/rfc8224,200
rfc9027.xml,https://www.rfc-editor.org/info/rfc8225,200
rfc9027.xml,https://www.rfc-editor.org/info/rfc8443,200
rfc9027.xml,https://tools.ietf.org/html/draft-rosen-stir-emergency-calls-00,200
rfc9027.xml,https://www.ietf.org/archive/id/draft-rosen-stir-emergency-calls-00.txt,200
rfc8749.xml,https://datatracker.ietf.org/doc/draft-ietf-dnsop-obsolete-dlv-02,200
rfc8749.xml,https://dx.doi.org/10.17487/rfc8749,200
rfc8749.xml,https://www.rfc-editor.org/info/rfc8749,200
rfc8749.xml,https://trustee.ietf.org/license-info,200
rfc8749.xml,https://www.rfc-editor.org/info/rfc2119,200
rfc8749.xml,https://www.rfc-editor.org/info/rfc4033,200
rfc8749.xml,https://www.rfc-editor.org/info/rfc4034,200
rfc8749.xml,https://www.rfc-editor.org/info/rfc4035,200
rfc8749.xml,https://www.rfc-editor.org/info/rfc4431,200
rfc8749.xml,https://www.rfc-editor.org/info/rfc5074,200
rfc8749.xml,https://www.rfc-editor.org/info/rfc6698,200
rfc8749.xml,https://www.rfc-editor.org/info/rfc6840,200
rfc8749.xml,https://www.rfc-editor.org/info/rfc8174,200
rfc8749.xml,https://www.rfc-editor.org/info/rfc8198,200
rfc9011.xml,https://datatracker.ietf.org/doc/draft-ietf-lpwan-schc-over-lorawan-14,200
rfc9011.xml,https://dx.doi.org/10.17487/rfc9011,200
rfc9011.xml,https://www.rfc-editor.org/info/rfc9011,200
rfc9011.xml,https://trustee.ietf.org/license-info,200
rfc9011.xml,https://www.lora-alliance.org,Connection error: HTTP Error 403: Forbidden
rfc9011.xml,https://lora-alliance.org/resource_hub/lorawan-104-specification-package/,Connection error: HTTP Error 403: Forbidden
rfc9011.xml,https://www.rfc-editor.org/info/rfc2119,200
rfc9011.xml,https://www.rfc-editor.org/info/rfc4291,200
rfc9011.xml,https://www.rfc-editor.org/info/rfc4493,200
rfc9011.xml,https://www.rfc-editor.org/info/rfc8174,200
rfc9011.xml,https://www.rfc-editor.org/info/rfc8724,200
rfc9011.xml,https://lora-alliance.org/resource_hub/lorawan-remote-multicast-setup-specification-v1-0-0/,Connection error: HTTP Error 403: Forbidden
rfc9011.xml,https://www.rfc-editor.org/info/rfc8064,200
rfc9011.xml,https://www.rfc-editor.org/info/rfc8065,200
rfc9011.xml,https://www.rfc-editor.org/info/rfc8376,200
rfc8978.xml,https://datatracker.ietf.org/doc/draft-ietf-v6ops-slaac-renum-05,200
rfc8978.xml,https://dx.doi.org/10.17487/rfc8978,200
rfc8978.xml,https://www.rfc-editor.org/info/rfc8978,200
rfc8978.xml,https://trustee.ietf.org/license-info,200
rfc8978.xml,https://www.rfc-editor.org/info/rfc4861,200
rfc8978.xml,https://www.rfc-editor.org/info/rfc4862,200
rfc8978.xml,https://www.rfc-editor.org/info/rfc6724,200
rfc8978.xml,https://www.rfc-editor.org/info/rfc8028,200
rfc8978.xml,https://www.rfc-editor.org/info/rfc8415,200
rfc8978.xml,https://tools.ietf.org/html/draft-linkova-6man-default-addr-selection-update-00,200
rfc8978.xml,https://www.ietf.org/internet-drafts/draft-linkova-6man-default-addr-selection-update-00.txt,Connection error: HTTP Error 404: Not Found
rfc8978.xml,https://www.si6networks.com/2016/02/16/quiz-weird-ipv6-traffic-on-the-local-network-updated-with-solution/,200
rfc8978.xml,http://www.bfdi.bund.de/SharedDocs/Publikationen/Entschliessungssammlung/DSBundLaender/84DSK_EinfuehrungIPv6.pdf?__blob=publicationFile,200
rfc8978.xml,https://patchwork.ozlabs.org/project/netdev/patch/20200419122457.GA971@archlinux-current.localdomain/,200
rfc8978.xml,https://tools.ietf.org/html/draft-ietf-v6ops-cpe-slaac-renum-07,200
rfc8978.xml,https://www.ietf.org/internet-drafts/draft-ietf-v6ops-cpe-slaac-renum-07.txt,Connection error: HTTP Error 404: Not Found
rfc8978.xml,https://tools.ietf.org/html/draft-ietf-6man-slaac-renum-02,200
rfc8978.xml,https://www.ietf.org/internet-drafts/draft-ietf-6man-slaac-renum-02.txt,Connection error: HTTP Error 404: Not Found
rfc8978.xml,https://www.rfc-editor.org/info/rfc7084,200
rfc8978.xml,https://www.rfc-editor.org/info/rfc7721,200
rfc8978.xml,https://www.rfc-editor.org/info/rfc7772,200
rfc8978.xml,https://www.rfc-editor.org/info/rfc8981,200
rfc8978.xml,https://www.ripe.net/publications/docs/ripe-690,200
rfc8978.xml,https://indico.uknof.org.uk/event/41/contributions/542/,Connection error: <urlopen error [Errno 101] Network is unreachable>
rfc9037.xml,https://datatracker.ietf.org/doc/draft-ietf-detnet-mpls-over-tsn-07,200
rfc9037.xml,https://dx.doi.org/10.17487/rfc9037,200
rfc9037.xml,https://www.rfc-editor.org/info/rfc9037,200
rfc9037.xml,https://trustee.ietf.org/license-info,200
rfc9037.xml,https://ieeexplore.ieee.org/document/8091139,Connection error: HTTP Error 418: Unknown Code
rfc9037.xml,https://1.ieee802.org/tsn/802-1cbdb/,Connection error: HTTP Error 403: Forbidden
rfc9037.xml,https://www.rfc-editor.org/info/rfc3031,200
rfc9037.xml,https://www.rfc-editor.org/info/rfc8655,200
rfc9037.xml,https://www.rfc-editor.org/info/rfc8964,200
rfc9037.xml,https://tools.ietf.org/html/draft-ietf-detnet-security-16,200
rfc9037.xml,https://www.ietf.org/archive/id/draft-ietf-detnet-security-16.txt,200
rfc9037.xml,https://ieeexplore.ieee.org/document/8585421,Connection error: HTTP Error 418: Unknown Code
rfc9037.xml,https://ieeexplore.ieee.org/document/8403927/,Connection error: HTTP Error 418: Unknown Code
rfc9037.xml,https://1.ieee802.org/tsn/802-1cbcv/,Connection error: HTTP Error 403: Forbidden
rfc9184.xml,https://datatracker.ietf.org/doc/draft-ietf-idr-bgp-ext-com-registry-05,200
rfc9184.xml,https://dx.doi.org/10.17487/rfc9184,200
rfc9184.xml,https://www.rfc-editor.org/info/rfc9184,200
rfc9184.xml,https://trustee.ietf.org/license-info,200
rfc9184.xml,https://www.rfc-editor.org/info/rfc7153,200
rfc9184.xml,https://www.rfc-editor.org/info/rfc8126,200
rfc9184.xml,https://www.rfc-editor.org/info/rfc3692,200
rfc9184.xml,https://www.rfc-editor.org/info/rfc5575,200
rfc9184.xml,https://www.rfc-editor.org/info/rfc7674,200
rfc9184.xml,https://www.rfc-editor.org/info/rfc8955,200
rfc9613.xml,https://datatracker.ietf.org/doc/draft-ietf-mpls-mna-requirements-16,200
rfc9613.xml,https://dx.doi.org/10.17487/rfc9613,200
rfc9613.xml,https://www.rfc-editor.org/info/rfc9613,200
rfc9613.xml,https://trustee.ietf.org/license-info,200
rfc9613.xml,https://www.rfc-editor.org/info/rfc2119,200
rfc9613.xml,https://www.rfc-editor.org/info/rfc3031,200
rfc9613.xml,https://www.rfc-editor.org/info/rfc3032,200
rfc9613.xml,https://www.rfc-editor.org/info/rfc5331,200
rfc9613.xml,https://www.rfc-editor.org/info/rfc8126,200
rfc9613.xml,https://www.rfc-editor.org/info/rfc8174,200
rfc9613.xml,https://datatracker.ietf.org/doc/html/draft-ietf-mpls-mna-fwk-10,200
rfc9613.xml,https://datatracker.ietf.org/doc/html/draft-ietf-mpls-mna-usecases-10,200
rfc9613.xml,https://www.rfc-editor.org/info/rfc3552,200
rfc9613.xml,https://www.rfc-editor.org/info/rfc5586,200
rfc9613.xml,https://www.rfc-editor.org/info/rfc5920,200
rfc9613.xml,https://www.rfc-editor.org/info/rfc6790,200
rfc9613.xml,https://www.rfc-editor.org/info/rfc6973,200
rfc9613.xml,https://www.rfc-editor.org/info/rfc9088,200
rfc8893.xml,https://datatracker.ietf.org/doc/draft-ietf-sidrops-ov-egress-04,200
rfc8893.xml,https://dx.doi.org/10.17487/rfc8893,200
rfc8893.xml,https://www.rfc-editor.org/info/rfc8893,200
rfc8893.xml,https://trustee.ietf.org/license-info,200
rfc8893.xml,https://www.rfc-editor.org/info/rfc2119,200
rfc8893.xml,https://www.rfc-editor.org/info/rfc4271,200
rfc8893.xml,https://www.rfc-editor.org/info/rfc5065,200
rfc8893.xml,https://www.rfc-editor.org/info/rfc6482,200
rfc8893.xml,https://www.rfc-editor.org/info/rfc6811,200
rfc8893.xml,https://www.rfc-editor.org/info/rfc7705,200
rfc8893.xml,https://www.rfc-editor.org/info/rfc8174,200
rfc8893.xml,https://www.rfc-editor.org/info/rfc8481,200
rfc8893.xml,https://www.rfc-editor.org/info/rfc6480,200
rfc9004.xml,https://datatracker.ietf.org/doc/draft-ietf-bmwg-b2b-frame-04,200
rfc9004.xml,https://dx.doi.org/10.17487/rfc9004,200
rfc9004.xml,https://www.rfc-editor.org/info/rfc9004,200
rfc9004.xml,https://trustee.ietf.org/license-info,200
rfc9004.xml,https://www.rfc-editor.org/info/rfc1242,200
rfc9004.xml,https://www.rfc-editor.org/info/rfc2119,200
rfc9004.xml,https://www.rfc-editor.org/info/rfc2544,200
rfc9004.xml,https://www.rfc-editor.org/info/rfc6985,200
rfc9004.xml,https://www.rfc-editor.org/info/rfc8174,200
rfc9004.xml,https://www.rfc-editor.org/info/rfc8239,200
rfc9004.xml,https://www.etsi.org/deliver/etsi_gs/NFV-TST/001_099/009/03.04.01_60/gs_NFV-TST009v030401p.pdf,200
rfc9004.xml,https://tools.ietf.org/html/draft-ietf-bmwg-mlrsearch-00,200
rfc9004.xml,https://www.ietf.org/archive/id/draft-ietf-bmwg-mlrsearch-00.txt,200
rfc9004.xml,https://tools.ietf.org/html/draft-vpolak-bmwg-plrsearch-03,200
rfc9004.xml,http://www.ietf.org/internet-drafts/draft-vpolak-bmwg-plrsearch-03.txt,Connection error: HTTP Error 404: Not Found
rfc9004.xml,https://wiki.anuket.io/download/attachments/4404001/VSPERF-Dataplane-Perf-Cap-Bench.pdf?version=1&modificationDate=1621191833500&api=v2,Connection error: HTTP Error 404: Not Found
rfc9004.xml,https://www.rfc-editor.org/info/rfc1944,200
rfc9004.xml,https://www.rfc-editor.org/info/rfc2889,200
rfc9004.xml,https://www.rfc-editor.org/info/rfc5180,200
rfc9004.xml,https://www.rfc-editor.org/info/rfc6201,200
rfc9004.xml,https://www.rfc-editor.org/info/rfc6815,200
rfc9004.xml,https://wiki.anuket.io/display/HOME/Traffic+Generator+Testing#TrafficGeneratorTesting-AppendixB:Back2BackTestingTimeSeries(fromCI),200
rfc9004.xml,https://datatracker.ietf.org/meeting/102/materials/slides-102-bmwg-evolution-of-repeatability-in-benchmarking-fraser-plugfest-summary-for-ietf-bmwg-00,200
rfc9004.xml,https://wiki.anuket.io/display/HOME/VSPERF+CI,200
rfc8659.xml,https://datatracker.ietf.org/doc/draft-ietf-lamps-rfc6844bis-07,200
rfc8659.xml,https://dx.doi.org/10.17487/rfc8659,200
rfc8659.xml,https://www.rfc-editor.org/info/rfc8659,200
rfc8659.xml,https://trustee.ietf.org/license-info,200
rfc8659.xml,https://www.rfc-editor.org/info/rfc1034,200
rfc8659.xml,https://www.rfc-editor.org/info/rfc1035,200
rfc8659.xml,https://www.rfc-editor.org/info/rfc2119,200
rfc8659.xml,https://www.rfc-editor.org/info/rfc2181,200
rfc8659.xml,https://www.rfc-editor.org/info/rfc4033,200
rfc8659.xml,https://www.rfc-editor.org/info/rfc4034,200
rfc8659.xml,https://www.rfc-editor.org/info/rfc4035,200
rfc8659.xml,https://www.rfc-editor.org/info/rfc5155,200
rfc8659.xml,https://www.rfc-editor.org/info/rfc5234,200
rfc8659.xml,https://www.rfc-editor.org/info/rfc5280,200
rfc8659.xml,https://www.rfc-editor.org/info/rfc6546,200
rfc8659.xml,https://www.rfc-editor.org/info/rfc6698,200
rfc8659.xml,https://www.rfc-editor.org/info/rfc6844,200
rfc8659.xml,https://www.rfc-editor.org/info/rfc7970,200
rfc8659.xml,https://www.rfc-editor.org/info/rfc8174,200
rfc8659.xml,https://www.rfc-editor.org/info/rfc3647,200
rfc9460.xml,https://datatracker.ietf.org/doc/draft-ietf-dnsop-svcb-https-12,200
rfc9460.xml,https://dx.doi.org/10.17487/rfc9460,200
rfc9460.xml,https://www.rfc-editor.org/info/rfc9460,200
rfc9460.xml,https://trustee.ietf.org/license-info,200
rfc9460.xml,https://www.rfc-editor.org/info/rfc7301,200
rfc9460.xml,https://www.rfc-editor.org/info/rfc8552,200
rfc9460.xml,https://www.rfc-editor.org/info/rfc8484,200
rfc9460.xml,https://www.rfc-editor.org/info/rfc7858,200
rfc9460.xml,https://www.rfc-editor.org/info/rfc8305,200
rfc9460.xml,https://www.rfc-editor.org/info/rfc9110,200
rfc9460.xml,https://www.rfc-editor.org/info/rfc1034,200
rfc9460.xml,https://www.rfc-editor.org/info/rfc1035,200
rfc9460.xml,https://www.rfc-editor.org/info/rfc1928,200
rfc9460.xml,https://www.rfc-editor.org/info/rfc2119,200
rfc9460.xml,https://www.rfc-editor.org/info/rfc2181,200
rfc9460.xml,https://www.rfc-editor.org/info/rfc3225,200
rfc9460.xml,https://www.rfc-editor.org/info/rfc3597,200
rfc9460.xml,https://www.rfc-editor.org/info/rfc4001,200
rfc9460.xml,https://www.rfc-editor.org/info/rfc5234,200
rfc9460.xml,https://www.rfc-editor.org/info/rfc5952,200
rfc9460.xml,https://www.rfc-editor.org/info/rfc6066,200
rfc9460.xml,https://www.rfc-editor.org/info/rfc6147,200
rfc9460.xml,https://www.rfc-editor.org/info/rfc7050,200
rfc9460.xml,https://www.rfc-editor.org/info/rfc7231,200
rfc9460.xml,https://www.rfc-editor.org/info/rfc7595,200
rfc9460.xml,https://www.rfc-editor.org/info/rfc7871,200
rfc9460.xml,https://www.rfc-editor.org/info/rfc8126,200
rfc9460.xml,https://www.rfc-editor.org/info/rfc8174,200
rfc9460.xml,https://www.rfc-editor.org/info/rfc8446,200
rfc9460.xml,https://www.rfc-editor.org/info/rfc6455,200
rfc9460.xml,https://www.rfc-editor.org/info/rfc7838,200
rfc9460.xml,https://datatracker.ietf.org/doc/html/draft-ietf-dnsop-aname-04,200
rfc9460.xml,https://bind9.readthedocs.io/en/v9.19.11/reference.html#namedconf-statement-check-names,200
rfc9460.xml,https://www.rfc-editor.org/info/rfc6672,200
rfc9460.xml,https://www.rfc-editor.org/info/rfc8499,200
rfc9460.xml,https://datatracker.ietf.org/doc/html/draft-ietf-tls-esni-17,200
rfc9460.xml,https://fetch.spec.whatwg.org/,200
rfc9460.xml,https://websockets.spec.whatwg.org/,200
rfc9460.xml,https://www.rfc-editor.org/info/rfc6797,200
rfc9460.xml,https://datatracker.ietf.org/doc/html/draft-bellis-dnsop-http-record-00,200
rfc9460.xml,https://www.rfc-editor.org/info/rfc9114,200
rfc9460.xml,https://www.rfc-editor.org/info/rfc1912,200
rfc9460.xml,https://www.rfc-editor.org/info/rfc6454,200
rfc9460.xml,https://www.rfc-editor.org/info/rfc2782,200
rfc9460.xml,https://www.rfc-editor.org/info/rfc3986,200
rfc9211.xml,https://datatracker.ietf.org/doc/draft-ietf-httpbis-cache-header-10,200
rfc9211.xml,https://dx.doi.org/10.17487/rfc9211,200
rfc9211.xml,https://www.rfc-editor.org/info/rfc9211,200
rfc9211.xml,https://trustee.ietf.org/license-info,200
rfc9211.xml,https://www.iana.org/assignments/http-cache-status,200
rfc9211.xml,https://www.iana.org/assignments/http-cache-status,200
rfc9211.xml,https://www.rfc-editor.org/info/rfc9110,200
rfc9211.xml,https://www.rfc-editor.org/info/rfc9111,200
rfc9211.xml,https://www.rfc-editor.org/info/rfc2119,200
rfc9211.xml,https://www.rfc-editor.org/info/rfc8126,200
rfc9211.xml,https://www.rfc-editor.org/info/rfc8174,200
rfc9211.xml,https://www.rfc-editor.org/info/rfc8941,200
rfc9211.xml,https://portswigger.net/research/web-cache-entanglement,200
rfc9590.xml,https://datatracker.ietf.org/doc/draft-ietf-extra-imap-list-metadata-05,200
rfc9590.xml,https://dx.doi.org/10.17487/rfc9590,200
rfc9590.xml,https://www.rfc-editor.org/info/rfc9590,200
rfc9590.xml,https://trustee.ietf.org/license-info,200
rfc9590.xml,https://www.iana.org/assignments/imap4-capabilities/,200
rfc9590.xml,https://www.iana.org/assignments/imap-list-extended/,200
rfc9590.xml,https://www.rfc-editor.org/info/rfc2119,200
rfc9590.xml,https://www.rfc-editor.org/info/rfc5234,200
rfc9590.xml,https://www.rfc-editor.org/info/rfc5258,200
rfc9590.xml,https://www.rfc-editor.org/info/rfc5464,200
rfc9590.xml,https://www.rfc-editor.org/info/rfc8174,200
rfc9590.xml,https://www.rfc-editor.org/info/rfc9051,200
rfc9590.xml,https://www.rfc-editor.org/info/rfc8792,200
rfc9231.xml,https://datatracker.ietf.org/doc/draft-eastlake-rfc6931bis-xmlsec-uris-27,200
rfc9231.xml,https://dx.doi.org/10.17487/rfc9231,200
rfc9231.xml,https://www.rfc-editor.org/info/rfc9231,200
rfc9231.xml,https://trustee.ietf.org/license-info,200
rfc9231.xml,https://www.ietf.org,200
rfc9231.xml,https://www.nist.gov,200
rfc9231.xml,https://www.w3.org,200
rfc9231.xml,http://www.w3.org/2000/09/xmldsig#,200
rfc9231.xml,http://www.w3.org/2001/04/xmldsig-more#,200
rfc9231.xml,http://www.w3.org/2007/05/xmldsig-more#,200
rfc9231.xml,http://www.w3.org/2021/04/xmldsig-more#,200
rfc9231.xml,http://www.w3.org/2000/09/xmldsig#,200
rfc9231.xml,http://www.w3.org/2001/04/xmlenc#,200
rfc9231.xml,http://www.w3/org/xmlsec-ghc#,Connection error: <urlopen error [Errno -2] Name or service not known>
rfc9231.xml,http://www.w3.org/2007/05/xmldsig-more#sha256-rsa-MGF1,200
rfc9231.xml,http://www.w3.org/2007/05/xmldsig-more#,200
rfc9231.xml,http://www.w3.org/2000/09/xmldsig#,200
rfc9231.xml,http://www.w3.org/2001/04/xmldsig-more#,200
rfc9231.xml,http://www.w3.org/2007/05/xmldsig-more#,200
rfc9231.xml,http://www.w3.org/2021/04/xmldsig-more#,200
rfc9231.xml,http://www.w3.org/2010/xmlsec-ghc#,200
rfc9231.xml,https://nvlpubs.nist.gov/nistpubs/FIPS/NIST.FIPS.180-4.pdf,200
rfc9231.xml,https://nvlpubs.nist.gov/nistpubs/FIPS/NIST.FIPS.186-4.pdf,200
rfc9231.xml,https://nvlpubs.nist.gov/nistpubs/FIPS/NIST.FIPS.202.pdf,200
rfc9231.xml,https://nvlpubs.nist.gov/nistpubs/SpecialPublications/NIST.SP.800-208.pdf,200
rfc9231.xml,https://www.rfc-editor.org/info/rfc1321,200
rfc9231.xml,https://www.rfc-editor.org/info/rfc2104,200
rfc9231.xml,https://www.rfc-editor.org/info/rfc2119,200
rfc9231.xml,https://www.rfc-editor.org/info/rfc2315,200
rfc9231.xml,https://www.rfc-editor.org/info/rfc3275,200
rfc9231.xml,https://www.rfc-editor.org/info/rfc3394,200
rfc9231.xml,https://www.rfc-editor.org/info/rfc3713,200
rfc9231.xml,https://www.rfc-editor.org/info/rfc3986,200
rfc9231.xml,https://www.rfc-editor.org/info/rfc4050,200
rfc9231.xml,https://www.rfc-editor.org/info/rfc4055,200
rfc9231.xml,https://www.rfc-editor.org/info/rfc4269,200
rfc9231.xml,https://www.rfc-editor.org/info/rfc4648,200
rfc9231.xml,https://www.rfc-editor.org/info/rfc5869,200
rfc9231.xml,https://www.rfc-editor.org/info/rfc6234,200
rfc9231.xml,https://www.rfc-editor.org/info/rfc7748,200
rfc9231.xml,https://www.rfc-editor.org/info/rfc8017,200
rfc9231.xml,https://www.rfc-editor.org/info/rfc8032,200
rfc9231.xml,https://www.rfc-editor.org/info/rfc8126,200
rfc9231.xml,https://www.rfc-editor.org/info/rfc8174,200
rfc9231.xml,https://www.rfc-editor.org/info/rfc8391,200
rfc9231.xml,https://www.rfc-editor.org/info/rfc8439,200
rfc9231.xml,https://doi.org/10.1007/978-3-642-34931-7_28,200
rfc9231.xml,https://www.w3.org/TR/2002/REC-xmlenc-core-20021210/,200
rfc9231.xml,https://www.w3.org/TR/xmlenc-core1/,200
rfc9231.xml,https://www.w3.org/TR/2003/REC-xptr-framework-20030325/,200
rfc9231.xml,https://www.w3.org/TR/2001/REC-xml-c14n-20010315,200
rfc9231.xml,https://www.w3.org/TR/2008/REC-xml-c14n11-20080502/,200
rfc9231.xml,https://cr.yp.to/chacha/chacha-20080128.pdf,200
rfc9231.xml,https://www.w3.org/TR/2002/REC-xmlenc-decrypt-20021210,200
rfc9231.xml,https://www.rfc-editor.org/errata/eid3597,200
rfc9231.xml,https://www.rfc-editor.org/errata/eid3965,200
rfc9231.xml,https://www.rfc-editor.org/errata/eid4004,200
rfc9231.xml,https://www.w3.org/TR/xmlsec-generic-hybrid/,200
rfc9231.xml,https://www.itu.int/rec/T-REC-X.660,200
rfc9231.xml,https://www.itu.int/rec/T-REC-X.680,200
rfc9231.xml,https://keccak.team/obsolete/Keccak-main-2.1.pdf,200
rfc9231.xml,https://cr.yp.to/mac/poly1305-20050329.pdf,200
rfc9231.xml,https://www.rfc-editor.org/info/rfc3075,200
rfc9231.xml,https://www.rfc-editor.org/info/rfc3076,200
rfc9231.xml,https://www.rfc-editor.org/info/rfc3092,200
rfc9231.xml,https://www.rfc-editor.org/info/rfc3741,200
rfc9231.xml,https://www.rfc-editor.org/info/rfc4010,200
rfc9231.xml,https://www.rfc-editor.org/info/rfc6090,200
rfc9231.xml,https://www.rfc-editor.org/info/rfc6151,200
rfc9231.xml,https://www.rfc-editor.org/info/rfc6194,200
rfc9231.xml,https://www.rfc-editor.org/info/rfc6931,200
rfc9231.xml,https://www.rfc-editor.org/info/rfc7465,200
rfc9231.xml,https://www.rfc-editor.org/info/rfc7696,200
rfc9231.xml,https://www.w3.org/TR/2004/REC-xmlschema-1-20041028,200
rfc9231.xml,https://www.w3.org/TR/2004/REC-xmlschema-2-20041028,200
rfc9231.xml,https://www.aumasson.jp/siphash/siphash.pdf,200
rfc9231.xml,https://www.w3.org,200
rfc9231.xml,https://www.w3.org/TR/2002/REC-xml-exc-c14n-20020718/,200
rfc9231.xml,https://www.w3.org/TR/xmldsig-properties/,200
rfc9231.xml,https://www.w3.org/TR/2008/REC-xmldsig-core-20080610/,200
rfc9231.xml,https://www.w3.org/TR/xmldsig-core1/,200
rfc9231.xml,https://www.w3.org/TR/xmlsec-algorithms/,200
rfc9231.xml,https://www.iana.org/assignments/xmss-extended-hash-based-signatures,200
rfc9231.xml,https://www.w3.org/TR/2002/REC-xmldsig-filter2-20021108,200
rfc9231.xml,https://www.w3.org/TR/2010/REC-xpath20-20101214,200
rfc9231.xml,https://www.w3.org/TR/xslt20/,200
rfc9406.xml,https://datatracker.ietf.org/doc/draft-ietf-tcpm-hystartplusplus-14,200
rfc9406.xml,https://dx.doi.org/10.17487/rfc9406,200
rfc9406.xml,https://www.rfc-editor.org/info/rfc9406,200
rfc9406.xml,https://trustee.ietf.org/license-info,200
rfc9406.xml,https://www.rfc-editor.org/info/rfc2119,200
rfc9406.xml,https://www.rfc-editor.org/info/rfc5681,200
rfc9406.xml,https://www.rfc-editor.org/info/rfc8174,200
rfc9406.xml,https://doi.org/10.1109/INFCOM.2000.832483,Connection error: HTTP Error 418: Unknown Code
rfc9406.xml,https://doi.org/10.1016/j.comnet.2011.01.014,200
rfc9406.xml,https://www.rfc-editor.org/info/rfc1122,200
rfc9406.xml,https://www.rfc-editor.org/info/rfc1191,200
rfc9406.xml,https://www.rfc-editor.org/info/rfc4821,200
rfc9406.xml,https://www.rfc-editor.org/info/rfc9002,200
rfc9406.xml,https://www.rfc-editor.org/info/rfc9260,200
rfc9406.xml,https://doi.org/10.1145/505696.505704,Connection error: HTTP Error 403: Forbidden
rfc9286.xml,https://datatracker.ietf.org/doc/draft-ietf-sidrops-6486bis-11,200
rfc9286.xml,https://dx.doi.org/10.17487/rfc9286,200
rfc9286.xml,https://www.rfc-editor.org/info/rfc9286,200
rfc9286.xml,https://trustee.ietf.org/license-info,200
rfc9286.xml,https://www.iana.org/assignments/rpki/,200
rfc9286.xml,https://www.rfc-editor.org/info/rfc2119,200
rfc9286.xml,https://www.rfc-editor.org/info/rfc5280,200
rfc9286.xml,https://www.rfc-editor.org/info/rfc6481,200
rfc9286.xml,https://www.rfc-editor.org/info/rfc6482,200
rfc9286.xml,https://www.rfc-editor.org/info/rfc6487,200
rfc9286.xml,https://www.rfc-editor.org/info/rfc6488,200
rfc9286.xml,https://www.rfc-editor.org/info/rfc7935,200
rfc9286.xml,https://www.rfc-editor.org/info/rfc8174,200
rfc9286.xml,https://www.itu.int/rec/T-REC-X.690-202102-I/en,200
rfc9286.xml,https://www.rfc-editor.org/info/rfc3779,200
rfc9286.xml,https://www.rfc-editor.org/info/rfc5652,200
rfc9286.xml,https://www.rfc-editor.org/info/rfc6480,200
rfc9286.xml,https://www.rfc-editor.org/info/rfc6486,200
rfc9286.xml,https://www.rfc-editor.org/info/rfc6489,200
rfc8974.xml,https://datatracker.ietf.org/doc/draft-ietf-core-stateless-08,200
rfc8974.xml,https://dx.doi.org/10.17487/rfc8974,200
rfc8974.xml,https://www.rfc-editor.org/info/rfc8974,200
rfc8974.xml,https://trustee.ietf.org/license-info,200
rfc8974.xml,https://www.rfc-editor.org/info/rfc2119,200
rfc8974.xml,https://www.rfc-editor.org/info/rfc7252,200
rfc8974.xml,https://www.rfc-editor.org/info/rfc7641,200
rfc8974.xml,https://www.rfc-editor.org/info/rfc7959,200
rfc8974.xml,https://www.rfc-editor.org/info/rfc8174,200
rfc8974.xml,https://www.rfc-editor.org/info/rfc8323,200
rfc8974.xml,https://tools.ietf.org/html/draft-ietf-6tisch-minimal-security-15,200
rfc8974.xml,https://www.ietf.org/internet-drafts/draft-ietf-6tisch-minimal-security-15.txt,Connection error: HTTP Error 404: Not Found
rfc8974.xml,https://tools.ietf.org/html/draft-ietf-core-echo-request-tag-11,200
rfc8974.xml,https://www.ietf.org/internet-drafts/draft-ietf-core-echo-request-tag-11.txt,Connection error: HTTP Error 404: Not Found
rfc8974.xml,https://www.rfc-editor.org/info/rfc3610,200
rfc8974.xml,https://www.rfc-editor.org/info/rfc6234,200
rfc8974.xml,https://www.rfc-editor.org/info/rfc7228,200
rfc8974.xml,https://www.rfc-editor.org/info/rfc8613,200
rfc9201.xml,https://datatracker.ietf.org/doc/draft-ietf-ace-oauth-params-16,200
rfc9201.xml,https://dx.doi.org/10.17487/rfc9201,200
rfc9201.xml,https://www.rfc-editor.org/info/rfc9201,200
rfc9201.xml,https://trustee.ietf.org/license-info,200
rfc9201.xml,https://www.iana.org/assignments/oauth-parameters,200
rfc9201.xml,https://www.rfc-editor.org/info/rfc2119,200
rfc9201.xml,https://www.rfc-editor.org/info/rfc6749,200
rfc9201.xml,https://www.rfc-editor.org/info/rfc7800,200
rfc9201.xml,https://www.rfc-editor.org/info/rfc8152,200
rfc9201.xml,https://www.rfc-editor.org/info/rfc8174,200
rfc9201.xml,https://www.rfc-editor.org/info/rfc8259,200
rfc9201.xml,https://www.rfc-editor.org/info/rfc8705,200
rfc9201.xml,https://www.rfc-editor.org/info/rfc8747,200
rfc9201.xml,https://www.rfc-editor.org/info/rfc8949,200
rfc9201.xml,https://www.rfc-editor.org/info/rfc9200,200
rfc9201.xml,https://www.rfc-editor.org/info/rfc7252,200
rfc9190.xml,https://datatracker.ietf.org/doc/draft-ietf-emu-eap-tls13-21,200
rfc9190.xml,https://dx.doi.org/10.17487/rfc9190,200
rfc9190.xml,https://www.rfc-editor.org/info/rfc9190,200
rfc9190.xml,https://trustee.ietf.org/license-info,200
rfc9190.xml,https://www.rfc-editor.org/info/rfc2119,200
rfc9190.xml,https://www.rfc-editor.org/info/rfc3748,200
rfc9190.xml,https://www.rfc-editor.org/info/rfc5216,200
rfc9190.xml,https://www.rfc-editor.org/info/rfc5280,200
rfc9190.xml,https://www.rfc-editor.org/info/rfc5705,200
rfc9190.xml,https://www.rfc-editor.org/info/rfc6066,200
rfc9190.xml,https://www.rfc-editor.org/info/rfc6960,200
rfc9190.xml,https://www.rfc-editor.org/info/rfc7542,200
rfc9190.xml,https://www.rfc-editor.org/info/rfc8174,200
rfc9190.xml,https://www.rfc-editor.org/info/rfc8446,200
rfc9190.xml,https://doi.org/10.1109/IEEESTD.2016.7786995,Connection error: HTTP Error 418: Unknown Code
rfc9190.xml,https://doi.org/10.1109/IEEESTD.2018.8585421,Connection error: HTTP Error 418: Unknown Code
rfc9190.xml,https://doi.org/10.1109/IEEESTD.2020.9018454,Connection error: HTTP Error 418: Unknown Code
rfc9190.xml,https://www.rfc-editor.org/info/rfc1661,200
rfc9190.xml,https://www.rfc-editor.org/info/rfc2246,200
rfc9190.xml,https://www.rfc-editor.org/info/rfc2560,200
rfc9190.xml,https://www.rfc-editor.org/info/rfc2865,200
rfc9190.xml,https://www.rfc-editor.org/info/rfc3280,200
rfc9190.xml,https://www.rfc-editor.org/info/rfc4137,200
rfc9190.xml,https://www.rfc-editor.org/info/rfc4282,200
rfc9190.xml,https://www.rfc-editor.org/info/rfc4346,200
rfc9190.xml,https://www.rfc-editor.org/info/rfc4851,200
rfc9190.xml,https://www.rfc-editor.org/info/rfc5077,200
rfc9190.xml,https://www.rfc-editor.org/info/rfc5191,200
rfc9190.xml,https://www.rfc-editor.org/info/rfc5246,200
rfc9190.xml,https://www.rfc-editor.org/info/rfc5247,200
rfc9190.xml,https://www.rfc-editor.org/info/rfc5281,200
rfc9190.xml,https://www.rfc-editor.org/info/rfc6125,200
rfc9190.xml,https://www.rfc-editor.org/info/rfc6733,200
rfc9190.xml,https://www.rfc-editor.org/info/rfc7170,200
rfc9190.xml,https://www.rfc-editor.org/info/rfc7406,200
rfc9190.xml,https://www.rfc-editor.org/info/rfc7457,200
rfc9190.xml,https://www.rfc-editor.org/info/rfc7525,200
rfc9190.xml,https://www.rfc-editor.org/info/rfc7593,200
rfc9190.xml,https://www.rfc-editor.org/info/rfc8126,200
rfc9190.xml,https://www.rfc-editor.org/info/rfc8447,200
rfc9190.xml,https://www.rfc-editor.org/info/rfc8996,200
rfc9190.xml,https://www.rfc-editor.org/info/rfc9155,200
rfc9190.xml,https://www.rfc-editor.org/rfc/rfc9191,200
rfc9190.xml,https://datatracker.ietf.org/doc/html/draft-ietf-tls-ticketrequests-07,200
rfc9190.xml,https://www.ietf.org/archive/id/draft-ietf-tls-ticketrequests-07.txt,200
rfc9190.xml,https://datatracker.ietf.org/doc/html/draft-ietf-tls-rfc8446bis-03,200
rfc9190.xml,https://www.ietf.org/archive/id/draft-ietf-tls-rfc8446bis-03.txt,200
rfc9190.xml,https://datatracker.ietf.org/doc/html/draft-ietf-emu-tls-eap-types-04,200
rfc9190.xml,https://www.ietf.org/archive/id/draft-ietf-emu-tls-eap-types-04.txt,200
rfc9032.xml,https://datatracker.ietf.org/doc/draft-ietf-6tisch-enrollment-enhanced-beacon-14,200
rfc9032.xml,https://dx.doi.org/10.17487/rfc9032,Connection error: HTTP Error 404: Not Found
rfc9032.xml,https://www.rfc-editor.org/info/rfc9032,200
rfc9032.xml,https://trustee.ietf.org/license-info,200
rfc9032.xml,https://ieeexplore.ieee.org/document/7460875,Connection error: HTTP Error 418: Unknown Code
rfc9032.xml,https://www.rfc-editor.org/info/rfc2119,200
rfc9032.xml,https://www.rfc-editor.org/info/rfc4861,200
rfc9032.xml,https://www.rfc-editor.org/info/rfc6775,200
rfc9032.xml,https://www.rfc-editor.org/info/rfc8137,200
rfc9032.xml,https://www.rfc-editor.org/info/rfc8174,200
rfc9032.xml,https://www.rfc-editor.org/info/rfc9031,200
rfc9032.xml,https://tools.ietf.org/html/draft-ietf-roll-enrollment-priority-04,200
rfc9032.xml,https://www.ietf.org/archive/id/draft-ietf-roll-enrollment-priority-04.txt,200
rfc9032.xml,https://www.rfc-editor.org/info/rfc4862,200
rfc9032.xml,https://www.rfc-editor.org/info/rfc6550,200
rfc9032.xml,https://www.rfc-editor.org/info/rfc7554,200
rfc9032.xml,https://www.rfc-editor.org/info/rfc8180,200
rfc9032.xml,https://www.rfc-editor.org/info/rfc8929,200
rfc9032.xml,https://www.rfc-editor.org/info/rfc9030,200
rfc9530.xml,https://datatracker.ietf.org/doc/draft-ietf-httpbis-digest-headers-13,200
rfc9530.xml,https://dx.doi.org/10.17487/rfc9530,200
rfc9530.xml,https://www.rfc-editor.org/info/rfc9530,200
rfc9530.xml,https://trustee.ietf.org/license-info,200
rfc9530.xml,https://www.iana.org/assignments/http-digest-hash-alg/,200
rfc9530.xml,https://www.iana.org/assignments/http-dig-alg/,200
rfc9530.xml,https://www.iana.org/assignments/http-digest-hash-alg/,200
rfc9530.xml,https://www.rfc-editor.org/info/rfc8792,200
rfc9530.xml,https://www.rfc-editor.org/info/rfc9110,200
rfc9530.xml,https://www.rfc-editor.org/info/rfc1321,200
rfc9530.xml,https://www.rfc-editor.org/info/rfc1950,200
rfc9530.xml,https://www.rfc-editor.org/info/rfc2119,200
rfc9530.xml,https://www.rfc-editor.org/info/rfc3174,200
rfc9530.xml,https://www.rfc-editor.org/info/rfc4648,200
rfc9530.xml,https://www.rfc-editor.org/info/rfc5234,200
rfc9530.xml,https://www.rfc-editor.org/info/rfc6234,200
rfc9530.xml,https://www.rfc-editor.org/info/rfc7405,200
rfc9530.xml,https://www.rfc-editor.org/info/rfc8126,200
rfc9530.xml,https://www.rfc-editor.org/info/rfc8174,200
rfc9530.xml,https://www.rfc-editor.org/info/rfc8941,200
rfc9530.xml,https://www.kb.cert.org/vuls/id/836068/,200
rfc9530.xml,https://nvlpubs.nist.gov/nistpubs/FIPS/NIST.FIPS.186-5.pdf,200
rfc9530.xml,https://www.rfc-editor.org/info/rfc9112,200
rfc9530.xml,https://eprint.iacr.org/2020/014.pdf,200
rfc9530.xml,https://datatracker.ietf.org/doc/html/draft-thomson-http-mice-03,200
rfc9530.xml,https://www.rfc-editor.org/info/rfc6151,200
rfc9530.xml,https://www.rfc-editor.org/info/rfc6194,200
rfc9530.xml,https://www.rfc-editor.org/info/rfc5789,200
rfc9530.xml,https://www.rfc-editor.org/info/rfc3230,200
rfc9530.xml,https://www.rfc-editor.org/info/rfc6211,200
rfc9530.xml,https://www.rfc-editor.org/info/rfc7396,200
rfc9530.xml,https://www.rfc-editor.org/info/rfc7696,200
rfc9530.xml,https://www.rfc-editor.org/info/rfc8188,200
rfc9530.xml,https://www.rfc-editor.org/info/rfc9260,200
rfc9530.xml,https://www.rfc-editor.org/info/rfc9457,200
rfc9530.xml,https://www.rfc-editor.org/info/rfc9421,200
rfc9530.xml,https://www.rfc-editor.org/info/rfc8446,200
rfc8996.xml,https://datatracker.ietf.org/doc/draft-ietf-tls-oldversions-deprecate-12,200
rfc8996.xml,https://dx.doi.org/10.17487/rfc8996,200
rfc8996.xml,https://www.rfc-editor.org/info/rfc8996,200
rfc8996.xml,https://trustee.ietf.org/license-info,200
rfc8996.xml,https://www.rfc-editor.org/info/rfc2119,200
rfc8996.xml,https://www.rfc-editor.org/info/rfc2246,200
rfc8996.xml,https://www.rfc-editor.org/info/rfc3261,200
rfc8996.xml,https://www.rfc-editor.org/info/rfc3329,200
rfc8996.xml,https://www.rfc-editor.org/info/rfc3436,200
rfc8996.xml,https://www.rfc-editor.org/info/rfc3470,200
rfc8996.xml,https://www.rfc-editor.org/info/rfc3501,200
rfc8996.xml,https://www.rfc-editor.org/info/rfc3552,200
rfc8996.xml,https://www.rfc-editor.org/info/rfc3568,200
rfc8996.xml,https://www.rfc-editor.org/info/rfc3656,200
rfc8996.xml,https://www.rfc-editor.org/info/rfc3749,200
rfc8996.xml,https://www.rfc-editor.org/info/rfc3767,200
rfc8996.xml,https://www.rfc-editor.org/info/rfc3856,200
rfc8996.xml,https://www.rfc-editor.org/info/rfc3871,200
rfc8996.xml,https://www.rfc-editor.org/info/rfc3887,200
rfc8996.xml,https://www.rfc-editor.org/info/rfc3903,200
rfc8996.xml,https://www.rfc-editor.org/info/rfc3943,200
rfc8996.xml,https://www.rfc-editor.org/info/rfc3983,200
rfc8996.xml,https://www.rfc-editor.org/info/rfc4097,200
rfc8996.xml,https://www.rfc-editor.org/info/rfc4111,200
rfc8996.xml,https://www.rfc-editor.org/info/rfc4162,200
rfc8996.xml,https://www.rfc-editor.org/info/rfc4168,200
rfc8996.xml,https://www.rfc-editor.org/info/rfc4217,200
rfc8996.xml,https://www.rfc-editor.org/info/rfc4235,200
rfc8996.xml,https://www.rfc-editor.org/info/rfc4261,200
rfc8996.xml,https://www.rfc-editor.org/info/rfc4279,200
rfc8996.xml,https://www.rfc-editor.org/info/rfc4346,200
rfc8996.xml,https://www.rfc-editor.org/info/rfc4497,200
rfc8996.xml,https://www.rfc-editor.org/info/rfc4513,200
rfc8996.xml,https://www.rfc-editor.org/info/rfc4531,200
rfc8996.xml,https://www.rfc-editor.org/info/rfc4540,200
rfc8996.xml,https://www.rfc-editor.org/info/rfc4582,200
rfc8996.xml,https://www.rfc-editor.org/info/rfc4616,200
rfc8996.xml,https://www.rfc-editor.org/info/rfc4642,200
rfc8996.xml,https://www.rfc-editor.org/info/rfc4680,200
rfc8996.xml,https://www.rfc-editor.org/info/rfc4681,200
rfc8996.xml,https://www.rfc-editor.org/info/rfc4712,200
rfc8996.xml,https://www.rfc-editor.org/info/rfc4732,200
rfc8996.xml,https://www.rfc-editor.org/info/rfc4743,200
rfc8996.xml,https://www.rfc-editor.org/info/rfc4744,200
rfc8996.xml,https://www.rfc-editor.org/info/rfc4785,200
rfc8996.xml,https://www.rfc-editor.org/info/rfc4791,200
rfc8996.xml,https://www.rfc-editor.org/info/rfc4823,200
rfc8996.xml,https://www.rfc-editor.org/info/rfc4851,200
rfc8996.xml,https://www.rfc-editor.org/info/rfc4964,200
rfc8996.xml,https://www.rfc-editor.org/info/rfc4975,200
rfc8996.xml,https://www.rfc-editor.org/info/rfc4976,200
rfc8996.xml,https://www.rfc-editor.org/info/rfc4992,200
rfc8996.xml,https://www.rfc-editor.org/info/rfc5018,200
rfc8996.xml,https://www.rfc-editor.org/info/rfc5019,200
rfc8996.xml,https://www.rfc-editor.org/info/rfc5023,200
rfc8996.xml,https://www.rfc-editor.org/info/rfc5024,200
rfc8996.xml,https://www.rfc-editor.org/info/rfc5049,200
rfc8996.xml,https://www.rfc-editor.org/info/rfc5054,200
rfc8996.xml,https://www.rfc-editor.org/info/rfc5091,200
rfc8996.xml,https://www.rfc-editor.org/info/rfc5158,200
rfc8996.xml,https://www.rfc-editor.org/info/rfc5216,200
rfc8996.xml,https://www.rfc-editor.org/info/rfc5238,200
rfc8996.xml,https://www.rfc-editor.org/info/rfc5263,200
rfc8996.xml,https://www.rfc-editor.org/info/rfc5281,200
rfc8996.xml,https://www.rfc-editor.org/info/rfc5364,200
rfc8996.xml,https://www.rfc-editor.org/info/rfc5422,200
rfc8996.xml,https://www.rfc-editor.org/info/rfc5469,200
rfc8996.xml,https://www.rfc-editor.org/info/rfc5734,200
rfc8996.xml,https://www.rfc-editor.org/info/rfc5878,200
rfc8996.xml,https://www.rfc-editor.org/info/rfc5953,200
rfc8996.xml,https://www.rfc-editor.org/info/rfc6042,200
rfc8996.xml,https://www.rfc-editor.org/info/rfc6176,200
rfc8996.xml,https://www.rfc-editor.org/info/rfc6353,200
rfc8996.xml,https://www.rfc-editor.org/info/rfc6367,200
rfc8996.xml,https://www.rfc-editor.org/info/rfc6739,200
rfc8996.xml,https://www.rfc-editor.org/info/rfc6749,200
rfc8996.xml,https://www.rfc-editor.org/info/rfc6750,200
rfc8996.xml,https://www.rfc-editor.org/info/rfc7030,200
rfc8996.xml,https://www.rfc-editor.org/info/rfc7465,200
rfc8996.xml,https://www.rfc-editor.org/info/rfc7507,200
rfc8996.xml,https://www.rfc-editor.org/info/rfc7525,200
rfc8996.xml,https://www.rfc-editor.org/info/rfc7562,200
rfc8996.xml,https://www.rfc-editor.org/info/rfc7568,200
rfc8996.xml,https://www.rfc-editor.org/info/rfc8174,200
rfc8996.xml,https://www.rfc-editor.org/info/rfc8422,200
rfc8996.xml,https://www.mitls.org/downloads/transcript-collisions.pdf,200
rfc8996.xml,https://nvlpubs.nist.gov/nistpubs/SpecialPublications/NIST.SP.800-52r2.pdf,200
rfc8996.xml,https://www.rfc-editor.org/info/rfc3316,200
rfc8996.xml,https://www.rfc-editor.org/info/rfc3489,200
rfc8996.xml,https://www.rfc-editor.org/info/rfc3546,200
rfc8996.xml,https://www.rfc-editor.org/info/rfc3588,200
rfc8996.xml,https://www.rfc-editor.org/info/rfc3734,200
rfc8996.xml,https://www.rfc-editor.org/info/rfc3920,200
rfc8996.xml,https://www.rfc-editor.org/info/rfc4132,200
rfc8996.xml,https://www.rfc-editor.org/info/rfc4244,200
rfc8996.xml,https://www.rfc-editor.org/info/rfc4347,200
rfc8996.xml,https://www.rfc-editor.org/info/rfc4366,200
rfc8996.xml,https://www.rfc-editor.org/info/rfc4492,200
rfc8996.xml,https://www.rfc-editor.org/info/rfc4507,200
rfc8996.xml,https://www.rfc-editor.org/info/rfc4572,200
rfc8996.xml,https://www.rfc-editor.org/info/rfc4934,200
rfc8996.xml,https://www.rfc-editor.org/info/rfc5077,200
rfc8996.xml,https://www.rfc-editor.org/info/rfc5081,200
rfc8996.xml,https://www.rfc-editor.org/info/rfc5101,200
rfc8996.xml,https://www.rfc-editor.org/info/rfc5246,200
rfc8996.xml,https://www.rfc-editor.org/info/rfc5415,200
rfc8996.xml,https://www.rfc-editor.org/info/rfc5456,200
rfc8996.xml,https://www.rfc-editor.org/info/rfc6012,200
rfc8996.xml,https://www.rfc-editor.org/info/rfc6083,200
rfc8996.xml,https://www.rfc-editor.org/info/rfc6084,200
rfc8996.xml,https://www.rfc-editor.org/info/rfc6347,200
rfc8996.xml,https://www.rfc-editor.org/info/rfc6460,200
rfc8996.xml,https://www.rfc-editor.org/info/rfc6614,200
rfc8996.xml,https://www.rfc-editor.org/info/rfc7457,200
rfc8996.xml,https://www.rfc-editor.org/info/rfc8143,200
rfc8996.xml,https://www.rfc-editor.org/info/rfc8261,200
rfc8996.xml,https://www.rfc-editor.org/info/rfc8446,200
rfc8996.xml,https://www.rfc-editor.org/info/rfc8447,200
rfc9751.xml,https://datatracker.ietf.org/doc/draft-ietf-avtcore-rtp-payload-registry-05,200
rfc9751.xml,https://dx.doi.org/10.17487/rfc9751,200
rfc9751.xml,https://www.rfc-editor.org/info/rfc9751,200
rfc9751.xml,https://trustee.ietf.org/license-info,200
rfc9751.xml,https://www.iana.org/assignments/media-types/,200
rfc9751.xml,https://www.iana.org/assignments/media-types,200
rfc9751.xml,https://www.iana.org/assignments/media-types/video/AV1,200
rfc9751.xml,https://www.iana.org/assignments/media-types,200
rfc9751.xml,https://www.rfc-editor.org/info/rfc8088,200
rfc9751.xml,https://www.iana.org/assignments/rtp-parameters,200
rfc9751.xml,https://www.rfc-editor.org/info/rfc4855,200
rfc8757.xml,https://datatracker.ietf.org/doc/draft-ietf-manet-dlep-latency-extension-05,200
rfc8757.xml,https://dx.doi.org/10.17487/rfc8757,200
rfc8757.xml,https://www.rfc-editor.org/info/rfc8757,200
rfc8757.xml,https://trustee.ietf.org/license-info,200
rfc8757.xml,https://www.rfc-editor.org/info/rfc2119,200
rfc8757.xml,https://www.rfc-editor.org/info/rfc8174,200
rfc8757.xml,https://www.rfc-editor.org/info/rfc8175,200
rfc8757.xml,https://www.rfc-editor.org/info/rfc8126,200
rfc8712.xml,https://datatracker.ietf.org/doc/draft-ietf-iasa2-rfc2031bis-08,200
rfc8712.xml,https://dx.doi.org/10.17487/rfc8712,200
rfc8712.xml,https://www.rfc-editor.org/info/rfc8712,200
rfc8712.xml,https://trustee.ietf.org/license-info,200
rfc8712.xml,https://www.rfc-editor.org/info/rfc8711,200
rfc8712.xml,https://www.internetsociety.org/mission/,Connection error: HTTP Error 403: Forbidden
rfc8712.xml,https://www.ietf.org/documents/180/IETF-LLC-Agreement.pdf,200
rfc8712.xml,https://www.rfc-editor.org/info/rfc2026,200
rfc8712.xml,https://www.rfc-editor.org/info/rfc2027,200
rfc8712.xml,https://www.rfc-editor.org/info/rfc2028,200
rfc8712.xml,https://www.rfc-editor.org/info/rfc2031,200
rfc8712.xml,https://www.rfc-editor.org/info/rfc2850,200
rfc8712.xml,https://www.rfc-editor.org/info/rfc3677,200
rfc8712.xml,https://www.rfc-editor.org/info/rfc4071,200
rfc8712.xml,https://www.rfc-editor.org/info/rfc4371,200
rfc8712.xml,https://www.rfc-editor.org/info/rfc5378,200
rfc8712.xml,https://www.rfc-editor.org/info/rfc6756,200
rfc8712.xml,https://www.rfc-editor.org/info/rfc8713,200
rfc8712.xml,https://www.rfc-editor.org/info/rfc8714,200
rfc8712.xml,https://www.rfc-editor.org/info/rfc8715,200
rfc8714.xml,https://datatracker.ietf.org/doc/draft-ietf-iasa2-trust-update-03,200
rfc8714.xml,https://dx.doi.org/10.17487/rfc8714,200
rfc8714.xml,https://www.rfc-editor.org/info/rfc8714,200
rfc8714.xml,https://trustee.ietf.org/license-info,200
rfc8714.xml,https://trustee.ietf.org/,200
rfc8714.xml,https://www.rfc-editor.org/info/bcp10,200
rfc8714.xml,https://www.rfc-editor.org/info/rfc4071,200
rfc8714.xml,https://www.rfc-editor.org/info/rfc4371,200
rfc8714.xml,https://www.rfc-editor.org/info/rfc8715,200
rfc9167.xml,https://datatracker.ietf.org/doc/draft-ietf-regext-epp-registry-maintenance-19,200
rfc9167.xml,https://dx.doi.org/10.17487/rfc9167,200
rfc9167.xml,https://www.rfc-editor.org/info/rfc9167,200
rfc9167.xml,https://trustee.ietf.org/license-info,200
rfc9167.xml,https://html.spec.whatwg.org/multipage/,200
rfc9167.xml,https://www.rfc-editor.org/info/rfc2119,200
rfc9167.xml,https://www.rfc-editor.org/info/rfc3339,200
rfc9167.xml,https://www.rfc-editor.org/info/rfc3986,200
rfc9167.xml,https://www.rfc-editor.org/info/rfc5646,200
rfc9167.xml,https://www.rfc-editor.org/info/rfc5730,200
rfc9167.xml,https://www.rfc-editor.org/info/rfc5891,200
rfc9167.xml,https://www.rfc-editor.org/info/rfc8174,200
rfc9167.xml,https://www.rfc-editor.org/info/rfc9038,200
rfc9167.xml,https://www.w3.org/TR/2008/REC-xml-20081126,200
rfc9167.xml,https://www.rfc-editor.org/info/rfc3688,200
rfc9167.xml,https://www.rfc-editor.org/info/rfc7451,200
rfc9506.xml,https://datatracker.ietf.org/doc/draft-ietf-ippm-explicit-flow-measurements-07,200
rfc9506.xml,https://dx.doi.org/10.17487/rfc9506,200
rfc9506.xml,https://www.rfc-editor.org/info/rfc9506,200
rfc9506.xml,https://trustee.ietf.org/license-info,200
rfc9506.xml,https://www.rfc-editor.org/info/rfc3168,200
rfc9506.xml,https://www.rfc-editor.org/info/rfc7799,200
rfc9506.xml,https://www.rfc-editor.org/info/rfc9000,200
rfc9506.xml,https://www.rfc-editor.org/info/rfc8558,200
rfc9506.xml,https://www.rfc-editor.org/info/rfc9293,200
rfc9506.xml,https://datatracker.ietf.org/doc/html/draft-ietf-tcpm-accurate-ecn-26,200
rfc9506.xml,https://www.rfc-editor.org/info/rfc9341,200
rfc9506.xml,https://doi.org/10.1145/3340301.3341127,Connection error: HTTP Error 403: Forbidden
rfc9506.xml,https://www.rfc-editor.org/info/rfc7713,200
rfc9506.xml,https://www.rfc-editor.org/info/rfc7786,200
rfc9506.xml,https://datatracker.ietf.org/doc/html/draft-ietf-core-coap-pm-01,200
rfc9506.xml,https://datatracker.ietf.org/doc/html/draft-trammell-ippm-spin-00,200
rfc9506.xml,https://www.rfc-editor.org/info/rfc9343,200
rfc9506.xml,https://www.rfc-editor.org/info/rfc9312,200
rfc9506.xml,https://datatracker.ietf.org/doc/html/draft-trammell-quic-spin-03,200
rfc9506.xml,https://www.rfc-editor.org/info/rfc9001,200
rfc9506.xml,https://www.rfc-editor.org/info/rfc8701,200
rfc9506.xml,https://doi.org/10.1007/978-3-319-76481-8_6,200
rfc9506.xml,https://www.rfc-editor.org/info/rfc9065,200
rfc9506.xml,https://datatracker.ietf.org/doc/html/draft-trammell-tsvwg-spin-00,200
rfc9506.xml,https://datatracker.ietf.org/doc/html/draft-ietf-tsvwg-udp-options-23,200
rfc9506.xml,https://datatracker.ietf.org/doc/html/draft-herbert-udp-space-hdr-01,200
rfc9465.xml,https://datatracker.ietf.org/doc/draft-ietf-pim-null-register-packing-16,200
rfc9465.xml,https://dx.doi.org/10.17487/rfc9465,200
rfc9465.xml,https://www.rfc-editor.org/info/rfc9465,200
rfc9465.xml,https://trustee.ietf.org/license-info,200
rfc9465.xml,https://www.rfc-editor.org/info/rfc2119,200
rfc9465.xml,https://www.rfc-editor.org/info/rfc3446,200
rfc9465.xml,https://www.rfc-editor.org/info/rfc4610,200
rfc9465.xml,https://www.rfc-editor.org/info/rfc7761,200
rfc9465.xml,https://www.rfc-editor.org/info/rfc8174,200
rfc9465.xml,https://www.rfc-editor.org/info/rfc9436,200
rfc9297.xml,https://dx.doi.org/10.17487/rfc9297,200
rfc9297.xml,https://datatracker.ietf.org/doc/draft-ietf-masque-h3-datagram-latest,200
rfc9297.xml,https://www.rfc-editor.org/info/rfc9297,200
rfc9297.xml,https://trustee.ietf.org/license-info,200
rfc9297.xml,https://www.iana.org/assignments/http3-parameters,200
rfc9297.xml,https://www.iana.org/assignments/http3-parameters,200
rfc9297.xml,https://www.iana.org/assignments/http-fields,200
rfc9297.xml,https://www.rfc-editor.org/info/rfc9110,200
rfc9297.xml,https://www.rfc-editor.org/info/rfc9112,200
rfc9297.xml,https://www.rfc-editor.org/info/rfc9113,200
rfc9297.xml,https://www.rfc-editor.org/info/rfc9114,200
rfc9297.xml,https://www.rfc-editor.org/info/rfc8126,200
rfc9297.xml,https://www.rfc-editor.org/info/rfc9000,200
rfc9297.xml,https://www.rfc-editor.org/info/rfc9221,200
rfc9297.xml,https://www.rfc-editor.org/info/rfc2119,200
rfc9297.xml,https://www.rfc-editor.org/info/rfc8174,200
rfc9297.xml,https://www.rfc-editor.org/info/rfc8941,200
rfc9297.xml,https://www.rfc-editor.org/info/rfc9293,200
rfc9297.xml,https://www.rfc-editor.org/info/rfc8899,200
rfc9297.xml,https://www.rfc-editor.org/info/rfc8441,200
rfc9297.xml,https://www.rfc-editor.org/info/rfc9220,200
rfc9297.xml,https://www.rfc-editor.org/info/rfc9218,200
rfc9297.xml,https://www.rfc-editor.org/info/rfc6455,200
rfc8837.xml,https://datatracker.ietf.org/doc/draft-ietf-tsvwg-rtcweb-qos-18,200
rfc8837.xml,https://dx.doi.org/10.17487/rfc8837,200
rfc8837.xml,https://www.rfc-editor.org/info/rfc8837,200
rfc8837.xml,https://trustee.ietf.org/license-info,200
rfc8837.xml,https://www.rfc-editor.org/info/rfc2119,200
rfc8837.xml,https://www.rfc-editor.org/info/rfc4594,200
rfc8837.xml,https://www.rfc-editor.org/info/rfc7657,200
rfc8837.xml,https://www.rfc-editor.org/info/rfc7742,200
rfc8837.xml,https://www.rfc-editor.org/info/rfc8174,200
rfc8837.xml,https://www.rfc-editor.org/info/rfc8622,200
rfc8837.xml,https://www.rfc-editor.org/info/rfc8826,200
rfc8837.xml,https://www.rfc-editor.org/info/rfc8831,200
rfc8837.xml,https://www.rfc-editor.org/info/rfc8834,200
rfc8837.xml,https://www.rfc-editor.org/info/rfc8835,200
rfc8837.xml,https://www.itu.int/rec/T-REC-G.1010-200111-I/en,200
rfc8837.xml,https://www.rfc-editor.org/info/rfc2474,200
rfc8837.xml,https://www.rfc-editor.org/info/rfc2597,200
rfc8837.xml,https://www.rfc-editor.org/info/rfc3246,200
rfc8837.xml,https://www.rfc-editor.org/info/rfc3550,200
rfc8837.xml,https://www.rfc-editor.org/info/rfc8699,200
rfc8823.xml,https://datatracker.ietf.org/doc/draft-ietf-acme-email-smime-14,200
rfc8823.xml,https://dx.doi.org/10.17487/rfc8823,200
rfc8823.xml,https://www.rfc-editor.org/info/rfc8823,200
rfc8823.xml,https://trustee.ietf.org/license-info,200
rfc8823.xml,https://www.rfc-editor.org/info/rfc2046,200
rfc8823.xml,https://www.rfc-editor.org/info/rfc2119,200
rfc8823.xml,https://www.rfc-editor.org/info/rfc2231,200
rfc8823.xml,https://www.rfc-editor.org/info/rfc2818,200
rfc8823.xml,https://www.rfc-editor.org/info/rfc2985,200
rfc8823.xml,https://www.rfc-editor.org/info/rfc2986,200
rfc8823.xml,https://www.rfc-editor.org/info/rfc3834,200
rfc8823.xml,https://www.rfc-editor.org/info/rfc4648,200
rfc8823.xml,https://www.rfc-editor.org/info/rfc5321,200
rfc8823.xml,https://www.rfc-editor.org/info/rfc5322,200
rfc8823.xml,https://www.rfc-editor.org/info/rfc5890,200
rfc8823.xml,https://www.rfc-editor.org/info/rfc6234,200
rfc8823.xml,https://www.rfc-editor.org/info/rfc6376,200
rfc8823.xml,https://www.rfc-editor.org/info/rfc6531,200
rfc8823.xml,https://www.rfc-editor.org/info/rfc8174,200
rfc8823.xml,https://www.rfc-editor.org/info/rfc8398,200
rfc8823.xml,https://www.rfc-editor.org/info/rfc8550,200
rfc8823.xml,https://www.rfc-editor.org/info/rfc8551,200
rfc8823.xml,https://www.rfc-editor.org/info/rfc8555,200
rfc8823.xml,https://www.rfc-editor.org/info/rfc8616,200
rfc8823.xml,https://www.rfc-editor.org/info/rfc4021,200
rfc8823.xml,https://www.rfc-editor.org/info/rfc8058,200
rfc9476.xml,https://datatracker.ietf.org/doc/draft-ietf-dnsop-alt-tld-25,200
rfc9476.xml,https://dx.doi.org/10.17487/rfc9476,200
rfc9476.xml,https://www.rfc-editor.org/info/rfc9476,200
rfc9476.xml,https://trustee.ietf.org/license-info,200
rfc9476.xml,https://www.iana.org/domains/reserved,200
rfc9476.xml,https://www.rfc-editor.org/info/rfc2119,200
rfc9476.xml,https://www.rfc-editor.org/info/rfc6761,200
rfc9476.xml,https://www.rfc-editor.org/info/rfc8174,200
rfc9476.xml,https://www.rfc-editor.org/info/rfc8244,200
rfc9476.xml,https://www.rfc-editor.org/info/rfc8198,200
rfc9476.xml,https://www.rfc-editor.org/info/rfc8499,200
rfc9476.xml,https://www.rfc-editor.org/info/rfc9156,200
rfc9133.xml,https://datatracker.ietf.org/doc/draft-ietf-dots-signal-filter-control-07,200
rfc9133.xml,https://dx.doi.org/10.17487/rfc9133,200
rfc9133.xml,https://www.rfc-editor.org/info/rfc9133,200
rfc9133.xml,https://trustee.ietf.org/license-info,200
rfc9133.xml,https://www.rfc-editor.org/info/rfc2119,200
rfc9133.xml,https://www.rfc-editor.org/info/rfc3688,200
rfc9133.xml,https://www.rfc-editor.org/info/rfc6020,200
rfc9133.xml,https://www.rfc-editor.org/info/rfc7950,200
rfc9133.xml,https://www.rfc-editor.org/info/rfc8174,200
rfc9133.xml,https://www.rfc-editor.org/info/rfc8783,200
rfc9133.xml,https://www.rfc-editor.org/info/rfc8791,200
rfc9133.xml,https://www.rfc-editor.org/info/rfc9132,200
rfc9133.xml,https://datatracker.ietf.org/meeting/103/materials/slides-103-dots-interop-report-from-ietf-103-hackathon-00,200
rfc9133.xml,https://www.iana.org/assignments/dots,200
rfc9133.xml,https://www.rfc-editor.org/info/rfc7951,200
rfc9133.xml,https://www.rfc-editor.org/info/rfc8340,200
rfc9133.xml,https://www.rfc-editor.org/info/rfc8612,200
rfc9133.xml,https://www.rfc-editor.org/info/rfc8811,200
rfc8748.xml,https://datatracker.ietf.org/doc/draft-ietf-regext-epp-fees-20,200
rfc8748.xml,https://dx.doi.org/10.17487/rfc8748,200
rfc8748.xml,https://www.rfc-editor.org/info/rfc8748,200
rfc8748.xml,https://trustee.ietf.org/license-info,200
rfc8748.xml,https://www.iso.org/standard/64758.html,200
rfc8748.xml,https://www.rfc-editor.org/info/rfc2119,200
rfc8748.xml,https://www.rfc-editor.org/info/rfc3688,200
rfc8748.xml,https://www.rfc-editor.org/info/rfc3915,200
rfc8748.xml,https://www.rfc-editor.org/info/rfc5646,200
rfc8748.xml,https://www.rfc-editor.org/info/rfc5730,200
rfc8748.xml,https://www.rfc-editor.org/info/rfc5731,200
rfc8748.xml,https://www.rfc-editor.org/info/rfc8174,200
rfc8748.xml,https://www.rfc-editor.org/info/rfc8334,200
rfc8748.xml,http://www.w3.org/TR/2004/REC-xmlschema-1-20041028,200
rfc8748.xml,https://www.rfc-editor.org/info/rfc7451,200
rfc9021.xml,https://datatracker.ietf.org/doc/draft-atkins-suit-cose-walnutdsa-07,200
rfc9021.xml,https://dx.doi.org/10.17487/rfc9021,200
rfc9021.xml,https://www.rfc-editor.org/info/rfc9021,200
rfc9021.xml,https://trustee.ietf.org/license-info,200
rfc9021.xml,https://www.rfc-editor.org/info/rfc2119,200
rfc9021.xml,https://www.rfc-editor.org/info/rfc8152,200
rfc9021.xml,https://www.rfc-editor.org/info/rfc8174,200
rfc9021.xml,https://doi.org/10.6028/NIST.FIPS.180-4,200
rfc9021.xml,https://doi.org/10.1080/23799927.2020.1831613,Connection error: HTTP Error 403: Forbidden
rfc9021.xml,https://www.slideshare.net/astamos/bh-slides,200
rfc9021.xml,https://www.crcpress.com/Group-Theoretic-Cryptography/Vasco-Steinwandt/p/book/9781584888369,Connection error: HTTP Error 403: Forbidden
rfc9021.xml,https://doi.org/10.17226/25196,200
rfc9021.xml,https://doi.org/10.1007/978-3-540-88702-7,200
rfc9021.xml,https://www.rfc-editor.org/info/rfc4086,200
rfc9021.xml,https://eprint.iacr.org/2019/472,200
rfc9021.xml,https://csrc.nist.gov/projects/post-quantum-cryptography/round-1-submissions,Connection error: HTTP Error 404: 
rfc8878.xml,https://datatracker.ietf.org/doc/draft-kucherawy-rfc8478bis-05,200
rfc8878.xml,https://dx.doi.org/10.17487/rfc8878,200
rfc8878.xml,https://www.rfc-editor.org/info/rfc8878,200
rfc8878.xml,https://trustee.ietf.org/license-info,200
rfc8878.xml,http://www.zstd.net,200
rfc8878.xml,https://arxiv.org/pdf/1311.2540,200
rfc8878.xml,https://en.wikipedia.org/w/index.php?title=CRIME&oldid=844538656,200
rfc8878.xml,https://tools.ietf.org/html/draft-handte-httpbis-dict-sec-00,200
rfc8878.xml,http://www.ietf.org/internet-drafts/draft-handte-httpbis-dict-sec-00.txt,Connection error: HTTP Error 404: Not Found
rfc8878.xml,https://www.rfc-editor.org/errata/eid5786,200
rfc8878.xml,https://www.rfc-editor.org/errata/eid6303,200
rfc8878.xml,https://github.com/Cyan4973/FiniteStateEntropy/,200
rfc8878.xml,https://github.com/lz4/lz4/blob/master/doc/lz4_Frame_format.md,200
rfc8878.xml,https://www.rfc-editor.org/info/rfc1952,200
rfc8878.xml,http://www.xxhash.org,200
rfc8768.xml,https://datatracker.ietf.org/doc/draft-ietf-core-hop-limit-07,200
rfc8768.xml,https://dx.doi.org/10.17487/rfc8768,200
rfc8768.xml,https://www.rfc-editor.org/info/rfc8768,200
rfc8768.xml,https://trustee.ietf.org/license-info,200
rfc8768.xml,https://www.iana.org/assignments/core-parameters,200
rfc8768.xml,https://www.iana.org/assignments/core-parameters,200
rfc8768.xml,https://www.rfc-editor.org/info/rfc2119,200
rfc8768.xml,https://www.rfc-editor.org/info/rfc7230,200
rfc8768.xml,https://www.rfc-editor.org/info/rfc7252,200
rfc8768.xml,https://www.rfc-editor.org/info/rfc8075,200
rfc8768.xml,https://www.rfc-editor.org/info/rfc8174,200
rfc8768.xml,https://tools.ietf.org/html/draft-ietf-dots-signal-channel-41,200
rfc8768.xml,http://www.ietf.org/internet-drafts/draft-ietf-dots-signal-channel-41.txt,Connection error: HTTP Error 404: Not Found
rfc8768.xml,https://www.rfc-editor.org/info/rfc8586,200
rfc8903.xml,https://datatracker.ietf.org/doc/draft-ietf-dots-use-cases-25,200
rfc8903.xml,https://dx.doi.org/10.17487/rfc8903,200
rfc8903.xml,https://www.rfc-editor.org/info/rfc8903,200
rfc8903.xml,https://trustee.ietf.org/license-info,200
rfc8903.xml,https://tools.ietf.org/html/draft-ietf-dots-multihoming-06,200
rfc8903.xml,https://www.ietf.org/archive/id/draft-ietf-dots-multihoming-06.txt,200
rfc8903.xml,https://www.rfc-editor.org/info/rfc8612,200
rfc8903.xml,https://www.rfc-editor.org/info/rfc8782,200
rfc8903.xml,https://www.rfc-editor.org/info/rfc8783,200
rfc9370.xml,https://datatracker.ietf.org/doc/draft-ietf-ipsecme-ikev2-multiple-ke-12,200
rfc9370.xml,https://dx.doi.org/10.17487/rfc9370,200
rfc9370.xml,https://www.rfc-editor.org/info/rfc9370,200
rfc9370.xml,https://trustee.ietf.org/license-info,200
rfc9370.xml,https://www.rfc-editor.org/info/rfc2119,200
rfc9370.xml,https://www.rfc-editor.org/info/rfc7296,200
rfc9370.xml,https://www.rfc-editor.org/info/rfc8174,200
rfc9370.xml,https://www.rfc-editor.org/info/rfc9242,200
rfc9370.xml,https://datatracker.ietf.org/doc/html/draft-tjhai-ikev2-beyond-64k-limit-03,200
rfc9370.xml,https://datatracker.ietf.org/doc/html/draft-ietf-ipsecme-g-ikev2-09,200
rfc9370.xml,https://doi.org/10.48550/arXiv.quant-ph/9605043,200
rfc9370.xml,https://www.iana.org/assignments/ikev2-parameters/,200
rfc9370.xml,https://csrc.nist.gov/Projects/post-quantum-cryptography/faqs,200
rfc9370.xml,https://www.rfc-editor.org/info/rfc5723,200
rfc9370.xml,https://www.rfc-editor.org/info/rfc6023,200
rfc9370.xml,https://www.rfc-editor.org/info/rfc7383,200
rfc9370.xml,https://www.rfc-editor.org/info/rfc8019,200
rfc9370.xml,https://www.rfc-editor.org/info/rfc8247,200
rfc9370.xml,https://www.rfc-editor.org/info/rfc8784,200
rfc9551.xml,https://datatracker.ietf.org/doc/draft-ietf-detnet-oam-framework-11,200
rfc9551.xml,https://dx.doi.org/10.17487/rfc9551,200
rfc9551.xml,https://www.rfc-editor.org/info/rfc9551,200
rfc9551.xml,https://trustee.ietf.org/license-info,200
rfc9551.xml,https://www.rfc-editor.org/info/rfc2119,200
rfc9551.xml,https://www.rfc-editor.org/info/rfc8174,200
rfc9551.xml,https://www.rfc-editor.org/info/rfc8655,200
rfc9551.xml,https://datatracker.ietf.org/doc/html/draft-ietf-ippm-hybrid-two-step-00,200
rfc9551.xml,https://www.rfc-editor.org/info/rfc2544,200
rfc9551.xml,https://www.rfc-editor.org/info/rfc6291,200
rfc9551.xml,https://www.rfc-editor.org/info/rfc6374,200
rfc9551.xml,https://www.rfc-editor.org/info/rfc7276,200
rfc9551.xml,https://www.rfc-editor.org/info/rfc7799,200
rfc9551.xml,https://www.rfc-editor.org/info/rfc8641,200
rfc9551.xml,https://www.rfc-editor.org/info/rfc8939,200
rfc9551.xml,https://www.rfc-editor.org/info/rfc9055,200
rfc9551.xml,https://www.rfc-editor.org/info/rfc9197,200
rfc9551.xml,https://www.rfc-editor.org/info/rfc9326,200
rfc9551.xml,https://www.rfc-editor.org/info/rfc9341,200
rfc9041.xml,https://datatracker.ietf.org/doc/draft-ietf-mpls-lsp-ping-registries-update-11,200
rfc9041.xml,https://dx.doi.org/10.17487/rfc9041,200
rfc9041.xml,https://www.rfc-editor.org/info/rfc9041,200
rfc9041.xml,https://trustee.ietf.org/license-info,200
rfc9041.xml,https://www.iana.org/assignments/mpls-lsp-ping-parameters,200
rfc9041.xml,https://www.iana.org/assignments/mpls-lsp-ping-parameters/,200
rfc9041.xml,https://www.iana.org/assignments/mpls-lsp-ping-parameters/,200
rfc9041.xml,https://www.iana.org/assignments/mpls-lsp-ping-parameters/,200
rfc9041.xml,https://www.iana.org/assignments/mpls-lsp-ping-parameters/,200
rfc9041.xml,https://www.iana.org/assignments/mpls-lsp-ping-parameters/,200
rfc9041.xml,https://www.iana.org/assignments/mpls-lsp-ping-parameters/,200
rfc9041.xml,https://www.iana.org/assignments/mpls-lsp-ping-parameters/,200
rfc9041.xml,https://www.iana.org/assignments/mpls-lsp-ping-parameters/,200
rfc9041.xml,https://www.iana.org/assignments/mpls-lsp-ping-parameters/,200
rfc9041.xml,https://www.iana.org/assignments/mpls-lsp-ping-parameters/,200
rfc9041.xml,https://www.rfc-editor.org/info/rfc2119,200
rfc9041.xml,https://www.rfc-editor.org/info/rfc8029,200
rfc9041.xml,https://www.rfc-editor.org/info/rfc8126,200
rfc9041.xml,https://www.rfc-editor.org/info/rfc8174,200
rfc9041.xml,https://www.rfc-editor.org/info/rfc8611,200
rfc9041.xml,https://www.iana.org/assignments/mpls-lsp-ping-parameters/,200
rfc9041.xml,https://www.iana.org/assignments/mpls-lsp-ping-parameters/,200
rfc9041.xml,https://www.rfc-editor.org/info/rfc7110,200
rfc9041.xml,https://www.rfc-editor.org/info/rfc7555,200
rfc9041.xml,https://www.rfc-editor.org/info/rfc7743,200
rfc9041.xml,https://www.rfc-editor.org/info/rfc7759,200
rfc9041.xml,https://www.rfc-editor.org/info/rfc8287,200
rfc9755.xml,https://datatracker.ietf.org/doc/draft-ietf-extra-6855bis-04,200
rfc9755.xml,https://dx.doi.org/10.17487/rfc9755,200
rfc9755.xml,https://www.rfc-editor.org/info/rfc9755,200
rfc9755.xml,https://trustee.ietf.org/license-info,200
rfc9755.xml,https://www.rfc-editor.org/info/rfc2119,200
rfc9755.xml,https://www.rfc-editor.org/info/rfc3501,200
rfc9755.xml,https://www.rfc-editor.org/info/rfc3629,200
rfc9755.xml,https://www.rfc-editor.org/info/rfc5161,200
rfc9755.xml,https://www.rfc-editor.org/info/rfc5198,200
rfc9755.xml,https://www.rfc-editor.org/info/rfc5234,200
rfc9755.xml,https://www.rfc-editor.org/info/rfc5322,200
rfc9755.xml,https://www.rfc-editor.org/info/rfc6530,200
rfc9755.xml,https://www.rfc-editor.org/info/rfc6532,200
rfc9755.xml,https://www.rfc-editor.org/info/rfc8174,200
rfc9755.xml,https://www.rfc-editor.org/info/rfc8265,200
rfc9755.xml,https://www.rfc-editor.org/info/rfc2342,200
rfc9755.xml,https://www.rfc-editor.org/info/rfc4314,200
rfc9755.xml,https://www.rfc-editor.org/info/rfc5530,200
rfc9755.xml,https://www.rfc-editor.org/info/rfc5738,200
rfc9755.xml,https://www.rfc-editor.org/info/rfc6855,200
rfc9755.xml,https://www.rfc-editor.org/info/rfc6857,200
rfc9755.xml,https://www.rfc-editor.org/info/rfc6858,200
rfc9755.xml,https://www.rfc-editor.org/info/rfc7888,200
rfc9755.xml,https://www.rfc-editor.org/info/rfc8620,200
rfc9755.xml,https://www.rfc-editor.org/info/rfc9051,200
rfc9514.xml,https://datatracker.ietf.org/doc/draft-ietf-idr-bgpls-srv6-ext-14,200
rfc9514.xml,https://dx.doi.org/10.17487/rfc9514,200
rfc9514.xml,https://www.rfc-editor.org/info/rfc9514,200
rfc9514.xml,https://trustee.ietf.org/license-info,200
rfc9514.xml,https://www.rfc-editor.org/info/rfc2119,200
rfc9514.xml,https://www.rfc-editor.org/info/rfc7752,200
rfc9514.xml,https://www.rfc-editor.org/info/rfc8126,200
rfc9514.xml,https://www.rfc-editor.org/info/rfc8174,200
rfc9514.xml,https://www.rfc-editor.org/info/rfc8402,200
rfc9514.xml,https://www.rfc-editor.org/info/rfc8814,200
rfc9514.xml,https://www.rfc-editor.org/info/rfc8986,200
rfc9514.xml,https://www.rfc-editor.org/info/rfc9085,200
rfc9514.xml,https://www.rfc-editor.org/info/rfc9086,200
rfc9514.xml,https://www.rfc-editor.org/info/rfc9352,200
rfc9514.xml,https://www.rfc-editor.org/info/rfc9513,200
rfc9514.xml,https://www.rfc-editor.org/info/rfc5706,200
rfc9514.xml,https://www.rfc-editor.org/info/rfc8754,200
rfc9514.xml,https://datatracker.ietf.org/doc/html/draft-ietf-spring-srv6-yang-02,200
rfc9542.xml,https://datatracker.ietf.org/doc/draft-ietf-intarea-rfc7042bis-11,200
rfc9542.xml,https://dx.doi.org/10.17487/rfc9542,200
rfc9542.xml,https://www.rfc-editor.org/info/rfc9542,200
rfc9542.xml,https://trustee.ietf.org/license-info,200
rfc9542.xml,http://ieeexplore.ieee.org/servlet/opac?punumber=6991460,Connection error: HTTP Error 418: Unknown Code
rfc9542.xml,https://doi.org/10.1109/IEEESTD.2016.7433915,Connection error: HTTP Error 418: Unknown Code
rfc9542.xml,https://doi.org/10.1109/IEEESTD.2014.6847097,Connection error: HTTP Error 418: Unknown Code
rfc9542.xml,https://doi.org/10.1109/IEEESTD.2017.8016709,Connection error: HTTP Error 418: Unknown Code
rfc9542.xml,https://www.rfc-editor.org/info/rfc8126,200
rfc9542.xml,https://datatracker.ietf.org/doc/html/draft-acee-idr-lldp-peer-discovery-17,200
rfc9542.xml,https://www.iana.org/assignments/ethernet-numbers,200
rfc9542.xml,https://www.iana.org,200
rfc9542.xml,https://www.ieee.org,Connection error: HTTP Error 418: Unknown Code
rfc9542.xml,http://ieeexplore.ieee.org/servlet/opac?punumber=6178209,Connection error: HTTP Error 418: Unknown Code
rfc9542.xml,http://ieeexplore.ieee.org/servlet/opac?punumber=6419733,Connection error: HTTP Error 418: Unknown Code
rfc9542.xml,https://doi.org/10.1109/IEEESTD.2008.4659233,Connection error: HTTP Error 418: Unknown Code
rfc9542.xml,https://www.ieee802.org,200
rfc9542.xml,https://doi.org/10.1109/IEEESTD.2020.9144691,Connection error: HTTP Error 418: Unknown Code
rfc9542.xml,https://doi.org/10.1109/IEEESTD.2017.7875381,Connection error: HTTP Error 418: Unknown Code
rfc9542.xml,https://standards.ieee.org/wp-content/uploads/import/documents/tutorials/eui.pdf,Connection error: HTTP Error 403: Forbidden
rfc9542.xml,https://standards.ieee.org/products-programs/regauth/,Connection error: HTTP Error 403: Forbidden
rfc9542.xml,https://standards.ieee.org,Connection error: HTTP Error 403: Forbidden
rfc9542.xml,https://www.infinibandta.org/,200
rfc9542.xml,https://datatracker.ietf.org/doc/html/draft-ietf-madinas-mac-address-randomization-12,200
rfc9542.xml,https://www.iana.org/assignments/ppp-numbers,200
rfc9542.xml,https://datatracker.ietf.org/doc/html/draft-ieee-rac-oui-restructuring-01,200
rfc9542.xml,https://www.rfc-editor.org/info/rfc1112,200
rfc9542.xml,https://www.rfc-editor.org/info/rfc1661,200
rfc9542.xml,https://www.rfc-editor.org/info/rfc2153,200
rfc9542.xml,https://www.rfc-editor.org/info/rfc2332,200
rfc9542.xml,https://www.rfc-editor.org/info/rfc2464,200
rfc9542.xml,https://www.rfc-editor.org/info/rfc2606,200
rfc9542.xml,https://www.rfc-editor.org/info/rfc2784,200
rfc9542.xml,https://www.rfc-editor.org/info/rfc3092,200
rfc9542.xml,https://www.rfc-editor.org/info/rfc4291,200
rfc9542.xml,https://www.rfc-editor.org/info/rfc4760,200
rfc9542.xml,https://www.rfc-editor.org/info/rfc5214,200
rfc9542.xml,https://www.rfc-editor.org/info/rfc5332,200
rfc9542.xml,https://www.rfc-editor.org/info/rfc5342,200
rfc9542.xml,https://www.rfc-editor.org/info/rfc5737,200
rfc9542.xml,https://www.rfc-editor.org/info/rfc5798,200
rfc9542.xml,https://www.rfc-editor.org/info/rfc6034,200
rfc9542.xml,https://www.rfc-editor.org/info/rfc6328,200
rfc9542.xml,https://www.rfc-editor.org/info/rfc6895,200
rfc9542.xml,https://www.rfc-editor.org/info/rfc7042,200
rfc9542.xml,https://www.rfc-editor.org/info/rfc7043,200
rfc9542.xml,https://www.rfc-editor.org/info/rfc7319,200
rfc9542.xml,https://www.rfc-editor.org/info/rfc7961,200
rfc9542.xml,https://www.rfc-editor.org/info/rfc8064,200
rfc9542.xml,https://www.rfc-editor.org/info/rfc8415,200
rfc9542.xml,https://www.rfc-editor.org/info/rfc8520,200
rfc9542.xml,https://www.rfc-editor.org/info/rfc8926,200
rfc9542.xml,https://www.rfc-editor.org/info/rfc8947,200
rfc9542.xml,https://www.rfc-editor.org/info/rfc8948,200
rfc9542.xml,https://www.rfc-editor.org/info/rfc8949,200
rfc9542.xml,https://standards.ieee.org/regauth/ethertype/eth.txt,Connection error: HTTP Error 403: Forbidden
rfc9542.xml,https://standards.ieee.org/products-programs/regauth/ethertype/,Connection error: HTTP Error 403: Forbidden
rfc9584.xml,https://datatracker.ietf.org/doc/draft-ietf-avtcore-rtp-evc-07,200
rfc9584.xml,https://dx.doi.org/10.17487/rfc9584,200
rfc9584.xml,https://www.rfc-editor.org/info/rfc9584,200
rfc9584.xml,https://trustee.ietf.org/license-info,200
rfc9584.xml,https://www.iso.org/standard/57797.html,200
rfc9584.xml,https://www.rfc-editor.org/info/rfc2119,200
rfc9584.xml,https://www.rfc-editor.org/info/rfc3264,200
rfc9584.xml,https://www.rfc-editor.org/info/rfc3550,200
rfc9584.xml,https://www.rfc-editor.org/info/rfc3551,200
rfc9584.xml,https://www.rfc-editor.org/info/rfc3711,200
rfc9584.xml,https://www.rfc-editor.org/info/rfc4585,200
rfc9584.xml,https://www.rfc-editor.org/info/rfc4648,200
rfc9584.xml,https://www.rfc-editor.org/info/rfc5104,200
rfc9584.xml,https://www.rfc-editor.org/info/rfc5124,200
rfc9584.xml,https://www.rfc-editor.org/info/rfc5576,200
rfc9584.xml,https://www.rfc-editor.org/info/rfc7826,200
rfc9584.xml,https://www.rfc-editor.org/info/rfc8082,200
rfc9584.xml,https://www.rfc-editor.org/info/rfc8174,200
rfc9584.xml,https://www.rfc-editor.org/info/rfc8866,200
rfc9584.xml,https://www.rfc-editor.org/info/rfc9328,200
rfc9584.xml,https://www.itu.int/rec/T-REC-H.274,200
rfc9584.xml,https://www.iso.org/standard/66069.html,200
rfc9584.xml,https://www.itu.int/rec/T-REC-H.265,200
rfc9584.xml,https://www.rfc-editor.org/info/rfc2974,200
rfc9584.xml,https://www.rfc-editor.org/info/rfc6184,200
rfc9584.xml,https://www.rfc-editor.org/info/rfc6190,200
rfc9584.xml,https://www.rfc-editor.org/info/rfc7201,200
rfc9584.xml,https://www.rfc-editor.org/info/rfc7202,200
rfc9584.xml,https://www.rfc-editor.org/info/rfc7656,200
rfc9584.xml,https://www.rfc-editor.org/info/rfc7667,200
rfc9584.xml,https://www.rfc-editor.org/info/rfc7798,200
rfc9584.xml,https://www.itu.int/rec/T-REC-H.263,200
rfc9584.xml,http://www.itu.int/rec/T-REC-H.266,200
rfc9019.xml,https://datatracker.ietf.org/doc/draft-ietf-suit-architecture-16,200
rfc9019.xml,https://dx.doi.org/10.17487/rfc9019,200
rfc9019.xml,https://www.rfc-editor.org/info/rfc9019,200
rfc9019.xml,https://trustee.ietf.org/license-info,200
rfc9019.xml,http://www.openmobilealliance.org/release/LightweightM2M/V1_0_2-20180209-A/OMA-TS-LightweightM2M-V1_0_2-20180209-A.pdf,Connection error: HTTP Error 403: Forbidden
rfc9019.xml,https://www.nature.com/articles/s41598-018-36058-z,200
rfc9019.xml,https://tools.ietf.org/html/draft-ietf-rats-architecture-12,200
rfc9019.xml,https://www.ietf.org/archive/id/draft-ietf-rats-architecture-12.txt,200
rfc9019.xml,https://www.rfc-editor.org/info/rfc6024,200
rfc9019.xml,https://www.rfc-editor.org/info/rfc6763,200
rfc9019.xml,https://www.rfc-editor.org/info/rfc7228,200
rfc9019.xml,https://www.rfc-editor.org/info/rfc8240,200
rfc9019.xml,https://www.rfc-editor.org/info/rfc8778,200
rfc9019.xml,https://tools.ietf.org/html/draft-ietf-suit-information-model-11,200
rfc9019.xml,https://www.ietf.org/archive/id/draft-ietf-suit-information-model-11.txt,200
rfc9019.xml,https://tools.ietf.org/html/draft-ietf-suit-manifest-12,200
rfc9019.xml,https://www.ietf.org/archive/id/draft-ietf-suit-manifest-12.txt,200
rfc9019.xml,https://tools.ietf.org/html/draft-ietf-teep-architecture-14,200
rfc9019.xml,https://www.ietf.org/archive/id/draft-ietf-teep-architecture-14.txt,200
rfc8919.xml,https://datatracker.ietf.org/doc/draft-ietf-isis-te-app-19,200
rfc8919.xml,https://dx.doi.org/10.17487/rfc8919,200
rfc8919.xml,https://www.rfc-editor.org/info/rfc8919,200
rfc8919.xml,https://trustee.ietf.org/license-info,200
rfc8919.xml,https://www.rfc-editor.org/info/rfc2119,200
rfc8919.xml,https://www.rfc-editor.org/info/rfc5304,200
rfc8919.xml,https://www.rfc-editor.org/info/rfc5305,200
rfc8919.xml,https://www.rfc-editor.org/info/rfc5307,200
rfc8919.xml,https://www.rfc-editor.org/info/rfc5310,200
rfc8919.xml,https://www.rfc-editor.org/info/rfc6119,200
rfc8919.xml,https://www.rfc-editor.org/info/rfc7308,200
rfc8919.xml,https://www.rfc-editor.org/info/rfc7370,200
rfc8919.xml,https://www.rfc-editor.org/info/rfc8126,200
rfc8919.xml,https://www.rfc-editor.org/info/rfc8174,200
rfc8919.xml,https://www.rfc-editor.org/info/rfc8570,200
rfc8919.xml,https://www.rfc-editor.org/info/rfc3209,200
rfc8919.xml,https://www.rfc-editor.org/info/rfc5286,200
rfc8919.xml,https://www.rfc-editor.org/info/rfc7855,200
rfc8919.xml,https://tools.ietf.org/html/draft-ietf-spring-segment-routing-policy-08,200
rfc8919.xml,https://www.ietf.org/internet-drafts/draft-ietf-spring-segment-routing-policy-08.txt,Connection error: HTTP Error 404: Not Found
rfc9662.xml,https://datatracker.ietf.org/doc/draft-ietf-uta-ciphersuites-in-sec-syslog-07,200
rfc9662.xml,https://dx.doi.org/10.17487/rfc9662,200
rfc9662.xml,https://www.rfc-editor.org/info/rfc9662,200
rfc9662.xml,https://trustee.ietf.org/license-info,200
rfc9662.xml,https://www.rfc-editor.org/info/bcp195,200
rfc9662.xml,https://www.rfc-editor.org/info/rfc8996,200
rfc9662.xml,https://www.rfc-editor.org/info/rfc9325,200
rfc9662.xml,https://www.rfc-editor.org/info/rfc2119,200
rfc9662.xml,https://www.rfc-editor.org/info/rfc4347,200
rfc9662.xml,https://www.rfc-editor.org/info/rfc5246,200
rfc9662.xml,https://www.rfc-editor.org/info/rfc5280,200
rfc9662.xml,https://www.rfc-editor.org/info/rfc5424,200
rfc9662.xml,https://www.rfc-editor.org/info/rfc5425,200
rfc9662.xml,https://www.rfc-editor.org/info/rfc6012,200
rfc9662.xml,https://www.rfc-editor.org/info/rfc6347,200
rfc9662.xml,https://www.rfc-editor.org/info/rfc8174,200
rfc9662.xml,https://www.rfc-editor.org/info/rfc8446,200
rfc9662.xml,https://www.rfc-editor.org/info/rfc9147,200
rfc9662.xml,https://datatracker.ietf.org/doc/html/draft-ietf-tls-deprecate-obsolete-kex-05,200
rfc9662.xml,https://datatracker.ietf.org/doc/html/draft-ietf-tls-rfc8446bis-11,200
rfc9662.xml,https://datatracker.ietf.org/doc/html/draft-ietf-tls-rfc8447bis-09,200
rfc9459.xml,https://datatracker.ietf.org/doc/draft-ietf-cose-aes-ctr-and-cbc-06,200
rfc9459.xml,https://dx.doi.org/10.17487/rfc9459,200
rfc9459.xml,https://www.rfc-editor.org/info/rfc9459,200
rfc9459.xml,https://trustee.ietf.org/license-info,200
rfc9459.xml,https://doi.org/10.6028/NIST.FIPS.197-upd1,200
rfc9459.xml,https://doi.org/10.6028/NIST.SP.800-38A,200
rfc9459.xml,https://www.rfc-editor.org/info/rfc2119,200
rfc9459.xml,https://www.rfc-editor.org/info/rfc4107,200
rfc9459.xml,https://www.rfc-editor.org/info/rfc5652,200
rfc9459.xml,https://www.rfc-editor.org/info/rfc8174,200
rfc9459.xml,https://www.rfc-editor.org/info/rfc9052,200
rfc9459.xml,https://doi.org/10.6028/NIST.SP.800-38D,200
rfc9459.xml,https://www.iana.org/assignments/cose,200
rfc9459.xml,https://www.rfc-editor.org/info/rfc3610,200
rfc9459.xml,https://www.rfc-editor.org/info/rfc5116,200
rfc9459.xml,https://datatracker.ietf.org/doc/html/draft-ietf-suit-manifest-22,200
rfc9459.xml,https://www.iacr.org/cryptodb/archive/2002/EUROCRYPT/2850/2850.pdf,200
rfc9499.xml,https://datatracker.ietf.org/doc/draft-ietf-dnsop-rfc8499bis-10,200
rfc9499.xml,https://dx.doi.org/10.17487/rfc9499,200
rfc9499.xml,https://www.rfc-editor.org/info/rfc9499,200
rfc9499.xml,https://trustee.ietf.org/license-info,200
rfc9499.xml,https://url.spec.whatwg.org/,200
rfc9499.xml,https://publicsuffix.org/,200
rfc9499.xml,https://www.iana.org/domains/root/files,200
rfc9499.xml,https://www.rfc-editor.org/info/rfc882,200
rfc9499.xml,https://www.rfc-editor.org/info/rfc1034,200
rfc9499.xml,https://www.rfc-editor.org/info/rfc1035,200
rfc9499.xml,https://www.rfc-editor.org/info/rfc1123,200
rfc9499.xml,https://www.rfc-editor.org/info/rfc1912,200
rfc9499.xml,https://www.rfc-editor.org/info/rfc1996,200
rfc9499.xml,https://www.rfc-editor.org/info/rfc2136,200
rfc9499.xml,https://www.rfc-editor.org/info/rfc2181,200
rfc9499.xml,https://www.rfc-editor.org/info/rfc2182,200
rfc9499.xml,https://www.rfc-editor.org/info/rfc2308,200
rfc9499.xml,https://www.rfc-editor.org/info/rfc4033,200
rfc9499.xml,https://www.rfc-editor.org/info/rfc4034,200
rfc9499.xml,https://www.rfc-editor.org/info/rfc4035,200
rfc9499.xml,https://www.rfc-editor.org/info/rfc4592,200
rfc9499.xml,https://www.rfc-editor.org/info/rfc5155,200
rfc9499.xml,https://www.rfc-editor.org/info/rfc5358,200
rfc9499.xml,https://www.rfc-editor.org/info/rfc5730,200
rfc9499.xml,https://www.rfc-editor.org/info/rfc5731,200
rfc9499.xml,https://www.rfc-editor.org/info/rfc5855,200
rfc9499.xml,https://www.rfc-editor.org/info/rfc5936,200
rfc9499.xml,https://www.rfc-editor.org/info/rfc6561,200
rfc9499.xml,https://www.rfc-editor.org/info/rfc6781,200
rfc9499.xml,https://www.rfc-editor.org/info/rfc6840,200
rfc9499.xml,https://www.rfc-editor.org/info/rfc6841,200
rfc9499.xml,https://www.rfc-editor.org/info/rfc6891,200
rfc9499.xml,https://www.rfc-editor.org/info/rfc7344,200
rfc9499.xml,https://www.rfc-editor.org/info/rfc7719,200
rfc9499.xml,https://www.rfc-editor.org/info/rfc8310,200
rfc9499.xml,https://www.rfc-editor.org/info/rfc8499,200
rfc9499.xml,https://www.rfc-editor.org/info/rfc9250,200
rfc9499.xml,https://www.rfc-editor.org/info/rfc9471,200
rfc9499.xml,https://www.iana.org/assignments/dns-parameters/,200
rfc9499.xml,https://www.rfc-editor.org/info/rfc20,200
rfc9499.xml,https://www.rfc-editor.org/info/rfc819,200
rfc9499.xml,https://www.rfc-editor.org/info/rfc952,200
rfc9499.xml,https://www.rfc-editor.org/info/rfc1713,200
rfc9499.xml,https://www.rfc-editor.org/info/rfc1995,200
rfc9499.xml,https://www.rfc-editor.org/info/rfc2775,200
rfc9499.xml,https://www.rfc-editor.org/info/rfc3172,200
rfc9499.xml,https://www.rfc-editor.org/info/rfc3425,200
rfc9499.xml,https://www.rfc-editor.org/info/rfc3493,200
rfc9499.xml,https://www.rfc-editor.org/info/rfc3757,200
rfc9499.xml,https://www.rfc-editor.org/info/rfc3912,200
rfc9499.xml,https://www.rfc-editor.org/info/rfc4470,200
rfc9499.xml,https://www.rfc-editor.org/info/rfc4641,200
rfc9499.xml,https://www.rfc-editor.org/info/rfc4697,200
rfc9499.xml,https://www.rfc-editor.org/info/rfc4786,200
rfc9499.xml,https://www.rfc-editor.org/info/rfc4956,200
rfc9499.xml,https://www.rfc-editor.org/info/rfc5625,200
rfc9499.xml,https://www.rfc-editor.org/info/rfc5890,200
rfc9499.xml,https://www.rfc-editor.org/info/rfc5891,200
rfc9499.xml,https://www.rfc-editor.org/info/rfc5892,200
rfc9499.xml,https://www.rfc-editor.org/info/rfc5893,200
rfc9499.xml,https://www.rfc-editor.org/info/rfc5894,200
rfc9499.xml,https://www.rfc-editor.org/info/rfc6055,200
rfc9499.xml,https://www.rfc-editor.org/info/rfc6265,200
rfc9499.xml,https://www.rfc-editor.org/info/rfc6303,200
rfc9499.xml,https://www.rfc-editor.org/info/rfc6335,200
rfc9499.xml,https://www.rfc-editor.org/info/rfc6365,200
rfc9499.xml,https://www.rfc-editor.org/info/rfc6672,200
rfc9499.xml,https://www.rfc-editor.org/info/rfc6762,200
rfc9499.xml,https://www.rfc-editor.org/info/rfc7129,200
rfc9499.xml,https://www.rfc-editor.org/info/rfc7480,200
rfc9499.xml,https://www.rfc-editor.org/info/rfc7481,200
rfc9499.xml,https://www.rfc-editor.org/info/rfc9082,200
rfc9499.xml,https://www.rfc-editor.org/info/rfc9083,200
rfc9499.xml,https://www.rfc-editor.org/info/rfc9224,200
rfc9499.xml,https://www.rfc-editor.org/info/rfc7485,200
rfc9499.xml,https://www.rfc-editor.org/info/rfc7793,200
rfc9499.xml,https://www.rfc-editor.org/info/rfc7858,200
rfc9499.xml,https://www.rfc-editor.org/info/rfc8094,200
rfc9499.xml,https://www.rfc-editor.org/info/rfc8109,200
rfc9499.xml,https://www.rfc-editor.org/info/rfc8484,200
rfc9499.xml,https://www.rfc-editor.org/info/rfc9103,200
rfc9499.xml,https://www.icann.org/en/system/files/files/rssac-026-14mar17-en.pdf,Connection error: HTTP Error 403: Forbidden
rfc9512.xml,https://datatracker.ietf.org/doc/draft-ietf-httpapi-yaml-mediatypes-10,200
rfc9512.xml,https://dx.doi.org/10.17487/rfc9512,200
rfc9512.xml,https://www.rfc-editor.org/info/rfc9512,200
rfc9512.xml,https://trustee.ietf.org/license-info,200
rfc9512.xml,https://www.iana.org/assignments/media-types,200
rfc9512.xml,https://www.iana.org/assignments/media-type-structured-suffix,200
rfc9512.xml,https://www.rfc-editor.org/info/rfc9110,200
rfc9512.xml,https://www.rfc-editor.org/info/rfc8259,200
rfc9512.xml,https://www.rfc-editor.org/info/rfc6901,200
rfc9512.xml,https://www.rfc-editor.org/info/rfc6838,200
rfc9512.xml,https://www.rfc-editor.org/info/rfc2119,200
rfc9512.xml,https://www.rfc-editor.org/info/rfc8174,200
rfc9512.xml,https://www.rfc-editor.org/info/rfc3986,200
rfc9512.xml,https://www.rfc-editor.org/info/rfc3629,200
rfc9512.xml,https://yaml.org/spec/1.2.2/,200
rfc9512.xml,https://www.rfc-editor.org/info/rfc7464,200
rfc9512.xml,https://yaml.org/type/merge.html,200
rfc9689.xml,https://datatracker.ietf.org/doc/draft-ietf-teas-pcecc-use-cases-18,200
rfc9689.xml,https://dx.doi.org/10.17487/rfc9689,200
rfc9689.xml,https://www.rfc-editor.org/info/rfc9689,200
rfc9689.xml,https://trustee.ietf.org/license-info,200
rfc9689.xml,https://www.rfc-editor.org/info/rfc5440,200
rfc9689.xml,https://www.rfc-editor.org/info/rfc7665,200
rfc9689.xml,https://www.rfc-editor.org/info/rfc8231,200
rfc9689.xml,https://www.rfc-editor.org/info/rfc8253,200
rfc9689.xml,https://www.rfc-editor.org/info/rfc8281,200
rfc9689.xml,https://www.rfc-editor.org/info/rfc8283,200
rfc9689.xml,https://www.rfc-editor.org/info/rfc8402,200
rfc9689.xml,https://leeky.me/publications/mapreduce_p2p.pdf,200
rfc9689.xml,https://www.slideshare.net/DmitryAfanasiev1/yandex-nag201320131031,200
rfc9689.xml,https://datatracker.ietf.org/doc/html/draft-ietf-mpls-seamless-mpls-07,200
rfc9689.xml,https://datatracker.ietf.org/doc/html/draft-ietf-pce-controlled-id-space-01,200
rfc9689.xml,https://datatracker.ietf.org/doc/html/draft-ietf-pce-stateful-interdomain-05,200
rfc9689.xml,https://datatracker.ietf.org/doc/html/draft-cbrt-pce-stateful-local-protection-01,200
rfc9689.xml,https://datatracker.ietf.org/doc/html/draft-chen-pce-pcep-extension-pce-controller-bier-06,200
rfc9689.xml,https://datatracker.ietf.org/doc/html/draft-ietf-pce-pcep-extension-pce-controller-sr-09,200
rfc9689.xml,https://datatracker.ietf.org/doc/html/draft-ietf-pce-pcep-extension-pce-controller-srv6-03,200
rfc9689.xml,https://datatracker.ietf.org/doc/html/draft-ietf-pce-bier-te-01,200
rfc9689.xml,https://datatracker.ietf.org/doc/html/draft-ietf-pce-pcep-extension-native-ip-40,200
rfc9689.xml,https://datatracker.ietf.org/doc/html/draft-ietf-pce-segment-routing-policy-cp-18,200
rfc9689.xml,https://www.rfc-editor.org/info/rfc1195,200
rfc9689.xml,https://www.rfc-editor.org/info/rfc2328,200
rfc9689.xml,https://www.rfc-editor.org/info/rfc3209,200
rfc9689.xml,https://www.rfc-editor.org/info/rfc3985,200
rfc9689.xml,https://www.rfc-editor.org/info/rfc4206,200
rfc9689.xml,https://www.rfc-editor.org/info/rfc4364,200
rfc9689.xml,https://www.rfc-editor.org/info/rfc4456,200
rfc9689.xml,https://www.rfc-editor.org/info/rfc4655,200
rfc9689.xml,https://www.rfc-editor.org/info/rfc5036,200
rfc9689.xml,https://www.rfc-editor.org/info/rfc5150,200
rfc9689.xml,https://www.rfc-editor.org/info/rfc5151,200
rfc9689.xml,https://www.rfc-editor.org/info/rfc5340,200
rfc9689.xml,https://www.rfc-editor.org/info/rfc5376,200
rfc9689.xml,https://www.rfc-editor.org/info/rfc5541,200
rfc9689.xml,https://www.rfc-editor.org/info/rfc7025,200
rfc9689.xml,https://www.rfc-editor.org/info/rfc7399,200
rfc9689.xml,https://www.rfc-editor.org/info/rfc7432,200
rfc9689.xml,https://www.rfc-editor.org/info/rfc7491,200
rfc9689.xml,https://www.rfc-editor.org/info/rfc8279,200
rfc9689.xml,https://www.rfc-editor.org/info/rfc8300,200
rfc9689.xml,https://www.rfc-editor.org/info/rfc8355,200
rfc9689.xml,https://www.rfc-editor.org/info/rfc8408,200
rfc9689.xml,https://www.rfc-editor.org/info/rfc8664,200
rfc9689.xml,https://www.rfc-editor.org/info/rfc8735,200
rfc9689.xml,https://www.rfc-editor.org/info/rfc8751,200
rfc9689.xml,https://www.rfc-editor.org/info/rfc8754,200
rfc9689.xml,https://www.rfc-editor.org/info/rfc8821,200
rfc9689.xml,https://www.rfc-editor.org/info/rfc8955,200
rfc9689.xml,https://www.rfc-editor.org/info/rfc8986,200
rfc9689.xml,https://www.rfc-editor.org/info/rfc9012,200
rfc9689.xml,https://www.rfc-editor.org/info/rfc9050,200
rfc9689.xml,https://www.rfc-editor.org/info/rfc9087,200
rfc9689.xml,https://www.rfc-editor.org/info/rfc9168,200
rfc9689.xml,https://www.rfc-editor.org/info/rfc9256,200
rfc9689.xml,https://www.rfc-editor.org/info/rfc9262,200
rfc9689.xml,https://www.rfc-editor.org/info/rfc9491,200
rfc9689.xml,https://www.rfc-editor.org/info/rfc9522,200
rfc9689.xml,https://www.rfc-editor.org/info/rfc9552,200
rfc9689.xml,https://www.rfc-editor.org/info/rfc9603,200
rfc9689.xml,https://www.rfc-editor.org/info/rfc9604,200
rfc9689.xml,https://datatracker.ietf.org/doc/html/draft-ietf-spring-sr-service-programming-10,200
rfc9689.xml,https://hadoop.apache.org/,200
rfc9440.xml,https://datatracker.ietf.org/doc/draft-ietf-httpbis-client-cert-field-06,200
rfc9440.xml,https://dx.doi.org/10.17487/rfc9440,200
rfc9440.xml,https://www.rfc-editor.org/info/rfc9440,200
rfc9440.xml,https://trustee.ietf.org/license-info,200
rfc9440.xml,https://www.rfc-editor.org/info/rfc9110,200
rfc9440.xml,https://www.itu.int/rec/T-REC-X.690/en,200
rfc9440.xml,https://www.rfc-editor.org/info/rfc2119,200
rfc9440.xml,https://www.rfc-editor.org/info/rfc5280,200
rfc9440.xml,https://www.rfc-editor.org/info/rfc8174,200
rfc9440.xml,https://www.rfc-editor.org/info/rfc8941,200
rfc9440.xml,https://www.rfc-editor.org/info/rfc7541,200
rfc9440.xml,https://www.rfc-editor.org/info/rfc9112,200
rfc9440.xml,https://www.rfc-editor.org/info/rfc9113,200
rfc9440.xml,https://www.rfc-editor.org/info/rfc9114,200
rfc9440.xml,https://datatracker.ietf.org/doc/html/draft-ietf-httpbis-message-signatures-17,200
rfc9440.xml,https://www.rfc-editor.org/info/rfc9204,200
rfc9440.xml,https://www.rfc-editor.org/info/rfc6585,200
rfc9440.xml,https://www.rfc-editor.org/info/rfc7239,200
rfc9440.xml,https://www.rfc-editor.org/info/rfc7468,200
rfc9440.xml,https://www.rfc-editor.org/info/rfc8705,200
rfc9440.xml,https://www.rfc-editor.org/info/rfc8446,200
rfc9440.xml,https://www.rfc-editor.org/info/rfc5246,200
rfc8737.xml,https://datatracker.ietf.org/doc/draft-ietf-acme-tls-alpn-07,200
rfc8737.xml,https://dx.doi.org/10.17487/rfc8737,200
rfc8737.xml,https://www.rfc-editor.org/info/rfc8737,200
rfc8737.xml,https://trustee.ietf.org/license-info,200
rfc8737.xml,https://nvlpubs.nist.gov/nistpubs/FIPS/NIST.FIPS.180-4.pdf,200
rfc8737.xml,https://www.rfc-editor.org/info/rfc2119,200
rfc8737.xml,https://www.rfc-editor.org/info/rfc3492,200
rfc8737.xml,https://www.rfc-editor.org/info/rfc4086,200
rfc8737.xml,https://www.rfc-editor.org/info/rfc4343,200
rfc8737.xml,https://www.rfc-editor.org/info/rfc4648,200
rfc8737.xml,https://www.rfc-editor.org/info/rfc5246,200
rfc8737.xml,https://www.rfc-editor.org/info/rfc5280,200
rfc8737.xml,https://www.rfc-editor.org/info/rfc6066,200
rfc8737.xml,https://www.rfc-editor.org/info/rfc7301,200
rfc8737.xml,https://www.rfc-editor.org/info/rfc8174,200
rfc8737.xml,https://www.rfc-editor.org/info/rfc8555,200
rfc8737.xml,https://www.itu.int/rec/T-REC-X.680-201508-I/en,200
rfc8737.xml,https://www.itu.int/rec/T-REC-X.690-201508-I/en,200
rfc9196.xml,https://datatracker.ietf.org/doc/draft-ietf-netconf-notification-capabilities-21,200
rfc9196.xml,https://dx.doi.org/10.17487/rfc9196,200
rfc9196.xml,https://www.rfc-editor.org/info/rfc9196,200
rfc9196.xml,https://trustee.ietf.org/license-info,200
rfc9196.xml,https://www.rfc-editor.org/info/rfc2119,200
rfc9196.xml,https://www.rfc-editor.org/info/rfc3688,200
rfc9196.xml,https://www.rfc-editor.org/info/rfc6020,200
rfc9196.xml,https://www.rfc-editor.org/info/rfc6241,200
rfc9196.xml,https://www.rfc-editor.org/info/rfc6242,200
rfc9196.xml,https://www.rfc-editor.org/info/rfc8040,200
rfc9196.xml,https://www.rfc-editor.org/info/rfc8174,200
rfc9196.xml,https://www.rfc-editor.org/info/rfc8341,200
rfc9196.xml,https://www.rfc-editor.org/info/rfc8342,200
rfc9196.xml,https://www.rfc-editor.org/info/rfc8446,200
rfc9196.xml,https://www.rfc-editor.org/info/rfc8525,200
rfc9196.xml,https://www.rfc-editor.org/info/rfc8639,200
rfc9196.xml,https://www.rfc-editor.org/info/rfc8641,200
rfc9196.xml,https://www.rfc-editor.org/info/rfc9195,200
rfc9196.xml,https://www.rfc-editor.org/info/rfc8340,200
rfc9196.xml,https://www.rfc-editor.org/info/rfc8407,200
rfc9196.xml,https://www.rfc-editor.org/info/rfc8792,200
rfc8936.xml,https://datatracker.ietf.org/doc/draft-ietf-secevent-http-poll-12,200
rfc8936.xml,https://dx.doi.org/10.17487/rfc8936,200
rfc8936.xml,https://www.rfc-editor.org/info/rfc8936,200
rfc8936.xml,https://trustee.ietf.org/license-info,200
rfc8936.xml,https://www.rfc-editor.org/info/rfc2119,200
rfc8936.xml,https://www.rfc-editor.org/info/rfc2818,200
rfc8936.xml,https://www.rfc-editor.org/info/rfc5246,200
rfc8936.xml,https://www.rfc-editor.org/info/rfc6125,200
rfc8936.xml,https://www.rfc-editor.org/info/rfc6698,200
rfc8936.xml,https://www.rfc-editor.org/info/rfc7231,200
rfc8936.xml,https://www.rfc-editor.org/info/rfc7515,200
rfc8936.xml,https://www.rfc-editor.org/info/rfc7516,200
rfc8936.xml,https://www.rfc-editor.org/info/rfc7519,200
rfc8936.xml,https://www.rfc-editor.org/info/rfc7521,200
rfc8936.xml,https://www.rfc-editor.org/info/rfc7525,200
rfc8936.xml,https://www.rfc-editor.org/info/rfc8174,200
rfc8936.xml,https://www.rfc-editor.org/info/rfc8259,200
rfc8936.xml,https://www.rfc-editor.org/info/rfc8417,200
rfc8936.xml,https://www.rfc-editor.org/info/rfc8446,200
rfc8936.xml,https://www.rfc-editor.org/info/rfc8935,200
rfc8936.xml,https://www.rfc-editor.org/info/rfc6202,200
rfc8936.xml,https://www.rfc-editor.org/info/rfc6749,200
rfc8936.xml,https://www.rfc-editor.org/info/rfc6750,200
rfc8936.xml,https://www.rfc-editor.org/info/rfc7230,200
rfc8936.xml,https://www.rfc-editor.org/info/rfc7235,200
rfc8936.xml,https://www.rfc-editor.org/info/rfc7617,200
rfc8797.xml,https://datatracker.ietf.org/doc/draft-ietf-nfsv4-rpcrdma-cm-pvt-data-08,200
rfc8797.xml,https://dx.doi.org/10.17487/rfc8797,200
rfc8797.xml,https://www.rfc-editor.org/info/rfc8797,200
rfc8797.xml,https://trustee.ietf.org/license-info,200
rfc8797.xml,https://www.infinibandta.org/,200
rfc8797.xml,https://www.rfc-editor.org/info/rfc2119,200
rfc8797.xml,https://www.rfc-editor.org/info/rfc4506,200
rfc8797.xml,https://www.rfc-editor.org/info/rfc5040,200
rfc8797.xml,https://www.rfc-editor.org/info/rfc5042,200
rfc8797.xml,https://www.rfc-editor.org/info/rfc8126,200
rfc8797.xml,https://www.rfc-editor.org/info/rfc8166,200
rfc8797.xml,https://www.rfc-editor.org/info/rfc8174,200
rfc8797.xml,https://www.rfc-editor.org/info/rfc1813,200
rfc8797.xml,https://www.rfc-editor.org/info/rfc5041,200
rfc8797.xml,https://www.rfc-editor.org/info/rfc5044,200
rfc8797.xml,https://www.rfc-editor.org/info/rfc5531,200
rfc8797.xml,https://www.rfc-editor.org/info/rfc5666,200
rfc8797.xml,https://www.rfc-editor.org/info/rfc6581,200
rfc8797.xml,https://www.rfc-editor.org/info/rfc7530,200
rfc8797.xml,https://www.rfc-editor.org/info/rfc7861,200
rfc8927.xml,https://datatracker.ietf.org/doc/draft-ucarion-json-type-definition-04,200
rfc8927.xml,https://dx.doi.org/10.17487/rfc8927,200
rfc8927.xml,https://www.rfc-editor.org/info/rfc8927,200
rfc8927.xml,https://trustee.ietf.org/license-info,200
rfc8927.xml,https://github.com/jsontypedef,200
rfc8927.xml,https://www.rfc-editor.org/info/rfc2119,200
rfc8927.xml,https://www.rfc-editor.org/info/rfc3339,200
rfc8927.xml,https://www.rfc-editor.org/info/rfc4287,200
rfc8927.xml,https://www.rfc-editor.org/info/rfc6901,200
rfc8927.xml,https://www.rfc-editor.org/info/rfc8174,200
rfc8927.xml,https://www.rfc-editor.org/info/rfc8259,200
rfc8927.xml,https://www.rfc-editor.org/info/rfc8610,200
rfc8927.xml,https://tools.ietf.org/html/draft-handrews-json-schema-02,200
rfc8927.xml,https://www.ietf.org/internet-drafts/draft-handrews-json-schema-02.txt,Connection error: HTTP Error 404: Not Found
rfc8927.xml,https://spec.openapis.org/oas/v3.0.3,200
rfc8927.xml,https://www.rfc-editor.org/info/rfc7071,200
rfc8927.xml,https://www.rfc-editor.org/info/rfc7493,200
rfc9522.xml,https://datatracker.ietf.org/doc/draft-ietf-teas-rfc3272bis-27,200
rfc9522.xml,https://dx.doi.org/10.17487/rfc9522,200
rfc9522.xml,https://www.rfc-editor.org/info/rfc9522,200
rfc9522.xml,https://trustee.ietf.org/license-info,200
rfc9522.xml,https://dl.acm.org/doi/10.1145/956981.956985,Connection error: HTTP Error 403: Forbidden
rfc9522.xml,https://journalofbigdata.springeropen.com/track/pdf/10.1186/s40537-019-0176-5.pdf,200
rfc9522.xml,https://www.3gpp.org/ftp//Specs/archive/23_series/23.793/23793-g00.zip,200
rfc9522.xml,https://ieeexplore.ieee.org/document/809383,Connection error: HTTP Error 418: Unknown Code
rfc9522.xml,https://ieeexplore.ieee.org/document/998795,Connection error: HTTP Error 418: Unknown Code
rfc9522.xml,https://www.itu.int/rec/T-REC-E.360.1-200205-I/en,200
rfc9522.xml,https://datatracker.ietf.org/doc/html/draft-ietf-teas-enhanced-vpn-17,200
rfc9522.xml,https://www.rfc-editor.org/errata/eid309,200
rfc9522.xml,https://datatracker.ietf.org/doc/html/draft-ietf-bess-evpn-unequal-lb-21,200
rfc9522.xml,https://www.icir.org/floyd/papers/early.twocolumn.pdf,200
rfc9522.xml,https://www.cs.cornell.edu/courses/cs619/2004fa/documents/ospf_opt.pdf,200
rfc9522.xml,https://ieeexplore.ieee.org/document/1003042,Connection error: HTTP Error 418: Unknown Code
rfc9522.xml,https://grpc.io,200
rfc9522.xml,https://apps.dtic.mil/sti/pdfs/ADA352299.pdf,Connection error: HTTP Error 403: Forbidden
rfc9522.xml,https://www.yumpu.com/en/document/view/35140398/mate-mpls-adaptive-traffic-engineering-infocom-ieee-xplore/8,200
rfc9522.xml,https://ieeexplore.ieee.org/document/830281,Connection error: HTTP Error 418: Unknown Code
rfc9522.xml,https://datatracker.ietf.org/doc/html/draft-ietf-tsvwg-multipath-dccp-11,200
rfc9522.xml,https://datatracker.ietf.org/doc/html/draft-ietf-teas-ietf-network-slices-25,200
rfc9522.xml,https://datatracker.ietf.org/doc/html/draft-ietf-idr-performance-routing-03,200
rfc9522.xml,https://datatracker.ietf.org/doc/html/draft-ietf-quic-multipath-06,200
rfc9522.xml,https://www.rfc-editor.org/info/rfc791,200
rfc9522.xml,https://www.rfc-editor.org/info/rfc1102,200
rfc9522.xml,https://www.rfc-editor.org/info/rfc1104,200
rfc9522.xml,https://www.rfc-editor.org/info/rfc2205,200
rfc9522.xml,https://www.rfc-editor.org/info/rfc2330,200
rfc9522.xml,https://www.rfc-editor.org/info/rfc2386,200
rfc9522.xml,https://www.rfc-editor.org/info/rfc2474,200
rfc9522.xml,https://www.rfc-editor.org/info/rfc2475,200
rfc9522.xml,https://www.rfc-editor.org/info/rfc2597,200
rfc9522.xml,https://www.rfc-editor.org/info/rfc2678,200
rfc9522.xml,https://www.rfc-editor.org/info/rfc2702,200
rfc9522.xml,https://www.rfc-editor.org/info/rfc2722,200
rfc9522.xml,https://www.rfc-editor.org/info/rfc2753,200
rfc9522.xml,https://www.rfc-editor.org/info/rfc2961,200
rfc9522.xml,https://www.rfc-editor.org/info/rfc2998,200
rfc9522.xml,https://www.rfc-editor.org/info/rfc3031,200
rfc9522.xml,https://www.rfc-editor.org/info/rfc3086,200
rfc9522.xml,https://www.rfc-editor.org/info/rfc3124,200
rfc9522.xml,https://www.rfc-editor.org/info/rfc3168,200
rfc9522.xml,https://www.rfc-editor.org/info/rfc3175,200
rfc9522.xml,https://www.rfc-editor.org/info/rfc3198,200
rfc9522.xml,https://www.rfc-editor.org/info/rfc3209,200
rfc9522.xml,https://www.rfc-editor.org/info/rfc3270,200
rfc9522.xml,https://www.rfc-editor.org/info/rfc3272,200
rfc9522.xml,https://www.rfc-editor.org/info/rfc3469,200
rfc9522.xml,https://www.rfc-editor.org/info/rfc3473,200
rfc9522.xml,https://www.rfc-editor.org/info/rfc3630,200
rfc9522.xml,https://www.rfc-editor.org/info/rfc3945,200
rfc9522.xml,https://www.rfc-editor.org/info/rfc4090,200
rfc9522.xml,https://www.rfc-editor.org/info/rfc4124,200
rfc9522.xml,https://www.rfc-editor.org/info/rfc4203,200
rfc9522.xml,https://www.rfc-editor.org/info/rfc4271,200
rfc9522.xml,https://www.rfc-editor.org/info/rfc4340,200
rfc9522.xml,https://www.rfc-editor.org/info/rfc4461,200
rfc9522.xml,https://www.rfc-editor.org/info/rfc4594,200
rfc9522.xml,https://www.rfc-editor.org/info/rfc4655,200
rfc9522.xml,https://www.rfc-editor.org/info/rfc4872,200
rfc9522.xml,https://www.rfc-editor.org/info/rfc4873,200
rfc9522.xml,https://www.rfc-editor.org/info/rfc4875,200
rfc9522.xml,https://www.rfc-editor.org/info/rfc5151,200
rfc9522.xml,https://www.rfc-editor.org/info/rfc5250,200
rfc9522.xml,https://www.rfc-editor.org/info/rfc5305,200
rfc9522.xml,https://www.rfc-editor.org/info/rfc5329,200
rfc9522.xml,https://www.rfc-editor.org/info/rfc5331,200
rfc9522.xml,https://www.rfc-editor.org/info/rfc5357,200
rfc9522.xml,https://www.rfc-editor.org/info/rfc5394,200
rfc9522.xml,https://www.rfc-editor.org/info/rfc5440,200
rfc9522.xml,https://www.rfc-editor.org/info/rfc5470,200
rfc9522.xml,https://www.rfc-editor.org/info/rfc5472,200
rfc9522.xml,https://www.rfc-editor.org/info/rfc5541,200
rfc9522.xml,https://www.rfc-editor.org/info/rfc5557,200
rfc9522.xml,https://www.rfc-editor.org/info/rfc5559,200
rfc9522.xml,https://www.rfc-editor.org/info/rfc5623,200
rfc9522.xml,https://www.rfc-editor.org/info/rfc5664,200
rfc9522.xml,https://www.rfc-editor.org/info/rfc5671,200
rfc9522.xml,https://www.rfc-editor.org/info/rfc5693,200
rfc9522.xml,https://www.rfc-editor.org/info/rfc6107,200
rfc9522.xml,https://www.rfc-editor.org/info/rfc6119,200
rfc9522.xml,https://www.rfc-editor.org/info/rfc6241,200
rfc9522.xml,https://www.rfc-editor.org/info/rfc6372,200
rfc9522.xml,https://www.rfc-editor.org/info/rfc6374,200
rfc9522.xml,https://www.rfc-editor.org/info/rfc6601,200
rfc9522.xml,https://www.rfc-editor.org/info/rfc6805,200
rfc9522.xml,https://www.rfc-editor.org/info/rfc7011,200
rfc9522.xml,https://www.rfc-editor.org/info/rfc7149,200
rfc9522.xml,https://www.rfc-editor.org/info/rfc7285,200
rfc9522.xml,https://www.rfc-editor.org/info/rfc7390,200
rfc9522.xml,https://www.rfc-editor.org/info/rfc7426,200
rfc9522.xml,https://www.rfc-editor.org/info/rfc7471,200
rfc9522.xml,https://www.rfc-editor.org/info/rfc7491,200
rfc9522.xml,https://www.rfc-editor.org/info/rfc7551,200
rfc9522.xml,https://www.rfc-editor.org/info/rfc7567,200
rfc9522.xml,https://www.rfc-editor.org/info/rfc7665,200
rfc9522.xml,https://www.rfc-editor.org/info/rfc7679,200
rfc9522.xml,https://www.rfc-editor.org/info/rfc7680,200
rfc9522.xml,https://www.rfc-editor.org/info/rfc7923,200
rfc9522.xml,https://www.rfc-editor.org/info/rfc7926,200
rfc9522.xml,https://www.rfc-editor.org/info/rfc7950,200
rfc9522.xml,https://www.rfc-editor.org/info/rfc8033,200
rfc9522.xml,https://www.rfc-editor.org/info/rfc8034,200
rfc9522.xml,https://www.rfc-editor.org/info/rfc8040,200
rfc9522.xml,https://www.rfc-editor.org/info/rfc8051,200
rfc9522.xml,https://www.rfc-editor.org/info/rfc8189,200
rfc9522.xml,https://www.rfc-editor.org/info/rfc8231,200
rfc9522.xml,https://www.rfc-editor.org/info/rfc8259,200
rfc9522.xml,https://www.rfc-editor.org/info/rfc8279,200
rfc9522.xml,https://www.rfc-editor.org/info/rfc8281,200
rfc9522.xml,https://www.rfc-editor.org/info/rfc8283,200
rfc9522.xml,https://www.rfc-editor.org/info/rfc8290,200
rfc9522.xml,https://www.rfc-editor.org/info/rfc8402,200
rfc9522.xml,https://www.rfc-editor.org/info/rfc8453,200
rfc9522.xml,https://www.rfc-editor.org/info/rfc8570,200
rfc9522.xml,https://www.rfc-editor.org/info/rfc8571,200
rfc9522.xml,https://www.rfc-editor.org/info/rfc8655,200
rfc9522.xml,https://www.rfc-editor.org/info/rfc8664,200
rfc9522.xml,https://www.rfc-editor.org/info/rfc8684,200
rfc9522.xml,https://www.rfc-editor.org/info/rfc8685,200
rfc9522.xml,https://www.rfc-editor.org/info/rfc8795,200
rfc9522.xml,https://www.rfc-editor.org/info/rfc8803,200
rfc9522.xml,https://www.rfc-editor.org/info/rfc8896,200
rfc9522.xml,https://www.rfc-editor.org/info/rfc8938,200
rfc9522.xml,https://www.rfc-editor.org/info/rfc8955,200
rfc9522.xml,https://www.rfc-editor.org/info/rfc8972,200
rfc9522.xml,https://www.rfc-editor.org/info/rfc9000,200
rfc9522.xml,https://www.rfc-editor.org/info/rfc9023,200
rfc9522.xml,https://www.rfc-editor.org/info/rfc9040,200
rfc9522.xml,https://www.rfc-editor.org/info/rfc9113,200
rfc9522.xml,https://www.rfc-editor.org/info/rfc9256,200
rfc9522.xml,https://www.rfc-editor.org/info/rfc9262,200
rfc9522.xml,https://www.rfc-editor.org/info/rfc9298,200
rfc9522.xml,https://www.rfc-editor.org/info/rfc9315,200
rfc9522.xml,https://www.rfc-editor.org/info/rfc9332,200
rfc9522.xml,https://www.rfc-editor.org/info/rfc9350,200
rfc9522.xml,https://www.rfc-editor.org/info/rfc9439,200
rfc9522.xml,https://www.rfc-editor.org/info/rfc9502,200
rfc9522.xml,https://www.rfc-editor.org/info/rfc9552,200
rfc9522.xml,https://onlinelibrary.wiley.com/doi/abs/10.1002/bltj.2267,Connection error: HTTP Error 403: Forbidden
rfc9522.xml,https://ieeexplore.ieee.org/document/659666,Connection error: HTTP Error 418: Unknown Code
rfc9522.xml,https://datatracker.ietf.org/doc/html/draft-ietf-idr-segment-routing-te-policy-26,200
rfc9522.xml,https://datatracker.ietf.org/doc/html/draft-ietf-rtgwg-segment-routing-ti-lfa-13,200
rfc9522.xml,https://datatracker.ietf.org/doc/html/draft-ietf-tewg-qos-routing-04,200
rfc9522.xml,https://ieeexplore.ieee.org/document/916782,Connection error: HTTP Error 418: Unknown Code
rfc9522.xml,https://courses.cs.washington.edu/courses/cse561/02au/papers/xiao-mpls-net00.pdf,200
rfc9522.xml,https://ieeexplore.ieee.org/document/397042,Connection error: HTTP Error 418: Unknown Code
rfc9076.xml,https://datatracker.ietf.org/doc/draft-ietf-dprive-rfc7626-bis-09,200
rfc9076.xml,https://dx.doi.org/10.17487/rfc9076,200
rfc9076.xml,https://www.rfc-editor.org/info/rfc9076,200
rfc9076.xml,https://trustee.ietf.org/license-info,200
rfc9076.xml,https://lists.dns-oarc.net/pipermail/dns-operations/2016-January/014143.html,200
rfc9076.xml,http://netres.ec/?b=11B99BD,200
rfc9076.xml,https://developers.google.com/speed/public-dns,200
rfc9076.xml,https://developers.cloudflare.com/1.1.1.1/setting-up-1.1.1.1/,Connection error: HTTP Error 403: Forbidden
rfc9076.xml,https://www.quad9.net,200
rfc9076.xml,https://developers.google.com/speed/public-dns/privacy,200
rfc9076.xml,https://www.alexa.com/topsites,Connection error: HTTP Error 500: Internal Server Error
rfc9076.xml,https://theintercept.com/document/2014/03/12/nsa-gchqs-quantumtheory-hacking-tactics/,Connection error: HTTP Error 404: Not Found
rfc9076.xml,https://gdpr.eu/tag/gdpr/,Connection error: HTTP Error 403: Forbidden
rfc9076.xml,https://www.rfc-editor.org/info/rfc1034,200
rfc9076.xml,https://www.rfc-editor.org/info/rfc1035,200
rfc9076.xml,https://www.rfc-editor.org/info/rfc6973,200
rfc9076.xml,https://www.rfc-editor.org/info/rfc7258,200
rfc9076.xml,https://blog.imirhil.fr/vie-privee-et-le-dns-alors.html,200
rfc9076.xml,https://kb.isc.org/docs/aa-00482,Connection error: HTTP Error 403: Forbidden
rfc9076.xml,https://dl.acm.org/doi/10.1007/978-3-540-88873-4_5,Connection error: HTTP Error 403: Forbidden
rfc9076.xml,https://papers.ssrn.com/sol3/papers.cfm?abstract_id=2167372,Connection error: HTTP Error 403: Forbidden
rfc9076.xml,https://www.dns-oarc.net/files/workshop-2007/Dagon-Resolution-corruption.pdf,200
rfc9076.xml,https://www.darkreading.com/analytics/security-monitoring/got-malware-three-signs-revealed-in-dns-traffic/d/d-id/1139680,Connection error: HTTP Error 403: Forbidden
rfc9076.xml,https://eur-lex.europa.eu/LexUriServ/LexUriServ.do?uri=CELEX:31995L0046:EN:HTML,200
rfc9076.xml,https://www.sigcomm.org/sites/default/files/ccr/papers/2008/October/1452335-1452341.pdf,Connection error: HTTP Error 404: Not Found
rfc9076.xml,https://00f.net/2013/08/07/edns-client-subnet/,200
rfc9076.xml,https://www.caida.org/projects/ditl/,200
rfc9076.xml,https://www.researchgate.net/publication/320322146_DNS-DNS_DNS-based_De-NAT_Scheme,Connection error: HTTP Error 403: Forbidden
rfc9076.xml,https://www.dns-oarc.net/files/workshop-201010/OARC-ers-20101012.pdf,200
rfc9076.xml,https://dl.acm.org/citation.cfm?id=3355369.3355580,Connection error: HTTP Error 403: Forbidden
rfc9076.xml,http://www.dnsmezzo.net/,Connection error: HTTP Error 503: Service Temporarily Unavailable
rfc9076.xml,https://datatracker.ietf.org/doc/html/draft-ietf-dnsop-resolver-information-01,200
rfc9076.xml,https://www.ietf.org/archive/id/draft-ietf-dnsop-resolver-information-01.txt,200
rfc9076.xml,https://datatracker.ietf.org/doc/html/draft-ietf-dprive-dnsoquic-03,200
rfc9076.xml,https://www.ietf.org/archive/id/draft-ietf-dprive-dnsoquic-03.txt,200
rfc9076.xml,https://www.encrypted-dns.org,Connection error: <urlopen error [Errno -2] Name or service not known>
rfc9076.xml,https://dl.acm.org/citation.cfm?id=1262690.1262986,Connection error: HTTP Error 403: Forbidden
rfc9076.xml,https://svs.informatik.uni-hamburg.de/publications/2011/2011-09-14_FFHP_PrivacyPreservingDNS_ESORICS2011.pdf,200
rfc9076.xml,https://getdnsapi.net,200
rfc9076.xml,https://www.semanticscholar.org/paper/Cache-Snooping-or-Snooping-the-Cache-for-Fun-and-1-Grangeia/9b22f606e10b3609eafbdcbfc9090b63be8778c3,202
rfc9076.xml,https://epub.uni-regensburg.de/21103/1/Paper_PUL_nordsec_published.pdf,200
rfc9076.xml,https://pdfs.semanticscholar.org/2610/2b99bdd6a258a98740af8217ba8da8a1e4fa.pdf,202
rfc9076.xml,https://github.com/DNS-OARC/PacketQ,200
rfc9076.xml,https://www.first.org/conference/2005/papers/florian-weimer-slides-1.pdf,200
rfc9076.xml,https://dl.acm.org/citation.cfm?id=2665959,Connection error: HTTP Error 403: Forbidden
rfc9076.xml,https://en.wikipedia.org/w/index.php?title=PRISM_(surveillance_program)&oldid=673789455,200
rfc9076.xml,https://www.rfc-editor.org/info/rfc3552,200
rfc9076.xml,https://www.rfc-editor.org/info/rfc4033,200
rfc9076.xml,https://www.rfc-editor.org/info/rfc4470,200
rfc9076.xml,https://www.rfc-editor.org/info/rfc5155,200
rfc9076.xml,https://www.rfc-editor.org/info/rfc5936,200
rfc9076.xml,https://www.rfc-editor.org/info/rfc6269,200
rfc9076.xml,https://www.rfc-editor.org/info/rfc6891,200
rfc9076.xml,https://www.rfc-editor.org/info/rfc7413,200
rfc9076.xml,https://www.rfc-editor.org/info/rfc7525,200
rfc9076.xml,https://www.rfc-editor.org/info/rfc7624,200
rfc9076.xml,https://www.rfc-editor.org/info/rfc7626,200
rfc9076.xml,https://www.rfc-editor.org/info/rfc7721,200
rfc9076.xml,https://www.rfc-editor.org/info/rfc7754,200
rfc9076.xml,https://www.rfc-editor.org/info/rfc7816,200
rfc9076.xml,https://www.rfc-editor.org/info/rfc7858,200
rfc9076.xml,https://www.rfc-editor.org/info/rfc7871,200
rfc9076.xml,https://www.rfc-editor.org/info/rfc7873,200
rfc9076.xml,https://www.rfc-editor.org/info/rfc7929,200
rfc9076.xml,https://www.rfc-editor.org/info/rfc8446,200
rfc9076.xml,https://www.rfc-editor.org/info/rfc8484,200
rfc9076.xml,https://www.rfc-editor.org/info/rfc8499,200
rfc9076.xml,https://www.rfc-editor.org/info/rfc8744,200
rfc9076.xml,https://www.rfc-editor.org/info/rfc8890,200
rfc9076.xml,https://www.rfc-editor.org/info/rfc8932,200
rfc9076.xml,https://www.rfc-editor.org/info/rfc9000,200
rfc9076.xml,https://labs.ripe.net/Members/wouter_de_vries/make-dns-a-bit-more-private-with-qname-minimisation,200
rfc9076.xml,https://www.sidnlabs.nl/downloads/yBW6hBoaSZe4m6GJc_0b7w/2211058ab6330c7f3788141ea19d3db7/SIDN_Labs_Privacyraamwerk_Position_Paper_V1.4_ENG.pdf,200
rfc9076.xml,https://indico.dns-oarc.net/event/20/session/2/contribution/15/material/slides/1.pdf,200
rfc9076.xml,https://www.torproject.org/docs/faq.html.en#WarningsAboutSOCKSandDNSInformationLeaks,200
rfc9076.xml,https://arxiv.org/abs/0910.2472,200
rfc9427.xml,https://datatracker.ietf.org/doc/draft-ietf-emu-tls-eap-types-13,200
rfc9427.xml,https://dx.doi.org/10.17487/rfc9427,200
rfc9427.xml,https://www.rfc-editor.org/info/rfc9427,200
rfc9427.xml,https://trustee.ietf.org/license-info,200
rfc9427.xml,https://www.iana.org/assignments/eap-numbers/,200
rfc9427.xml,https://www.rfc-editor.org/info/rfc2119,200
rfc9427.xml,https://www.rfc-editor.org/info/rfc3748,200
rfc9427.xml,https://www.rfc-editor.org/info/rfc5216,200
rfc9427.xml,https://www.rfc-editor.org/info/rfc5705,200
rfc9427.xml,https://www.rfc-editor.org/info/rfc7170,200
rfc9427.xml,https://www.rfc-editor.org/info/rfc8126,200
rfc9427.xml,https://www.rfc-editor.org/info/rfc8174,200
rfc9427.xml,https://www.rfc-editor.org/info/rfc8446,200
rfc9427.xml,https://www.rfc-editor.org/info/rfc9190,200
rfc9427.xml,https://msdn.microsoft.com/en-us/library/cc238354.aspx,200
rfc9427.xml,https://datatracker.ietf.org/doc/html/draft-josefsson-pppext-eap-tls-eap-10,200
rfc9427.xml,https://learn.microsoft.com/en-us/openspecs/windows_protocols/ms-peap/e75b0385-915a-4fc3-a549-fd3d06b995b0,200
rfc9427.xml,https://docs.microsoft.com/en-us/openspecs/windows_protocols/MS-PEAP/0de54161-0bd3-424a-9b1a-854b4040a6df,200
rfc9427.xml,https://docs.microsoft.com/en-us/openspecs/windows_protocols/MS-PEAP/41288c09-3d7d-482f-a57f-e83691d4d246,200
rfc9427.xml,https://www.rfc-editor.org/info/rfc1994,200
rfc9427.xml,https://www.rfc-editor.org/info/rfc2433,200
rfc9427.xml,https://www.rfc-editor.org/info/rfc2759,200
rfc9427.xml,https://www.rfc-editor.org/info/rfc4137,200
rfc9427.xml,https://www.rfc-editor.org/info/rfc4851,200
rfc9427.xml,https://www.rfc-editor.org/info/rfc5281,200
rfc9427.xml,https://www.rfc-editor.org/info/rfc5422,200
rfc9427.xml,https://www.rfc-editor.org/info/rfc7542,200
rfc9427.xml,https://www.rfc-editor.org/info/rfc7585,200
rfc9651.xml,https://datatracker.ietf.org/doc/draft-ietf-httpbis-sfbis-06,200
rfc9651.xml,https://dx.doi.org/10.17487/rfc9651,200
rfc9651.xml,https://www.rfc-editor.org/info/rfc9651,200
rfc9651.xml,https://trustee.ietf.org/license-info,200
rfc9651.xml,https://www.rfc-editor.org/info/rfc9110,200
rfc9651.xml,https://www.rfc-editor.org/info/rfc20,200
rfc9651.xml,https://www.rfc-editor.org/info/rfc2119,200
rfc9651.xml,https://www.rfc-editor.org/info/rfc4648,200
rfc9651.xml,https://www.rfc-editor.org/info/rfc8174,200
rfc9651.xml,https://www.rfc-editor.org/info/rfc3629,200
rfc9651.xml,https://www.rfc-editor.org/info/rfc7541,200
rfc9651.xml,https://www.rfc-editor.org/info/rfc9113,200
rfc9651.xml,https://ieeexplore.ieee.org/document/8766229,Connection error: HTTP Error 418: Unknown Code
rfc9651.xml,https://www.rfc-editor.org/info/rfc8264,200
rfc9651.xml,https://www.rfc-editor.org/info/rfc5234,200
rfc9651.xml,https://www.rfc-editor.org/info/rfc7493,200
rfc9651.xml,https://www.rfc-editor.org/info/rfc8259,200
rfc9651.xml,https://www.unicode.org/reports/tr36/tr36-15.html,200
rfc9651.xml,https://www.unicode.org/reports/tr36/,200
rfc9739.xml,https://datatracker.ietf.org/doc/draft-ietf-pim-light-11,200
rfc9739.xml,https://dx.doi.org/10.17487/rfc9739,200
rfc9739.xml,https://www.rfc-editor.org/info/rfc9739,200
rfc9739.xml,https://trustee.ietf.org/license-info,200
rfc9739.xml,https://www.iana.org/assignments/pim-parameters,200
rfc9739.xml,https://www.rfc-editor.org/info/rfc2119,200
rfc9739.xml,https://www.rfc-editor.org/info/rfc4607,200
rfc9739.xml,https://www.rfc-editor.org/info/rfc5015,200
rfc9739.xml,https://www.rfc-editor.org/info/rfc5384,200
rfc9739.xml,https://www.rfc-editor.org/info/rfc5796,200
rfc9739.xml,https://www.rfc-editor.org/info/rfc6559,200
rfc9739.xml,https://www.rfc-editor.org/info/rfc7761,200
rfc9739.xml,https://www.rfc-editor.org/info/rfc8174,200
rfc9739.xml,https://www.rfc-editor.org/info/rfc8279,200
rfc9739.xml,https://www.rfc-editor.org/info/rfc9260,200
rfc9739.xml,https://datatracker.ietf.org/doc/html/draft-ietf-bier-pim-signaling-13,200
rfc9739.xml,https://www.rfc-editor.org/info/rfc3973,200
rfc9124.xml,https://datatracker.ietf.org/doc/draft-ietf-suit-information-model-13,200
rfc9124.xml,https://dx.doi.org/10.17487/rfc9124,200
rfc9124.xml,https://www.rfc-editor.org/info/rfc9124,200
rfc9124.xml,https://trustee.ietf.org/license-info,200
rfc9124.xml,https://www.rfc-editor.org/info/rfc2119,200
rfc9124.xml,https://www.rfc-editor.org/info/rfc4122,200
rfc9124.xml,https://www.rfc-editor.org/info/rfc8174,200
rfc9124.xml,https://www.rfc-editor.org/info/rfc8392,200
rfc9124.xml,https://www.rfc-editor.org/info/rfc8747,200
rfc9124.xml,https://www.rfc-editor.org/info/rfc9019,200
rfc9124.xml,https://www.rfc-editor.org/info/rfc3444,200
rfc9124.xml,https://www.rfc-editor.org/info/rfc3986,200
rfc9124.xml,https://docs.microsoft.com/en-us/previous-versions/commerce-server/ee823878(v=cs.20),200
rfc9656.xml,https://datatracker.ietf.org/doc/draft-ietf-ccamp-mw-topo-yang-9656,200
rfc9656.xml,https://dx.doi.org/10.17487/rfc9656,200
rfc9656.xml,https://www.rfc-editor.org/info/rfc9656,200
rfc9656.xml,https://trustee.ietf.org/license-info,200
rfc9656.xml,https://www.rfc-editor.org/info/rfc3688,200
rfc9656.xml,https://www.rfc-editor.org/info/rfc6020,200
rfc9656.xml,https://www.rfc-editor.org/info/rfc6241,200
rfc9656.xml,https://www.rfc-editor.org/info/rfc6242,200
rfc9656.xml,https://www.rfc-editor.org/info/rfc8040,200
rfc9656.xml,https://www.rfc-editor.org/info/rfc8341,200
rfc9656.xml,https://www.rfc-editor.org/info/rfc8345,200
rfc9656.xml,https://www.rfc-editor.org/info/rfc8446,200
rfc9656.xml,https://www.rfc-editor.org/info/rfc8561,200
rfc9656.xml,https://www.rfc-editor.org/info/rfc8795,200
rfc9656.xml,https://www.etsi.org/deliver/etsi_en/301100_301199/301129/01.01.02_60/en_301129v010102p.pdf,200
rfc9656.xml,https://www.etsi.org/deliver/etsi_en/302200_302299/30221701/03.01.01_60/en_30221701v030101p.pdf,200
rfc9656.xml,https://www.rfc-editor.org/info/rfc8340,200
rfc9656.xml,https://www.rfc-editor.org/info/rfc8453,200
rfc9656.xml,https://www.rfc-editor.org/info/rfc8792,200
rfc9656.xml,https://www.rfc-editor.org/info/rfc8944,200
rfc9656.xml,https://datatracker.ietf.org/doc/html/draft-ietf-ccamp-bwa-topo-yang-01,200
rfc9656.xml,https://datatracker.ietf.org/doc/html/draft-ietf-ccamp-if-ref-topo-yang-01,200
rfc9044.xml,https://datatracker.ietf.org/doc/draft-ietf-lamps-cms-aes-gmac-alg-05,200
rfc9044.xml,https://dx.doi.org/10.17487/rfc9044,200
rfc9044.xml,https://www.rfc-editor.org/info/rfc9044,200
rfc9044.xml,https://trustee.ietf.org/license-info,200
rfc9044.xml,https://doi.org/10.6028/NIST.FIPS.197,200
rfc9044.xml,https://doi.org/10.6028/NIST.SP.800-38D,200
rfc9044.xml,https://www.rfc-editor.org/info/rfc2119,200
rfc9044.xml,https://www.rfc-editor.org/info/rfc5652,200
rfc9044.xml,https://www.rfc-editor.org/info/rfc5912,200
rfc9044.xml,https://www.rfc-editor.org/info/rfc8174,200
rfc9044.xml,https://csrc.nist.gov/csrc/media/projects/block-cipher-techniques/documents/bcm/comments/cwc-gcm/ferguson2.pdf,200
rfc9044.xml,https://csrc.nist.gov/CSRC/media/Projects/Block-Cipher-Techniques/documents/BCM/Comments/CWC-GCM/gcm-update.pdf,200
rfc9044.xml,https://www.rfc-editor.org/info/rfc4086,200
rfc9044.xml,https://www.rfc-editor.org/info/rfc5084,200
rfc9044.xml,https://www.rfc-editor.org/info/rfc7696,200
rfc9281.xml,https://datatracker.ietf.org/doc/draft-rsalz-2028bis-07,200
rfc9281.xml,https://dx.doi.org/10.17487/rfc9281,200
rfc9281.xml,https://www.rfc-editor.org/info/rfc9281,200
rfc9281.xml,https://trustee.ietf.org/license-info,200
rfc9281.xml,https://www.ietf.org/topics/areas/,200
rfc9281.xml,https://www.ietf.org/about/groups/iesg/members/,200
rfc9281.xml,https://www.iana.org/protocols,200
rfc9281.xml,https://www.iana.org/domains,200
rfc9281.xml,https://www.iana.org/numbers,200
rfc9281.xml,https://trustee.ietf.org/documents/trust-legal-provisions/,200
rfc9281.xml,https://www.rfc-editor.org/info/rfc8721,200
rfc9281.xml,https://www.rfc-editor.org/info/bcp39,200
rfc9281.xml,https://www.rfc-editor.org/info/rfc2850,200
rfc9281.xml,https://www.rfc-editor.org/info/rfc4440,200
rfc9281.xml,https://www.rfc-editor.org/info/bcp26,200
rfc9281.xml,https://www.rfc-editor.org/info/rfc8126,200
rfc9281.xml,https://www.rfc-editor.org/info/rfc2860,200
rfc9281.xml,https://www.rfc-editor.org/info/rfc3710,200
rfc9281.xml,https://www.rfc-editor.org/info/bcp9,200
rfc9281.xml,https://www.rfc-editor.org/info/rfc2026,200
rfc9281.xml,https://www.rfc-editor.org/info/rfc5657,200
rfc9281.xml,https://www.rfc-editor.org/info/rfc6410,200
rfc9281.xml,https://www.rfc-editor.org/info/rfc7100,200
rfc9281.xml,https://www.rfc-editor.org/info/rfc7127,200
rfc9281.xml,https://www.rfc-editor.org/info/rfc7475,200
rfc9281.xml,https://www.rfc-editor.org/info/rfc8789,200
rfc9281.xml,https://www.rfc-editor.org/info/bcp78,200
rfc9281.xml,https://www.rfc-editor.org/info/rfc5378,200
rfc9281.xml,https://www.rfc-editor.org/info/bcp79,200
rfc9281.xml,https://www.rfc-editor.org/info/rfc8179,200
rfc9281.xml,https://www.rfc-editor.org/info/rfc2014,200
rfc9281.xml,https://www.rfc-editor.org/info/rfc7827,200
rfc9281.xml,https://www.rfc-editor.org/info/rfc7418,200
rfc9281.xml,https://www.internetsociety.org/about-internet-society/governance-policies/by-laws/,Connection error: HTTP Error 403: Forbidden
rfc9281.xml,https://www.rfc-editor.org/info/rfc8712,200
rfc9281.xml,https://www.rfc-editor.org/info/rfc8719,200
rfc9281.xml,https://www.rfc-editor.org/info/bcp10,200
rfc9281.xml,https://www.rfc-editor.org/info/rfc8713,200
rfc9281.xml,https://www.rfc-editor.org/info/rfc8788,200
rfc9281.xml,https://www.rfc-editor.org/info/rfc2028,200
rfc9281.xml,https://www.rfc-editor.org/info/rfc9280,200
rfc9281.xml,https://www.rfc-editor.org/info/rfc8714,200
rfc9281.xml,https://www.rfc-editor.org/info/rfc8715,200
rfc9281.xml,https://www.rfc-editor.org/info/bcp25,200
rfc9281.xml,https://www.rfc-editor.org/info/rfc2418,200
rfc9281.xml,https://www.rfc-editor.org/info/rfc3934,200
rfc9281.xml,https://www.rfc-editor.org/info/rfc7776,200
rfc9281.xml,https://www.rfc-editor.org/info/rfc8716,200
rfc9380.xml,https://datatracker.ietf.org/doc/draft-irtf-cfrg-hash-to-curve-16,200
rfc9380.xml,https://dx.doi.org/10.17487/rfc9380,200
rfc9380.xml,https://www.rfc-editor.org/info/rfc9380,200
rfc9380.xml,https://trustee.ietf.org/license-info,200
rfc9380.xml,https://www.rfc-editor.org/errata/eid4730,200
rfc9380.xml,https://www.rfc-editor.org/info/rfc2119,200
rfc9380.xml,https://www.rfc-editor.org/info/rfc7748,200
rfc9380.xml,https://www.rfc-editor.org/info/rfc8017,200
rfc9380.xml,https://www.rfc-editor.org/info/rfc8174,200
rfc9380.xml,https://doi.org/10.1007/978-3-319-13051-4_2,200
rfc9380.xml,https://doi.org/10.1109/TC.2013.145,Connection error: HTTP Error 418: Unknown Code
rfc9380.xml,https://doi.org/10.1007/978-3-540-68164-9_26,200
rfc9380.xml,https://doi.org/10.1007/978-3-642-14623-7_13,200
rfc9380.xml,https://doi.org/10.1007/978-3-540-78967-3_11,200
rfc9380.xml,https://doi.org/10.1007/3-540-44647-8_13,200
rfc9380.xml,https://doi.org/10.1145/2508859.2516734,Connection error: HTTP Error 403: Forbidden
rfc9380.xml,https://blake2.net/blake2x.pdf,Connection error: HTTP Error 403: Forbidden
rfc9380.xml,https://doi.org/10.1007/978-3-030-17656-3_15,200
rfc9380.xml,https://datatracker.ietf.org/doc/html/draft-irtf-cfrg-bls-signature-05,200
rfc9380.xml,https://doi.org/10.1007/s00145-004-0314-9,200
rfc9380.xml,https://doi.org/10.1007/3-540-36413-7_19,200
rfc9380.xml,https://electriccoin.co/blog/new-snark-curve/,Connection error: HTTP Error 403: Forbidden
rfc9380.xml,https://doi.org/10.1109/RISP.1992.213269,Connection error: HTTP Error 418: Unknown Code
rfc9380.xml,https://doi.org/10.1007/3-540-45539-6_12,200
rfc9380.xml,https://doi.org/10.1007/11693383_22,200
rfc9380.xml,https://eprint.iacr.org/2017/419,200
rfc9380.xml,https://doi.org/10.1145/168588.168596,Connection error: HTTP Error 403: Forbidden
rfc9380.xml,https://doi.org/10.1007/978-3-662-02945-9,200
rfc9380.xml,https://doi.org/10.1007/11535218_26,200
rfc9380.xml,https://www.crcpress.com/9781584885184,Connection error: HTTP Error 403: Forbidden
rfc9380.xml,https://doi.org/10.1016/j.jsc.2011.11.003,200
rfc9380.xml,https://doi.org/10.1007/978-3-642-21969-6_17,200
rfc9380.xml,https://doi.org/10.1090/S0025-5718-2012-02606-8,200
rfc9380.xml,https://nvlpubs.nist.gov/nistpubs/FIPS/NIST.FIPS.180-4.pdf,200
rfc9380.xml,https://nvlpubs.nist.gov/nistpubs/FIPS/NIST.FIPS.186-4.pdf,200
rfc9380.xml,https://nvlpubs.nist.gov/nistpubs/FIPS/NIST.FIPS.202.pdf,200
rfc9380.xml,https://doi.org/10.1007/978-3-642-39059-3_14,200
rfc9380.xml,https://doi.org/10.1007/978-3-642-28496-0_25,200
rfc9380.xml,https://doi.org/10.1515/JMC.2009.022,200
rfc9380.xml,https://doi.org/10.1007/978-3-642-14712-8_5,200
rfc9380.xml,https://doi.org/10.1007/978-3-642-33481-8_1,200
rfc9380.xml,https://eprint.iacr.org/2020/1513,200
rfc9380.xml,https://github.com/cfrg/draft-irtf-cfrg-hash-to-curve,200
rfc9380.xml,https://doi.org/10.1007/978-3-642-03356-8_18,200
rfc9380.xml,https://doi.org/10.1145/242896.242897,Connection error: HTTP Error 403: Forbidden
rfc9380.xml,https://github.com/zkcrypto/jubjub/pull/18,200
rfc9380.xml,https://doi.org/10.1007/978-3-642-17455-1_18,200
rfc9380.xml,https://www.imperialviolet.org/2013/12/25/elligator.html,200
rfc9380.xml,https://hal.inria.fr/hal-02100345/,200
rfc9380.xml,http://cacr.uwaterloo.ca/hac/,200
rfc9380.xml,https://doi.org/10.1007/978-3-540-24638-1_2,200
rfc9380.xml,https://doi.org/10.1109/SFFCS.1999.814584,Connection error: HTTP Error 418: Unknown Code
rfc9380.xml,https://doi.org/10.1145/272991.272995,Connection error: HTTP Error 403: Forbidden
rfc9380.xml,https://doi.org/10.1109/SFCS.1997.646134,Connection error: HTTP Error 418: Unknown Code
rfc9380.xml,https://datatracker.ietf.org/doc/html/draft-irtf-cfrg-voprf-21,200
rfc9380.xml,https://standards.ieee.org/standard/1363_2-2008.html,Connection error: HTTP Error 403: Forbidden
rfc9380.xml,https://standards.ieee.org/standard/1363a-2004.html,Connection error: HTTP Error 403: Forbidden
rfc9380.xml,https://eprint.iacr.org/2020/009,200
rfc9380.xml,https://doi.org/10.1007/978-3-662-49890-3_16,200
rfc9380.xml,https://www.rfc-editor.org/info/rfc2104,200
rfc9380.xml,https://www.rfc-editor.org/info/rfc5869,200
rfc9380.xml,https://www.rfc-editor.org/info/rfc7693,200
rfc9380.xml,https://www.rfc-editor.org/info/rfc7914,200
rfc9380.xml,https://www.rfc-editor.org/info/rfc8018,200
rfc9380.xml,https://www.rfc-editor.org/info/rfc9106,200
rfc9380.xml,https://datatracker.ietf.org/doc/html/draft-irtf-cfrg-ristretto255-decaf448-07,200
rfc9380.xml,https://doi.org/10.1007/978-3-642-20465-4_27,200
rfc9380.xml,https://doi.org/10.4064/aa117-3-7,200
rfc9380.xml,https://doi.org/10.1090/S0025-5718-1985-0777280-6,200
rfc9380.xml,https://www.sagemath.org,Connection error: HTTP Error 403: Forbidden
rfc9380.xml,https://doi.org/10.1007/978-3-642-03298-1_8,200
rfc9380.xml,http://www.secg.org/sec1-v2.pdf,200
rfc9380.xml,http://www.secg.org/sec2-v2.pdf,200
rfc9380.xml,https://doi.org/10.4064/ba52-3-1,200
rfc9380.xml,https://doi.org/10.1007/11792086_36,200
rfc9380.xml,https://doi.org/10.1007/978-3-662-45472-5_10,200
rfc9380.xml,https://doi.org/10.1007/s10623-016-0288-2,200
rfc9380.xml,https://doi.org/10.4064/ba55-2-1,200
rfc9380.xml,https://eprint.iacr.org/2019/383,200
rfc9380.xml,https://datatracker.ietf.org/doc/html/draft-irtf-cfrg-vrf-15,200
rfc9380.xml,https://www.crcpress.com/9781420071467,Connection error: HTTP Error 403: Forbidden
rfc9380.xml,https://github.com/cfrg/draft-irtf-cfrg-hash-to-curve/blob/draft-irtf-cfrg-hash-to-curve-14/doc/svdw_params.pdf,200
rfc9380.xml,https://eprint.iacr.org/2019/403,200
rfc9109.xml,https://datatracker.ietf.org/doc/draft-ietf-ntp-port-randomization-08,200
rfc9109.xml,https://dx.doi.org/10.17487/rfc9109,200
rfc9109.xml,https://www.rfc-editor.org/info/rfc9109,200
rfc9109.xml,https://trustee.ietf.org/license-info,200
rfc9109.xml,https://www.rfc-editor.org/info/rfc2119,200
rfc9109.xml,https://www.rfc-editor.org/info/rfc5905,200
rfc9109.xml,https://www.rfc-editor.org/info/rfc6056,200
rfc9109.xml,https://www.rfc-editor.org/info/rfc8174,200
rfc9109.xml,https://tf.nist.gov/general/pdf/2818.pdf,Connection error: HTTP Error 403: Forbidden
rfc9109.xml,http://leapsecond.com/ntp/NTP_Paper_Sommars_PTTI2017.pdf,200
rfc9109.xml,https://datatracker.ietf.org/doc/html/draft-ietf-ntp-data-minimization-04,200
rfc9109.xml,https://www.cs.bu.edu/~goldbe/papers/NTPattack.pdf,200
rfc9109.xml,https://eprint.iacr.org/2016/1006.pdf,200
rfc9109.xml,http://support.ntp.org/bin/view/Main/SecurityNotice,200
rfc9109.xml,https://datatracker.ietf.org/doc/html/draft-irtf-pearg-numeric-ids-generation-07,200
rfc9109.xml,https://www.ietf.org/archive/id/draft-irtf-pearg-numeric-ids-generation-07.txt,200
rfc9109.xml,https://www.rfc-editor.org/info/rfc792,200
rfc9109.xml,https://www.rfc-editor.org/info/rfc2663,200
rfc9109.xml,https://www.rfc-editor.org/info/rfc3715,200
rfc9109.xml,https://www.rfc-editor.org/info/rfc4443,200
rfc9109.xml,https://www.rfc-editor.org/info/rfc4953,200
rfc9109.xml,https://www.rfc-editor.org/info/rfc5927,200
rfc9109.xml,https://www.rfc-editor.org/info/rfc6335,200
rfc9109.xml,https://cve.mitre.org/cgi-bin/cvename.cgi?name=CVE-2019-11331,200
rfc9109.xml,https://www.nwtime.org,200
rfc9073.xml,https://datatracker.ietf.org/doc/draft-ietf-calext-eventpub-extensions-18,200
rfc9073.xml,https://dx.doi.org/10.17487/rfc9073,200
rfc9073.xml,https://www.rfc-editor.org/info/rfc9073,200
rfc9073.xml,https://trustee.ietf.org/license-info,200
rfc9073.xml,https://schema.org,200
rfc9073.xml,https://www.rfc-editor.org/info/rfc2119,200
rfc9073.xml,https://www.rfc-editor.org/info/rfc3986,200
rfc9073.xml,https://www.rfc-editor.org/info/rfc4589,200
rfc9073.xml,https://www.rfc-editor.org/info/rfc5234,200
rfc9073.xml,https://www.rfc-editor.org/info/rfc5545,200
rfc9073.xml,https://www.rfc-editor.org/info/rfc5546,200
rfc9073.xml,https://www.rfc-editor.org/info/rfc6350,200
rfc9073.xml,https://www.rfc-editor.org/info/rfc7986,200
rfc9073.xml,https://www.rfc-editor.org/info/rfc8126,200
rfc9073.xml,https://www.rfc-editor.org/info/rfc8174,200
rfc9073.xml,https://www.rfc-editor.org/info/rfc8259,200
rfc9073.xml,https://www.w3.org/TR/2017/REC-html51-20171003,200
rfc9073.xml,https://www.w3.org/TR/2004/REC-xml-20040204,200
rfc9073.xml,https://www.w3.org/TR/2008/REC-xml-20081126,200
rfc9237.xml,https://datatracker.ietf.org/doc/draft-ietf-ace-aif-07,200
rfc9237.xml,https://dx.doi.org/10.17487/rfc9237,200
rfc9237.xml,https://www.rfc-editor.org/info/rfc9237,200
rfc9237.xml,https://trustee.ietf.org/license-info,200
rfc9237.xml,https://www.rfc-editor.org/info/rfc2119,200
rfc9237.xml,https://www.rfc-editor.org/info/rfc3986,200
rfc9237.xml,https://www.rfc-editor.org/info/rfc6838,200
rfc9237.xml,https://www.rfc-editor.org/info/rfc7252,200
rfc9237.xml,https://www.rfc-editor.org/info/rfc8126,200
rfc9237.xml,https://www.rfc-editor.org/info/rfc8174,200
rfc9237.xml,https://www.rfc-editor.org/info/rfc8610,200
rfc9237.xml,https://www.rfc-editor.org/info/rfc9110,200
rfc9237.xml,https://www.rfc-editor.org/info/rfc9165,200
rfc9237.xml,https://www.iana.org/assignments/core-parameters,200
rfc9237.xml,https://www.iana.org/assignments/media-type-sub-parameters,200
rfc9237.xml,http://wiki.c2.com/?KebabCase,200
rfc9237.xml,https://www.rfc-editor.org/info/rfc4949,200
rfc9237.xml,https://www.rfc-editor.org/info/rfc6570,200
rfc9237.xml,https://www.rfc-editor.org/info/rfc7228,200
rfc9237.xml,https://www.rfc-editor.org/info/rfc7493,200
rfc9237.xml,https://www.rfc-editor.org/info/rfc8132,200
rfc9237.xml,https://www.rfc-editor.org/info/rfc8259,200
rfc9237.xml,https://www.rfc-editor.org/info/rfc8576,200
rfc9237.xml,https://www.rfc-editor.org/info/rfc8881,200
rfc9237.xml,https://www.rfc-editor.org/info/rfc8949,200
rfc9237.xml,https://www.rfc-editor.org/info/rfc9200,200
rfc9134.xml,https://datatracker.ietf.org/doc/draft-ietf-payload-rtp-jpegxs-18,200
rfc9134.xml,https://dx.doi.org/10.17487/rfc9134,200
rfc9134.xml,https://www.rfc-editor.org/info/rfc9134,200
rfc9134.xml,https://trustee.ietf.org/license-info,200
rfc9134.xml,https://www.iana.org/assignments/rtp-parameters,200
rfc9134.xml,https://www.rfc-editor.org/info/rfc2119,200
rfc9134.xml,https://www.rfc-editor.org/info/rfc3264,200
rfc9134.xml,https://www.rfc-editor.org/info/rfc3550,200
rfc9134.xml,https://www.rfc-editor.org/info/rfc3551,200
rfc9134.xml,https://www.rfc-editor.org/info/rfc4855,200
rfc9134.xml,https://www.rfc-editor.org/info/rfc6838,200
rfc9134.xml,https://www.rfc-editor.org/info/rfc8083,200
rfc9134.xml,https://www.rfc-editor.org/info/rfc8085,200
rfc9134.xml,https://www.rfc-editor.org/info/rfc8174,200
rfc9134.xml,https://www.rfc-editor.org/info/rfc8866,200
rfc9134.xml,https://www.itu.int/rec/R-REC-BT.1886-0-201103-I/en,200
rfc9134.xml,https://www.itu.int/rec/R-REC-BT.2020-2-201510-I/en,200
rfc9134.xml,https://www.itu.int/rec/R-REC-BT.2100-2-201807-I/en,200
rfc9134.xml,https://www.itu.int/rec/R-REC-BT.601-5-199510-S/en,200
rfc9134.xml,https://www.itu.int/rec/R-REC-BT.601-7-201103-I/en,200
rfc9134.xml,https://www.itu.int/rec/R-REC-BT.709-2-199510-S/en,200
rfc9134.xml,https://www.itu.int/rec/R-REC-BT.709-6-201506-I/en,200
rfc9134.xml,https://www.iso.org/standard/74164.html,200
rfc9134.xml,https://www.rfc-editor.org/info/rfc3711,200
rfc9134.xml,https://www.rfc-editor.org/info/rfc4175,200
rfc9134.xml,https://www.rfc-editor.org/info/rfc4585,200
rfc9134.xml,https://www.rfc-editor.org/info/rfc5124,200
rfc9134.xml,https://www.rfc-editor.org/info/rfc7201,200
rfc9134.xml,https://www.rfc-editor.org/info/rfc7202,200
rfc9134.xml,https://www.rfc-editor.org/info/rfc8888,200
rfc9134.xml,https://ieeexplore.ieee.org/document/7290447,Connection error: HTTP Error 418: Unknown Code
rfc9134.xml,https://ieeexplore.ieee.org/document/9343931,Connection error: HTTP Error 418: Unknown Code
rfc9134.xml,https://ieeexplore.ieee.org/document/9286953,Connection error: HTTP Error 418: Unknown Code
rfc9134.xml,https://ieeexplore.ieee.org/document/7290588,Connection error: HTTP Error 418: Unknown Code
rfc9134.xml,https://ieeexplore.ieee.org/document/8165971,Connection error: HTTP Error 418: Unknown Code
rfc9134.xml,https://ieeexplore.ieee.org/document/7291461?arnumber=7291461,Connection error: HTTP Error 418: Unknown Code
rfc9134.xml,https://ieeexplore.ieee.org/document/8709077,Connection error: HTTP Error 418: Unknown Code
rfc8793.xml,https://datatracker.ietf.org/doc/draft-irtf-icnrg-terminology-08,200
rfc8793.xml,https://dx.doi.org/10.17487/rfc8793,200
rfc8793.xml,https://www.rfc-editor.org/info/rfc8793,200
rfc8793.xml,https://trustee.ietf.org/license-info,200
rfc8793.xml,https://dl.acm.org/citation.cfm?id=3357395,Connection error: HTTP Error 403: Forbidden
rfc8793.xml,https://dl.acm.org/citation.cfm?id=3357397,Connection error: HTTP Error 403: Forbidden
rfc8793.xml,https://dl.acm.org/citation.cfm?id=2412098,Connection error: HTTP Error 403: Forbidden
rfc8793.xml,https://named-data.net/doc/ndn-tlv/,200
rfc8793.xml,https://dl.acm.org/citation.cfm?id=2459643,Connection error: HTTP Error 403: Forbidden
rfc8793.xml,http://www.psirp.org/files/Deliverables/PSIRP-TR08-0001_Vision.pdf,200
rfc8793.xml,https://dx.doi.org/10.1145/3267955.3267956,Connection error: HTTP Error 403: Forbidden
rfc8793.xml,https://dx.doi.org/10.1145/2810156.2810170,Connection error: HTTP Error 403: Forbidden
rfc8793.xml,https://named-data.net/project/execsummary/,200
rfc8793.xml,https://www.rfc-editor.org/info/rfc4838,200
rfc8793.xml,https://www.rfc-editor.org/info/rfc4949,200
rfc8793.xml,https://www.rfc-editor.org/info/rfc6234,200
rfc8793.xml,https://www.rfc-editor.org/info/rfc8569,200
rfc8793.xml,https://www.rfc-editor.org/info/rfc8609,200
rfc8958.xml,https://datatracker.ietf.org/doc/draft-hardie-dispatch-rfc3405-update-04,200
rfc8958.xml,https://dx.doi.org/10.17487/rfc8958,200
rfc8958.xml,https://www.rfc-editor.org/info/rfc8958,200
rfc8958.xml,https://trustee.ietf.org/license-info,200
rfc8958.xml,https://www.rfc-editor.org/info/rfc2119,200
rfc8958.xml,https://www.rfc-editor.org/info/rfc3405,200
rfc8958.xml,https://www.rfc-editor.org/info/rfc7595,200
rfc8958.xml,https://www.rfc-editor.org/info/rfc8174,200
rfc8958.xml,https://www.rfc-editor.org/info/rfc2717,200
rfc8958.xml,https://www.rfc-editor.org/info/rfc4395,200
rfc8977.xml,https://datatracker.ietf.org/doc/draft-ietf-regext-rdap-sorting-and-paging-20,200
rfc8977.xml,https://dx.doi.org/10.17487/rfc8977,200
rfc8977.xml,https://www.rfc-editor.org/info/rfc8977,200
rfc8977.xml,https://trustee.ietf.org/license-info,200
rfc8977.xml,https://www.rfc-editor.org/info/rfc2119,200
rfc8977.xml,https://www.rfc-editor.org/info/rfc5234,200
rfc8977.xml,https://www.rfc-editor.org/info/rfc5890,200
rfc8977.xml,https://www.rfc-editor.org/info/rfc6350,200
rfc8977.xml,https://www.rfc-editor.org/info/rfc7095,200
rfc8977.xml,https://www.rfc-editor.org/info/rfc7230,200
rfc8977.xml,https://www.rfc-editor.org/info/rfc7231,200
rfc8977.xml,https://www.rfc-editor.org/info/rfc7480,200
rfc8977.xml,https://www.rfc-editor.org/info/rfc7481,200
rfc8977.xml,https://www.rfc-editor.org/info/rfc7482,200
rfc8977.xml,https://www.rfc-editor.org/info/rfc7483,200
rfc8977.xml,https://www.rfc-editor.org/info/rfc8174,200
rfc8977.xml,https://www.rfc-editor.org/info/rfc8259,200
rfc8977.xml,https://www.rfc-editor.org/info/rfc8288,200
rfc8977.xml,https://www.rfc-editor.org/info/rfc8605,200
rfc8977.xml,https://www.sitepoint.com/paginating-real-time-data-cursor-based-pagination/,200
rfc8977.xml,https://developers.facebook.com/docs/graph-api/using-graph-api,200
rfc8977.xml,https://developer.twitter.com/en/docs/twitter-ads-api,200
rfc8977.xml,https://goessner.net/articles/JsonPath/,200
rfc8977.xml,https://www.e4developer.com/2018/02/16/hateoas-simple-explanation/,200
rfc8977.xml,https://cburgmer.github.io/json-path-comparison/,200
rfc8977.xml,https://datatracker.ietf.org/wg/jsonpath/about/,200
rfc8977.xml,https://docs.oasis-open.org/odata/odata/v4.0/errata03/os/complete/part1-protocol/odata-v4.0-errata03-os-part1-protocol-complete.pdf,200
rfc8977.xml,https://www.ics.uci.edu/~fielding/pubs/dissertation/fielding_dissertation.pdf,200
rfc8977.xml,https://www.rfc-editor.org/info/rfc6901,200
rfc8977.xml,https://www.eversql.com/faster-pagination-in-mysql-why-order-by-with-limit-and-offset-is-slow/,Connection error: HTTP Error 403: Forbidden
rfc8977.xml,https://www.w3.org/TR/2017/REC-xpath-31-20170321/,200
rfc8977.xml,https://rdap.pubtest.nic.it/,200
rfc8977.xml,https://rdap.pubtest.nic.it/doc/README.html,200
rfc9072.xml,https://datatracker.ietf.org/doc/draft-ietf-idr-ext-opt-param-13,200
rfc9072.xml,https://dx.doi.org/10.17487/rfc9072,200
rfc9072.xml,https://www.rfc-editor.org/info/rfc9072,200
rfc9072.xml,https://trustee.ietf.org/license-info,200
rfc9072.xml,https://www.rfc-editor.org/info/rfc2119,200
rfc9072.xml,https://www.rfc-editor.org/info/rfc4271,200
rfc9072.xml,https://www.rfc-editor.org/info/rfc8174,200
rfc9072.xml,https://www.rfc-editor.org/info/rfc4272,200
rfc9072.xml,https://www.rfc-editor.org/info/rfc5492,200
rfc9005.xml,https://datatracker.ietf.org/doc/draft-ietf-pce-association-policy-16,200
rfc9005.xml,https://dx.doi.org/10.17487/rfc9005,200
rfc9005.xml,https://www.rfc-editor.org/info/rfc9005,200
rfc9005.xml,https://trustee.ietf.org/license-info,200
rfc9005.xml,https://www.rfc-editor.org/info/rfc2119,200
rfc9005.xml,https://www.rfc-editor.org/info/rfc5440,200
rfc9005.xml,https://www.rfc-editor.org/info/rfc8174,200
rfc9005.xml,https://www.rfc-editor.org/info/rfc8231,200
rfc9005.xml,https://www.rfc-editor.org/info/rfc8253,200
rfc9005.xml,https://www.rfc-editor.org/info/rfc8697,200
rfc9005.xml,https://tools.ietf.org/html/draft-ietf-pce-pcep-yang-16,200
rfc9005.xml,http://www.ietf.org/internet-drafts/draft-ietf-pce-pcep-yang-16.txt,Connection error: HTTP Error 404: Not Found
rfc9005.xml,https://www.rfc-editor.org/info/rfc4655,200
rfc9005.xml,https://www.rfc-editor.org/info/rfc5394,200
rfc9005.xml,https://www.rfc-editor.org/info/rfc5905,200
rfc9005.xml,https://www.rfc-editor.org/info/rfc7420,200
rfc9005.xml,https://www.rfc-editor.org/info/rfc7470,200
rfc9005.xml,https://www.rfc-editor.org/info/rfc7525,200
rfc9005.xml,https://www.rfc-editor.org/info/rfc8281,200
rfc9005.xml,https://www.rfc-editor.org/info/rfc8664,200
rfc8926.xml,https://datatracker.ietf.org/doc/draft-ietf-nvo3-geneve-16,200
rfc8926.xml,https://dx.doi.org/10.17487/rfc8926,200
rfc8926.xml,https://www.rfc-editor.org/info/rfc8926,200
rfc8926.xml,https://trustee.ietf.org/license-info,200
rfc8926.xml,https://www.rfc-editor.org/info/rfc768,200
rfc8926.xml,https://www.rfc-editor.org/info/rfc792,200
rfc8926.xml,https://www.rfc-editor.org/info/rfc1122,200
rfc8926.xml,https://www.rfc-editor.org/info/rfc1191,200
rfc8926.xml,https://www.rfc-editor.org/info/rfc2003,200
rfc8926.xml,https://www.rfc-editor.org/info/rfc2119,200
rfc8926.xml,https://www.rfc-editor.org/info/rfc4443,200
rfc8926.xml,https://www.rfc-editor.org/info/rfc6040,200
rfc8926.xml,https://www.rfc-editor.org/info/rfc6936,200
rfc8926.xml,https://www.rfc-editor.org/info/rfc7365,200
rfc8926.xml,https://www.rfc-editor.org/info/rfc8085,200
rfc8926.xml,https://www.rfc-editor.org/info/rfc8126,200
rfc8926.xml,https://www.rfc-editor.org/info/rfc8174,200
rfc8926.xml,https://www.rfc-editor.org/info/rfc8200,200
rfc8926.xml,https://www.rfc-editor.org/info/rfc8201,200
rfc8926.xml,https://www.iana.org/assignments/ieee-802-numbers,200
rfc8926.xml,https://www.iana.org/protocols,200
rfc8926.xml,https://www.iana.org/assignments/service-names-port-numbers,200
rfc8926.xml,http://ieeexplore.ieee.org/servlet/opac?punumber=8403925,Connection error: HTTP Error 418: Unknown Code
rfc8926.xml,https://tools.ietf.org/html/draft-ietf-intarea-tunnels-10,200
rfc8926.xml,http://www.ietf.org/internet-drafts/draft-ietf-intarea-tunnels-10.txt,Connection error: HTTP Error 404: Not Found
rfc8926.xml,https://tools.ietf.org/html/draft-ietf-nvo3-dataplane-requirements-03,200
rfc8926.xml,http://www.ietf.org/internet-drafts/draft-ietf-nvo3-dataplane-requirements-03.txt,Connection error: HTTP Error 404: Not Found
rfc8926.xml,https://tools.ietf.org/html/draft-ietf-nvo3-encap-05,200
rfc8926.xml,http://www.ietf.org/internet-drafts/draft-ietf-nvo3-encap-05.txt,Connection error: HTTP Error 404: Not Found
rfc8926.xml,https://www.rfc-editor.org/info/rfc2983,200
rfc8926.xml,https://www.rfc-editor.org/info/rfc3031,200
rfc8926.xml,https://www.rfc-editor.org/info/rfc3552,200
rfc8926.xml,https://www.rfc-editor.org/info/rfc3985,200
rfc8926.xml,https://www.rfc-editor.org/info/rfc4301,200
rfc8926.xml,https://www.rfc-editor.org/info/rfc5374,200
rfc8926.xml,https://www.rfc-editor.org/info/rfc6438,200
rfc8926.xml,https://www.rfc-editor.org/info/rfc7348,200
rfc8926.xml,https://www.rfc-editor.org/info/rfc7637,200
rfc8926.xml,https://www.rfc-editor.org/info/rfc8014,200
rfc8926.xml,https://www.rfc-editor.org/info/rfc8086,200
rfc8926.xml,https://www.rfc-editor.org/info/rfc8293,200
rfc8926.xml,https://dl.acm.org/doi/10.1145/1594977.1592576,Connection error: HTTP Error 403: Forbidden
rfc9467.xml,https://datatracker.ietf.org/doc/draft-ietf-babel-mac-relaxed-05,200
rfc9467.xml,https://dx.doi.org/10.17487/rfc9467,200
rfc9467.xml,https://www.rfc-editor.org/info/rfc9467,200
rfc9467.xml,https://trustee.ietf.org/license-info,200
rfc9467.xml,https://www.rfc-editor.org/info/rfc2119,200
rfc9467.xml,https://www.rfc-editor.org/info/rfc8174,200
rfc9467.xml,https://www.rfc-editor.org/info/rfc8967,200
rfc9467.xml,https://ieeexplore.ieee.org/document/9363693,Connection error: HTTP Error 418: Unknown Code
rfc9467.xml,https://www.rfc-editor.org/info/rfc4303,200
rfc8657.xml,https://datatracker.ietf.org/doc/draft-ietf-acme-caa-10,200
rfc8657.xml,https://dx.doi.org/10.17487/rfc8657,200
rfc8657.xml,https://www.rfc-editor.org/info/rfc8657,200
rfc8657.xml,https://trustee.ietf.org/license-info,200
rfc8657.xml,https://www.rfc-editor.org/info/rfc2119,200
rfc8657.xml,https://www.rfc-editor.org/info/rfc3986,200
rfc8657.xml,https://www.rfc-editor.org/info/rfc5234,200
rfc8657.xml,https://www.rfc-editor.org/info/rfc8174,200
rfc8657.xml,https://www.rfc-editor.org/info/rfc8555,200
rfc8657.xml,https://www.rfc-editor.org/info/rfc8659,200
rfc9639.xml,https://datatracker.ietf.org/doc/draft-ietf-cellar-flac-14,200
rfc9639.xml,https://dx.doi.org/10.17487/rfc9639,200
rfc9639.xml,https://www.rfc-editor.org/info/rfc9639,200
rfc9639.xml,https://trustee.ietf.org/license-info,200
rfc9639.xml,https://www.ifpi.org/isrc_handbook/,200
rfc9639.xml,https://www.rfc-editor.org/info/rfc1321,200
rfc9639.xml,https://www.rfc-editor.org/info/rfc2046,200
rfc9639.xml,https://www.rfc-editor.org/info/rfc2083,200
rfc9639.xml,https://www.rfc-editor.org/info/rfc2119,200
rfc9639.xml,https://www.rfc-editor.org/info/rfc3533,200
rfc9639.xml,https://www.rfc-editor.org/info/rfc3629,200
rfc9639.xml,https://www.rfc-editor.org/info/rfc3986,200
rfc9639.xml,https://www.rfc-editor.org/info/rfc8174,200
rfc9639.xml,https://www.rfc-editor.org/info/rfc9559,200
rfc9639.xml,https://www.jstor.org/stable/1401322,Connection error: HTTP Error 403: Forbidden
rfc9639.xml,https://en.wikipedia.org/w/index.php?title=Finite_impulse_response&oldid=1240945295,200
rfc9639.xml,https://github.com/ietf-wg-cellar/flac-test-files,200
rfc9639.xml,https://xiph.org/flac/,200
rfc9639.xml,https://github.com/xiph/flac/blob/master/doc/isoflac.txt,200
rfc9639.xml,https://github.com/ietf-wg-cellar/flac-specification,200
rfc9639.xml,https://github.com/ietf-wg-cellar/flac-specification/wiki/Interoperability-considerations,200
rfc9639.xml,https://web.archive.org/web/20071023070305/http://firestuff.org:80/flacfile/,200
rfc9639.xml,https://github.com/xiph/flac/blob/master/doc/foreign_metadata_storage.md,200
rfc9639.xml,https://xiph.org/flac/id.html,200
rfc9639.xml,https://web.archive.org/web/20220903174949/https://id3.org/id3v2.4.0-frames,200
rfc9639.xml,https://webstore.iec.ch/publication/3885,200
rfc9639.xml,https://en.wikipedia.org/w/index.php?title=Linear_prediction&oldid=1169015573,200
rfc9639.xml,https://ieeexplore.ieee.org/document/939834,Connection error: HTTP Error 418: Unknown Code
rfc9639.xml,https://wiki.hydrogenaud.io/index.php?title=LossyWAV&oldid=32877,200
rfc9639.xml,https://www.aes.org/e-lib/online/browse.cfm?elib=8082,Connection error: HTTP Error 403: Forbidden
rfc9639.xml,https://picard-docs.musicbrainz.org/en/variables/variables.html,200
rfc9639.xml,https://www.rfc-editor.org/info/rfc4732,200
rfc9639.xml,https://www.rfc-editor.org/info/rfc5334,200
rfc9639.xml,https://www.rfc-editor.org/info/rfc6716,200
rfc9639.xml,https://www.rfc-editor.org/info/rfc8126,200
rfc9639.xml,https://ieeexplore.ieee.org/document/1090789,Connection error: HTTP Error 418: Unknown Code
rfc9639.xml,https://mi.eng.cam.ac.uk/reports/svr-ftp/auto-pdf/robinson_tr156.pdf,200
rfc9639.xml,https://ieeexplore.ieee.org/document/1697831,Connection error: HTTP Error 418: Unknown Code
rfc9639.xml,https://en.wikipedia.org/w/index.php?title=Variable-length_code&oldid=1220260423,200
rfc9639.xml,https://xiph.org/vorbis/doc/v-comment.html,200
rfc9353.xml,https://datatracker.ietf.org/doc/draft-ietf-lsr-pce-discovery-security-support-13,200
rfc9353.xml,https://dx.doi.org/10.17487/rfc9353,200
rfc9353.xml,https://www.rfc-editor.org/info/rfc9353,200
rfc9353.xml,https://trustee.ietf.org/license-info,200
rfc9353.xml,https://www.iana.org/assignments/igp-parameters/,200
rfc9353.xml,https://www.iana.org/assignments/igp-parameters/,200
rfc9353.xml,https://www.rfc-editor.org/info/rfc2119,200
rfc9353.xml,https://www.rfc-editor.org/info/rfc2119,200
rfc9353.xml,https://www.rfc-editor.org/info/rfc5088,200
rfc9353.xml,https://www.rfc-editor.org/info/rfc5088,200
rfc9353.xml,https://www.rfc-editor.org/info/rfc5089,200
rfc9353.xml,https://www.rfc-editor.org/info/rfc5089,200
rfc9353.xml,https://www.rfc-editor.org/info/rfc5304,200
rfc9353.xml,https://www.rfc-editor.org/info/rfc5304,200
rfc9353.xml,https://www.rfc-editor.org/info/rfc5310,200
rfc9353.xml,https://www.rfc-editor.org/info/rfc5310,200
rfc9353.xml,https://www.rfc-editor.org/info/rfc5557,200
rfc9353.xml,https://www.rfc-editor.org/info/rfc5557,200
rfc9353.xml,https://www.rfc-editor.org/info/rfc5709,200
rfc9353.xml,https://www.rfc-editor.org/info/rfc5709,200
rfc9353.xml,https://www.rfc-editor.org/info/rfc5925,200
rfc9353.xml,https://www.rfc-editor.org/info/rfc5925,200
rfc9353.xml,https://www.rfc-editor.org/info/rfc7770,200
rfc9353.xml,https://www.rfc-editor.org/info/rfc7770,200
rfc9353.xml,https://www.rfc-editor.org/info/rfc8126,200
rfc9353.xml,https://www.rfc-editor.org/info/rfc8126,200
rfc9353.xml,https://www.rfc-editor.org/info/rfc8174,200
rfc9353.xml,https://www.rfc-editor.org/info/rfc8174,200
rfc9353.xml,https://www.rfc-editor.org/info/rfc8177,200
rfc9353.xml,https://www.rfc-editor.org/info/rfc8177,200
rfc9353.xml,https://www.rfc-editor.org/info/rfc8231,200
rfc9353.xml,https://www.rfc-editor.org/info/rfc8231,200
rfc9353.xml,https://www.rfc-editor.org/info/rfc8253,200
rfc9353.xml,https://www.rfc-editor.org/info/rfc8253,200
rfc9353.xml,https://www.rfc-editor.org/info/rfc8306,200
rfc9353.xml,https://www.rfc-editor.org/info/rfc8306,200
rfc9353.xml,https://www.rfc-editor.org/info/rfc8623,200
rfc9353.xml,https://www.rfc-editor.org/info/rfc8623,200
rfc9353.xml,https://www.rfc-editor.org/info/rfc9168,200
rfc9353.xml,https://www.rfc-editor.org/info/rfc9168,200
rfc9353.xml,https://datatracker.ietf.org/doc/html/draft-ietf-lsr-ospf-transport-instance-04,200
rfc9353.xml,https://www.ietf.org/archive/id/draft-ietf-lsr-ospf-transport-instance-04.txt,200
rfc9353.xml,https://datatracker.ietf.org/doc/html/draft-ietf-pce-pcep-yang-20,200
rfc9353.xml,https://www.ietf.org/archive/id/draft-ietf-pce-pcep-yang-20.txt,200
rfc9353.xml,https://www.rfc-editor.org/info/rfc2385,200
rfc9353.xml,https://www.rfc-editor.org/info/rfc2385,200
rfc9353.xml,https://www.rfc-editor.org/info/rfc4674,200
rfc9353.xml,https://www.rfc-editor.org/info/rfc4674,200
rfc9353.xml,https://www.rfc-editor.org/info/rfc5440,200
rfc9353.xml,https://www.rfc-editor.org/info/rfc5440,200
rfc9353.xml,https://www.rfc-editor.org/info/rfc5926,200
rfc9353.xml,https://www.rfc-editor.org/info/rfc5926,200
rfc9353.xml,https://www.rfc-editor.org/info/rfc6823,200
rfc9353.xml,https://www.rfc-editor.org/info/rfc6823,200
rfc9353.xml,https://www.rfc-editor.org/info/rfc6952,200
rfc9353.xml,https://www.rfc-editor.org/info/rfc6952,200
rfc9353.xml,https://www.rfc-editor.org/info/rfc8446,200
rfc9353.xml,https://www.rfc-editor.org/info/rfc8446,200
rfc9353.xml,https://www.unicode.org/unicode/reports/tr36/,200
rfc8746.xml,https://datatracker.ietf.org/doc/draft-ietf-cbor-array-tags-08,200
rfc8746.xml,https://dx.doi.org/10.17487/rfc8746,200
rfc8746.xml,https://www.rfc-editor.org/info/rfc8746,200
rfc8746.xml,https://trustee.ietf.org/license-info,200
rfc8746.xml,https://www.ecma-international.org/ecma-262/10.0/index.html#sec-typedarray-objects,200
rfc8746.xml,http://www.ecma-international.org/ecma-262/6.0/#sec-touint8clamp,200
rfc8746.xml,https://www.ecma-international.org/ecma-262/10.0/index.html,200
rfc8746.xml,https://ieeexplore.ieee.org/document/8766229,Connection error: HTTP Error 418: Unknown Code
rfc8746.xml,https://www.rfc-editor.org/info/rfc2119,200
rfc8746.xml,https://www.rfc-editor.org/info/rfc7049,200
rfc8746.xml,https://www.rfc-editor.org/info/rfc8174,200
rfc8746.xml,https://www.rfc-editor.org/info/rfc8610,200
rfc8746.xml,https://developer.mozilla.org/en-US/docs/Web/JavaScript/Typed_arrays,200
rfc8746.xml,https://en.wikipedia.org/w/index.php?title=Row-_and_column-major_order&oldid=917905325,200
rfc8746.xml,https://web.archive.org/web/20110207024413/http://www.khronos.org/registry/typedarray/specs/latest/,Connection error: <urlopen error [Errno 110] Connection timed out>
rfc9338.xml,https://datatracker.ietf.org/doc/draft-ietf-cose-countersign-10,200
rfc9338.xml,https://dx.doi.org/10.17487/rfc9338,200
rfc9338.xml,https://www.rfc-editor.org/info/rfc9338,200
rfc9338.xml,https://trustee.ietf.org/license-info,200
rfc9338.xml,https://www.rfc-editor.org/info/rfc2119,200
rfc9338.xml,https://www.rfc-editor.org/info/rfc2119,200
rfc9338.xml,https://www.rfc-editor.org/info/rfc8174,200
rfc9338.xml,https://www.rfc-editor.org/info/rfc8174,200
rfc9338.xml,https://www.rfc-editor.org/info/rfc9052,200
rfc9338.xml,https://www.rfc-editor.org/info/rfc9052,200
rfc9338.xml,https://github.com/cabo/cbor-diag,200
rfc9338.xml,https://datatracker.ietf.org/doc/html/draft-ietf-core-oscore-groupcomm-16,200
rfc9338.xml,https://www.rfc-editor.org/info/rfc4998,200
rfc9338.xml,https://www.rfc-editor.org/info/rfc4998,200
rfc9338.xml,https://www.rfc-editor.org/info/rfc7252,200
rfc9338.xml,https://www.rfc-editor.org/info/rfc7252,200
rfc9338.xml,https://www.rfc-editor.org/info/rfc8152,200
rfc9338.xml,https://www.rfc-editor.org/info/rfc8152,200
rfc9338.xml,https://www.rfc-editor.org/info/rfc8610,200
rfc9338.xml,https://www.rfc-editor.org/info/rfc8610,200
rfc9338.xml,https://www.rfc-editor.org/info/rfc8613,200
rfc9338.xml,https://www.rfc-editor.org/info/rfc8613,200
rfc9338.xml,https://www.rfc-editor.org/info/rfc8949,200
rfc9338.xml,https://www.rfc-editor.org/info/rfc8949,200
rfc9338.xml,https://www.rfc-editor.org/info/std90,200
rfc9338.xml,https://www.rfc-editor.org/info/rfc8259,200
rfc9338.xml,https://www.rfc-editor.org/info/rfc8259,200
rfc8701.xml,https://datatracker.ietf.org/doc/draft-ietf-tls-grease-04,200
rfc8701.xml,https://dx.doi.org/10.17487/rfc8701,200
rfc8701.xml,https://www.rfc-editor.org/info/rfc8701,200
rfc8701.xml,https://trustee.ietf.org/license-info,200
rfc8701.xml,https://www.iana.org/assignments/tls-parameters,200
rfc8701.xml,https://www.iana.org/assignments/tls-parameters,200
rfc8701.xml,https://www.iana.org/assignments/tls-extensiontype-values,200
rfc8701.xml,https://www.iana.org/assignments/tls-extensiontype-values,200
rfc8701.xml,https://www.rfc-editor.org/info/rfc2119,200
rfc8701.xml,https://www.rfc-editor.org/info/rfc5246,200
rfc8701.xml,https://www.rfc-editor.org/info/rfc6347,200
rfc8701.xml,https://www.rfc-editor.org/info/rfc7301,200
rfc8701.xml,https://www.rfc-editor.org/info/rfc8174,200
rfc8701.xml,https://www.rfc-editor.org/info/rfc8446,200
rfc8794.xml,https://datatracker.ietf.org/doc/draft-ietf-cellar-ebml-20,200
rfc8794.xml,https://dx.doi.org/10.17487/rfc8794,200
rfc8794.xml,https://www.rfc-editor.org/info/rfc8794,200
rfc8794.xml,https://trustee.ietf.org/license-info,200
rfc8794.xml,https://standards.ieee.org/standard/754-2019.html,Connection error: HTTP Error 403: Forbidden
rfc8794.xml,https://www.iso.org/standard/8558.html,200
rfc8794.xml,https://www.iso.org/standard/57853.html,200
rfc8794.xml,https://www.itu.int/rec/T-REC-V.42,200
rfc8794.xml,https://www.rfc-editor.org/info/rfc20,200
rfc8794.xml,https://www.rfc-editor.org/info/rfc2119,200
rfc8794.xml,https://www.rfc-editor.org/info/rfc2648,200
rfc8794.xml,https://www.rfc-editor.org/info/rfc3339,200
rfc8794.xml,https://www.rfc-editor.org/info/rfc3629,200
rfc8794.xml,https://www.rfc-editor.org/info/rfc3688,200
rfc8794.xml,https://www.rfc-editor.org/info/rfc5234,200
rfc8794.xml,https://www.rfc-editor.org/info/rfc5646,200
rfc8794.xml,https://www.rfc-editor.org/info/rfc7405,200
rfc8794.xml,https://www.rfc-editor.org/info/rfc8126,200
rfc8794.xml,https://www.rfc-editor.org/info/rfc8141,200
rfc8794.xml,https://www.rfc-editor.org/info/rfc8174,200
rfc8794.xml,https://www.w3.org/TR/2018/SPSD-xhtml-basic-20180327/,200
rfc8794.xml,https://www.w3.org/TR/2008/REC-xml-20081126/,200
rfc8794.xml,https://www.w3.org/TR/2004/REC-xmlschema-0-20041028/,200
rfc8794.xml,https://tools.ietf.org/html/draft-ietf-cellar-matroska-05,200
rfc8794.xml,http://www.ietf.org/internet-drafts/draft-ietf-cellar-matroska-05.txt,Connection error: HTTP Error 404: Not Found
rfc8794.xml,https://www.webmproject.org/docs/container/,200
rfc8794.xml,https://www.w3.org/TR/1999/REC-xpath-19991116,200
rfc9573.xml,https://datatracker.ietf.org/doc/draft-ietf-bess-mvpn-evpn-aggregation-label-14,200
rfc9573.xml,https://dx.doi.org/10.17487/rfc9573,200
rfc9573.xml,https://www.rfc-editor.org/info/rfc9573,200
rfc9573.xml,https://trustee.ietf.org/license-info,200
rfc9573.xml,https://www.rfc-editor.org/info/rfc2119,200
rfc9573.xml,https://www.rfc-editor.org/info/rfc4360,200
rfc9573.xml,https://www.rfc-editor.org/info/rfc6513,200
rfc9573.xml,https://www.rfc-editor.org/info/rfc6514,200
rfc9573.xml,https://www.rfc-editor.org/info/rfc7432,200
rfc9573.xml,https://www.rfc-editor.org/info/rfc7524,200
rfc9573.xml,https://www.rfc-editor.org/info/rfc7582,200
rfc9573.xml,https://www.rfc-editor.org/info/rfc7902,200
rfc9573.xml,https://www.rfc-editor.org/info/rfc8174,200
rfc9573.xml,https://datatracker.ietf.org/doc/html/draft-ietf-bier-evpn-14,200
rfc9573.xml,https://www.rfc-editor.org/info/rfc4364,200
rfc9573.xml,https://www.rfc-editor.org/info/rfc5331,200
rfc9573.xml,https://www.rfc-editor.org/info/rfc8126,200
rfc9573.xml,https://www.rfc-editor.org/info/rfc8279,200
rfc9573.xml,https://www.rfc-editor.org/info/rfc8402,200
rfc9573.xml,https://www.rfc-editor.org/info/rfc8556,200
rfc9573.xml,https://www.rfc-editor.org/info/rfc8660,200
rfc9573.xml,https://www.rfc-editor.org/info/rfc9572,200
rfc9081.xml,https://datatracker.ietf.org/doc/draft-ietf-bess-mvpn-msdp-sa-interoperation-08,200
rfc9081.xml,https://dx.doi.org/10.17487/rfc9081,200
rfc9081.xml,https://www.rfc-editor.org/info/rfc9081,200
rfc9081.xml,https://trustee.ietf.org/license-info,200
rfc9081.xml,https://www.rfc-editor.org/info/rfc2119,200
rfc9081.xml,https://www.rfc-editor.org/info/rfc3618,200
rfc9081.xml,https://www.rfc-editor.org/info/rfc6514,200
rfc9081.xml,https://www.rfc-editor.org/info/rfc8174,200
rfc9081.xml,https://www.rfc-editor.org/info/rfc2764,200
rfc9081.xml,https://www.rfc-editor.org/info/rfc6513,200
rfc9081.xml,https://www.rfc-editor.org/info/rfc7716,200
rfc9529.xml,https://datatracker.ietf.org/doc/draft-ietf-lake-traces-09,200
rfc9529.xml,https://dx.doi.org/10.17487/rfc9529,200
rfc9529.xml,https://www.rfc-editor.org/info/rfc9529,200
rfc9529.xml,https://trustee.ietf.org/license-info,200
rfc9529.xml,https://www.rfc-editor.org/info/rfc2119,200
rfc9529.xml,https://www.rfc-editor.org/info/rfc8174,200
rfc9529.xml,https://www.rfc-editor.org/rfc/rfc9528,200
rfc9529.xml,https://cbor.me/,200
rfc9529.xml,https://www.rfc-editor.org/info/rfc7748,200
rfc9529.xml,https://www.rfc-editor.org/info/rfc8032,200
rfc9529.xml,https://www.rfc-editor.org/info/rfc8392,200
rfc9529.xml,https://www.rfc-editor.org/info/rfc8949,200
rfc9529.xml,https://www.rfc-editor.org/info/rfc9053,200
rfc9529.xml,https://doi.org/10.6028/NIST.SP.800-186,200
rfc9529.xml,https://doi.org/10.6028/NIST.SP.800-56Ar3,200
rfc9433.xml,https://datatracker.ietf.org/doc/draft-ietf-dmm-srv6-mobile-uplane-24,200
rfc9433.xml,https://dx.doi.org/10.17487/rfc9433,200
rfc9433.xml,https://www.rfc-editor.org/info/rfc9433,200
rfc9433.xml,https://trustee.ietf.org/license-info,200
rfc9433.xml,https://www.rfc-editor.org/info/rfc2119,200
rfc9433.xml,https://www.rfc-editor.org/info/rfc8174,200
rfc9433.xml,https://www.rfc-editor.org/info/rfc8402,200
rfc9433.xml,https://www.rfc-editor.org/info/rfc8754,200
rfc9433.xml,https://www.rfc-editor.org/info/rfc8986,200
rfc9433.xml,https://www.rfc-editor.org/info/rfc9256,200
rfc9433.xml,https://datatracker.ietf.org/doc/html/draft-gundavelli-dmm-mfa-01,200
rfc9433.xml,https://datatracker.ietf.org/doc/html/draft-mhkk-dmm-srv6mup-architecture-05,200
rfc9433.xml,https://datatracker.ietf.org/doc/html/draft-ali-teas-spring-ns-building-blocks-03,200
rfc9433.xml,https://www.rfc-editor.org/info/rfc9087,200
rfc9433.xml,https://www.rfc-editor.org/info/rfc9350,200
rfc9433.xml,https://datatracker.ietf.org/doc/html/draft-ietf-spring-sr-service-programming-07,200
rfc9433.xml,https://datatracker.ietf.org/doc/html/draft-matsushima-spring-srv6-deployment-status-15,200
rfc9433.xml,https://datatracker.ietf.org/doc/html/draft-kohno-dmm-srv6mob-arch-06,200
rfc9433.xml,https://datatracker.ietf.org/doc/html/draft-camarilloelmalky-springdmm-srv6-mob-usecases-02,200
rfc9433.xml,https://datatracker.ietf.org/doc/html/draft-ietf-spring-srv6-srh-compression-05,200
rfc9433.xml,https://datatracker.ietf.org/doc/html/draft-murakami-dmm-user-plane-message-encoding-05,200
rfc9007.xml,https://datatracker.ietf.org/doc/draft-ietf-jmap-mdn-17,200
rfc9007.xml,https://dx.doi.org/10.17487/rfc9007,200
rfc9007.xml,https://www.rfc-editor.org/info/rfc9007,200
rfc9007.xml,https://trustee.ietf.org/license-info,200
rfc9007.xml,https://www.rfc-editor.org/info/rfc2119,200
rfc9007.xml,https://www.rfc-editor.org/info/rfc3503,200
rfc9007.xml,https://www.rfc-editor.org/info/rfc5322,200
rfc9007.xml,https://www.rfc-editor.org/info/rfc8098,200
rfc9007.xml,https://www.rfc-editor.org/info/rfc8174,200
rfc9007.xml,https://www.rfc-editor.org/info/rfc8620,200
rfc9007.xml,https://www.rfc-editor.org/info/rfc8621,200
rfc8694.xml,https://datatracker.ietf.org/doc/draft-ietf-pce-inter-area-as-applicability-08,200
rfc8694.xml,https://dx.doi.org/10.17487/rfc8694,200
rfc8694.xml,https://www.rfc-editor.org/info/rfc8694,200
rfc8694.xml,https://trustee.ietf.org/license-info,200
rfc8694.xml,https://www.rfc-editor.org/info/rfc3209,200
rfc8694.xml,https://www.rfc-editor.org/info/rfc3473,200
rfc8694.xml,https://www.rfc-editor.org/info/rfc4216,200
rfc8694.xml,https://www.rfc-editor.org/info/rfc4655,200
rfc8694.xml,https://www.rfc-editor.org/info/rfc4726,200
rfc8694.xml,https://www.rfc-editor.org/info/rfc5152,200
rfc8694.xml,https://www.rfc-editor.org/info/rfc5440,200
rfc8694.xml,https://www.rfc-editor.org/info/rfc5441,200
rfc8694.xml,https://www.rfc-editor.org/info/rfc5520,200
rfc8694.xml,https://www.rfc-editor.org/info/rfc5541,200
rfc8694.xml,https://www.rfc-editor.org/info/rfc6805,200
rfc8694.xml,https://www.rfc-editor.org/info/rfc3060,200
rfc8694.xml,https://www.rfc-editor.org/info/rfc3460,200
rfc8694.xml,https://www.rfc-editor.org/info/rfc3630,200
rfc8694.xml,https://www.rfc-editor.org/info/rfc4090,200
rfc8694.xml,https://www.rfc-editor.org/info/rfc4203,200
rfc8694.xml,https://www.rfc-editor.org/info/rfc4920,200
rfc8694.xml,https://www.rfc-editor.org/info/rfc5088,200
rfc8694.xml,https://www.rfc-editor.org/info/rfc5089,200
rfc8694.xml,https://www.rfc-editor.org/info/rfc5305,200
rfc8694.xml,https://www.rfc-editor.org/info/rfc5307,200
rfc8694.xml,https://www.rfc-editor.org/info/rfc5316,200
rfc8694.xml,https://www.rfc-editor.org/info/rfc5392,200
rfc8694.xml,https://www.rfc-editor.org/info/rfc5394,200
rfc8694.xml,https://www.rfc-editor.org/info/rfc5521,200
rfc8694.xml,https://www.rfc-editor.org/info/rfc5886,200
rfc8694.xml,https://www.rfc-editor.org/info/rfc6007,200
rfc8694.xml,https://www.rfc-editor.org/info/rfc6952,200
rfc8694.xml,https://www.rfc-editor.org/info/rfc7334,200
rfc8694.xml,https://www.rfc-editor.org/info/rfc7420,200
rfc8694.xml,https://www.rfc-editor.org/info/rfc7525,200
rfc8694.xml,https://www.rfc-editor.org/info/rfc7752,200
rfc8694.xml,https://www.rfc-editor.org/info/rfc7897,200
rfc8694.xml,https://www.rfc-editor.org/info/rfc8253,200
rfc8694.xml,https://www.rfc-editor.org/info/rfc8453,200
rfc8694.xml,https://tools.ietf.org/html/draft-ietf-pce-pcep-yang-13,200
rfc8694.xml,http://www.ietf.org/internet-drafts/draft-ietf-pce-pcep-yang-13.txt,Connection error: HTTP Error 404: Not Found
rfc9594.xml,https://datatracker.ietf.org/doc/draft-ietf-ace-key-groupcomm-18,200
rfc9594.xml,https://dx.doi.org/10.17487/rfc9594,200
rfc9594.xml,https://www.rfc-editor.org/info/rfc9594,200
rfc9594.xml,https://trustee.ietf.org/license-info,200
rfc9594.xml,https://www.iana.org/assignments/cbor-tags/,200
rfc9594.xml,https://www.iana.org/assignments/core-parameters/,200
rfc9594.xml,https://www.iana.org/assignments/cose/,200
rfc9594.xml,https://www.iana.org/assignments/cose/,200
rfc9594.xml,https://www.iana.org/assignments/cose/,200
rfc9594.xml,https://www.rfc-editor.org/info/rfc2119,200
rfc9594.xml,https://www.rfc-editor.org/info/rfc3629,200
rfc9594.xml,https://www.rfc-editor.org/info/rfc6690,200
rfc9594.xml,https://www.rfc-editor.org/info/rfc6749,200
rfc9594.xml,https://www.rfc-editor.org/info/rfc6838,200
rfc9594.xml,https://www.rfc-editor.org/info/rfc7252,200
rfc9594.xml,https://www.rfc-editor.org/info/rfc7967,200
rfc9594.xml,https://www.rfc-editor.org/info/rfc8126,200
rfc9594.xml,https://www.rfc-editor.org/info/rfc8174,200
rfc9594.xml,https://www.rfc-editor.org/info/rfc8610,200
rfc9594.xml,https://www.rfc-editor.org/info/rfc8747,200
rfc9594.xml,https://www.rfc-editor.org/info/rfc8949,200
rfc9594.xml,https://www.rfc-editor.org/info/rfc9052,200
rfc9594.xml,https://www.rfc-editor.org/info/rfc9053,200
rfc9594.xml,https://www.rfc-editor.org/info/rfc9200,200
rfc9594.xml,https://www.rfc-editor.org/info/rfc9237,200
rfc9594.xml,https://www.rfc-editor.org/info/rfc9290,200
rfc9594.xml,https://www.rfc-editor.org/info/rfc9338,200
rfc9594.xml,https://datatracker.ietf.org/doc/html/draft-ietf-cose-cbor-encoded-cert-11,200
rfc9594.xml,https://datatracker.ietf.org/doc/html/draft-ietf-core-coap-pubsub-14,200
rfc9594.xml,https://datatracker.ietf.org/doc/html/draft-ietf-core-groupcomm-bis-11,200
rfc9594.xml,https://datatracker.ietf.org/doc/html/draft-ietf-core-oscore-groupcomm-22,200
rfc9594.xml,https://datatracker.ietf.org/doc/html/draft-tiloca-core-oscore-discovery-16,200
rfc9594.xml,https://www.rfc-editor.org/info/rfc2093,200
rfc9594.xml,https://www.rfc-editor.org/info/rfc2094,200
rfc9594.xml,https://www.rfc-editor.org/info/rfc2627,200
rfc9594.xml,https://www.rfc-editor.org/info/rfc3986,200
rfc9594.xml,https://www.rfc-editor.org/info/rfc5280,200
rfc9594.xml,https://www.rfc-editor.org/info/rfc7519,200
rfc9594.xml,https://www.rfc-editor.org/info/rfc7641,200
rfc9594.xml,https://www.rfc-editor.org/info/rfc7959,200
rfc9594.xml,https://www.rfc-editor.org/info/rfc8259,200
rfc9594.xml,https://www.rfc-editor.org/info/rfc8392,200
rfc9594.xml,https://www.rfc-editor.org/info/rfc8613,200
rfc9594.xml,https://www.rfc-editor.org/info/rfc9202,200
rfc9594.xml,https://www.rfc-editor.org/info/rfc9203,200
rfc9594.xml,https://www.rfc-editor.org/info/rfc9277,200
rfc9594.xml,https://www.rfc-editor.org/info/rfc9431,200
rfc8683.xml,https://datatracker.ietf.org/doc/draft-ietf-v6ops-nat64-deployment-08,200
rfc8683.xml,https://dx.doi.org/10.17487/rfc8683,200
rfc8683.xml,https://www.rfc-editor.org/info/rfc8683,200
rfc8683.xml,https://trustee.ietf.org/license-info,200
rfc8683.xml,https://www.rfc-editor.org/info/rfc1918,200
rfc8683.xml,https://www.rfc-editor.org/info/rfc2119,200
rfc8683.xml,https://www.rfc-editor.org/info/rfc5389,200
rfc8683.xml,https://www.rfc-editor.org/info/rfc5625,200
rfc8683.xml,https://www.rfc-editor.org/info/rfc5766,200
rfc8683.xml,https://www.rfc-editor.org/info/rfc6052,200
rfc8683.xml,https://www.rfc-editor.org/info/rfc6144,200
rfc8683.xml,https://www.rfc-editor.org/info/rfc6146,200
rfc8683.xml,https://www.rfc-editor.org/info/rfc6147,200
rfc8683.xml,https://www.rfc-editor.org/info/rfc6535,200
rfc8683.xml,https://www.rfc-editor.org/info/rfc6877,200
rfc8683.xml,https://www.rfc-editor.org/info/rfc6887,200
rfc8683.xml,https://www.rfc-editor.org/info/rfc7050,200
rfc8683.xml,https://www.rfc-editor.org/info/rfc7225,200
rfc8683.xml,https://www.rfc-editor.org/info/rfc7757,200
rfc8683.xml,https://www.rfc-editor.org/info/rfc7915,200
rfc8683.xml,https://www.rfc-editor.org/info/rfc8174,200
rfc8683.xml,https://www.rfc-editor.org/info/rfc8273,200
rfc8683.xml,https://www.rfc-editor.org/info/rfc8305,200
rfc8683.xml,https://www.rfc-editor.org/info/rfc8375,200
rfc8683.xml,https://www.rfc-editor.org/info/rfc8415,200
rfc8683.xml,https://www.rfc-editor.org/info/rfc8445,200
rfc8683.xml,https://www.rfc-editor.org/info/rfc8484,200
rfc8683.xml,https://blog.apnic.net/2016/06/09/lets-talk-ipv6-dns64-dnssec/,Connection error: HTTP Error 403: Forbidden
rfc8683.xml,https://www.arcep.fr/cartes-et-donnees/nos-publications-chiffrees/service-client-des-operateurs-mesures-de-la-qualite-de-service/service-client-des-operateurs-les-mesures-de-qualite-de-service.html,200
rfc8683.xml,https://tools.ietf.org/html/draft-li-intarea-nat64-prefix-dhcp-option-02,200
rfc8683.xml,http://www.ietf.org/internet-drafts/draft-li-intarea-nat64-prefix-dhcp-option-02.txt,Connection error: HTTP Error 404: Not Found
rfc8683.xml,https://tools.ietf.org/html/draft-bp-v6ops-ipv6-ready-dns-dnssec-00,200
rfc8683.xml,http://www.ietf.org/internet-drafts/draft-bp-v6ops-ipv6-ready-dns-dnssec-00.txt,Connection error: HTTP Error 404: Not Found
rfc8683.xml,https://tools.ietf.org/html/draft-vixie-dnsop-dns-rpz-00,200
rfc8683.xml,http://www.ietf.org/internet-drafts/draft-vixie-dnsop-dns-rpz-00.txt,Connection error: HTTP Error 404: Not Found
rfc8683.xml,https://www.sciencedirect.com/science/article/pii/S0140366418302184?via%3Dihub,Connection error: HTTP Error 403: Forbidden
rfc8683.xml,https://www.sciencedirect.com/science/article/pii/S0140366416305904?via%3Dihub,Connection error: HTTP Error 403: Forbidden
rfc8683.xml,https://www.fcc.gov/reports-research/reports/measuring-broadband-america/measuring-broadband-america-mobile-2013-2018,200
rfc8683.xml,https://tools.ietf.org/html/draft-cheshire-sudn-ipv4only-dot-arpa-14,200
rfc8683.xml,http://www.ietf.org/internet-drafts/draft-cheshire-sudn-ipv4only-dot-arpa-14.txt,Connection error: HTTP Error 404: Not Found
rfc8683.xml,https://tools.ietf.org/html/draft-lmhp-v6ops-transition-comparison-03,200
rfc8683.xml,http://www.ietf.org/internet-drafts/draft-lmhp-v6ops-transition-comparison-03.txt,Connection error: HTTP Error 404: Not Found
rfc8683.xml,https://www.internetsociety.org/resources/2018/state-of-ipv6-deployment-2018/,Connection error: HTTP Error 403: Forbidden
rfc8683.xml,https://tools.ietf.org/html/draft-palet-v6ops-464xlat-opt-cdn-caches-03,200
rfc8683.xml,http://www.ietf.org/internet-drafts/draft-palet-v6ops-464xlat-opt-cdn-caches-03.txt,Connection error: HTTP Error 404: Not Found
rfc8683.xml,https://tools.ietf.org/html/draft-ietf-6man-ra-pref64-06,200
rfc8683.xml,http://www.ietf.org/internet-drafts/draft-ietf-6man-ra-pref64-06.txt,Connection error: HTTP Error 404: Not Found
rfc8683.xml,https://tools.ietf.org/html/draft-huitema-quic-dnsoquic-07,200
rfc8683.xml,http://www.ietf.org/internet-drafts/draft-huitema-quic-dnsoquic-07.txt,Connection error: HTTP Error 404: Not Found
rfc8683.xml,https://www.rfc-editor.org/info/rfc6889,200
rfc8683.xml,https://www.rfc-editor.org/info/rfc6950,200
rfc8683.xml,https://www.rfc-editor.org/info/rfc7051,200
rfc8683.xml,https://www.rfc-editor.org/info/rfc7269,200
rfc8683.xml,https://www.rfc-editor.org/info/rfc7755,200
rfc8683.xml,https://www.rfc-editor.org/info/rfc7756,200
rfc8683.xml,https://www.rfc-editor.org/info/rfc7849,200
rfc8683.xml,https://www.rfc-editor.org/info/rfc7858,200
rfc8683.xml,https://www.rfc-editor.org/info/rfc8094,200
rfc8683.xml,https://www.rfc-editor.org/info/rfc8219,200
rfc8683.xml,https://www.rfc-editor.org/info/rfc8585,200
rfc8683.xml,https://www.ripe.net/publications/docs/ripe-690,200
rfc8683.xml,https://www.sciencedirect.com/science/article/pii/S0167404818303663?via%3Dihub,Connection error: HTTP Error 403: Forbidden
rfc8683.xml,https://github.com/ddrown/android_external_android-clat,200
rfc8683.xml,https://www.jool.mx,200
rfc8683.xml,https://github.com/toreanderson/clatd,200
rfc8683.xml,https://git.openwrt.org/?p=openwrt%2Fopenwrt.git&a=search&h=refs%2Ftags%2Fv19.07.0-rc1&st=commit&s=464xlat,200
rfc8683.xml,https://git.fd.io/vpp/tree/src/plugins/nat,200
rfc9619.xml,https://datatracker.ietf.org/doc/draft-ietf-dnsop-qdcount-is-one-04,200
rfc9619.xml,https://dx.doi.org/10.17487/rfc9619,200
rfc9619.xml,https://www.rfc-editor.org/info/rfc9619,200
rfc9619.xml,https://trustee.ietf.org/license-info,200
rfc9619.xml,https://www.rfc-editor.org/info/rfc1034,200
rfc9619.xml,https://www.rfc-editor.org/info/rfc1035,200
rfc9619.xml,https://www.rfc-editor.org/info/rfc2119,200
rfc9619.xml,https://www.rfc-editor.org/info/rfc3425,200
rfc9619.xml,https://www.rfc-editor.org/info/rfc8174,200
rfc9619.xml,https://www.rfc-editor.org/info/rfc1996,200
rfc9619.xml,https://www.rfc-editor.org/info/rfc2136,200
rfc9619.xml,https://www.rfc-editor.org/info/rfc5936,200
rfc9619.xml,https://www.rfc-editor.org/info/rfc7873,200
rfc9619.xml,https://www.rfc-editor.org/info/rfc8490,200
rfc9619.xml,https://www.rfc-editor.org/info/rfc8906,200
rfc9125.xml,https://datatracker.ietf.org/doc/draft-ietf-bess-datacenter-gateway-13,200
rfc9125.xml,https://dx.doi.org/10.17487/rfc9125,200
rfc9125.xml,https://www.rfc-editor.org/info/rfc9125,200
rfc9125.xml,https://trustee.ietf.org/license-info,200
rfc9125.xml,https://www.rfc-editor.org/info/rfc2119,200
rfc9125.xml,https://www.rfc-editor.org/info/rfc4271,200
rfc9125.xml,https://www.rfc-editor.org/info/rfc4360,200
rfc9125.xml,https://www.rfc-editor.org/info/rfc4760,200
rfc9125.xml,https://www.rfc-editor.org/info/rfc5925,200
rfc9125.xml,https://www.rfc-editor.org/info/rfc7752,200
rfc9125.xml,https://www.rfc-editor.org/info/rfc8174,200
rfc9125.xml,https://www.rfc-editor.org/info/rfc9012,200
rfc9125.xml,https://www.rfc-editor.org/info/rfc4272,200
rfc9125.xml,https://www.rfc-editor.org/info/rfc4364,200
rfc9125.xml,https://www.rfc-editor.org/info/rfc4684,200
rfc9125.xml,https://www.rfc-editor.org/info/rfc5291,200
rfc9125.xml,https://www.rfc-editor.org/info/rfc6952,200
rfc9125.xml,https://www.rfc-editor.org/info/rfc7911,200
rfc9125.xml,https://www.rfc-editor.org/info/rfc7926,200
rfc9125.xml,https://www.rfc-editor.org/info/rfc8126,200
rfc9125.xml,https://www.rfc-editor.org/info/rfc8402,200
rfc9125.xml,https://www.rfc-editor.org/info/rfc9085,200
rfc9125.xml,https://www.rfc-editor.org/info/rfc9086,200
rfc9125.xml,https://datatracker.ietf.org/doc/html/draft-farrel-spring-sr-domain-interconnect-06,200
rfc9125.xml,https://www.ietf.org/archive/id/draft-farrel-spring-sr-domain-interconnect-06.txt,200
rfc8836.xml,https://datatracker.ietf.org/doc/draft-ietf-rmcat-cc-requirements-09,200
rfc8836.xml,https://dx.doi.org/10.17487/rfc8836,200
rfc8836.xml,https://www.rfc-editor.org/info/rfc8836,200
rfc8836.xml,https://trustee.ietf.org/license-info,200
rfc8836.xml,https://www.rfc-editor.org/info/rfc2119,200
rfc8836.xml,https://www.rfc-editor.org/info/rfc3550,200
rfc8836.xml,https://www.rfc-editor.org/info/rfc4585,200
rfc8836.xml,https://www.rfc-editor.org/info/rfc5124,200
rfc8836.xml,https://www.rfc-editor.org/info/rfc8825,200
rfc8836.xml,https://www.iso.org/standard/79329.html,200
rfc8836.xml,https://www.rfc-editor.org/info/rfc3168,200
rfc8836.xml,https://www.rfc-editor.org/info/rfc4828,200
rfc8836.xml,https://www.rfc-editor.org/info/rfc5348,200
rfc8836.xml,https://www.rfc-editor.org/info/rfc5506,200
rfc8836.xml,https://www.rfc-editor.org/info/rfc5865,200
rfc8836.xml,https://www.rfc-editor.org/info/rfc7295,200
rfc8836.xml,https://www.rfc-editor.org/info/rfc8083,200
rfc8836.xml,https://www.rfc-editor.org/info/rfc8831,200
rfc9215.xml,https://datatracker.ietf.org/doc/draft-deremin-rfc4491-bis-11,200
rfc9215.xml,https://dx.doi.org/10.17487/rfc9215,200
rfc9215.xml,https://www.rfc-editor.org/info/rfc9215,200
rfc9215.xml,https://trustee.ietf.org/license-info,200
rfc9215.xml,https://www.rfc-editor.org/info/rfc2119,200
rfc9215.xml,https://www.rfc-editor.org/info/rfc4357,200
rfc9215.xml,https://www.rfc-editor.org/info/rfc5280,200
rfc9215.xml,https://www.rfc-editor.org/info/rfc5652,200
rfc9215.xml,https://www.rfc-editor.org/info/rfc6986,200
rfc9215.xml,https://www.rfc-editor.org/info/rfc7091,200
rfc9215.xml,https://www.rfc-editor.org/info/rfc7836,200
rfc9215.xml,https://www.rfc-editor.org/info/rfc8174,200
rfc9215.xml,https://doi.org/10.4213/mvk260,Connection error: HTTP Error 403: Forbidden
rfc8803.xml,https://datatracker.ietf.org/doc/draft-ietf-tcpm-converters-19,200
rfc8803.xml,https://dx.doi.org/10.17487/rfc8803,200
rfc8803.xml,https://www.rfc-editor.org/info/rfc8803,200
rfc8803.xml,https://trustee.ietf.org/license-info,200
rfc8803.xml,https://www.iana.org/assignments/service-names-port-numbers,200
rfc8803.xml,https://www.rfc-editor.org/info/rfc793,200
rfc8803.xml,https://www.rfc-editor.org/info/rfc2018,200
rfc8803.xml,https://www.rfc-editor.org/info/rfc2119,200
rfc8803.xml,https://www.rfc-editor.org/info/rfc2827,200
rfc8803.xml,https://www.rfc-editor.org/info/rfc4291,200
rfc8803.xml,https://www.rfc-editor.org/info/rfc4787,200
rfc8803.xml,https://www.rfc-editor.org/info/rfc4987,200
rfc8803.xml,https://www.rfc-editor.org/info/rfc5925,200
rfc8803.xml,https://www.rfc-editor.org/info/rfc6888,200
rfc8803.xml,https://www.rfc-editor.org/info/rfc6890,200
rfc8803.xml,https://www.rfc-editor.org/info/rfc7323,200
rfc8803.xml,https://www.rfc-editor.org/info/rfc7413,200
rfc8803.xml,https://www.rfc-editor.org/info/rfc8126,200
rfc8803.xml,https://www.rfc-editor.org/info/rfc8174,200
rfc8803.xml,https://www.rfc-editor.org/info/rfc8684,200
rfc8803.xml,https://tools.ietf.org/html/draft-boucadair-tcpm-dhc-converter-03,200
rfc8803.xml,http://www.ietf.org/internet-drafts/draft-boucadair-tcpm-dhc-converter-03.txt,Connection error: HTTP Error 404: Not Found
rfc8803.xml,https://inl.info.ucl.ac.be/publications/multipath-middlebox,Connection error: HTTP Error 404: Not Found
rfc8803.xml,https://www.iana.org/assignments/tcp-convert-protocol-parameters,200
rfc8803.xml,https://doi.org/10.1145/2068816.2068834,Connection error: HTTP Error 403: Forbidden
rfc8803.xml,https://tools.ietf.org/html/draft-olteanu-intarea-socks-6-10,200
rfc8803.xml,http://www.ietf.org/internet-drafts/draft-olteanu-intarea-socks-6-10.txt,Connection error: HTTP Error 404: Not Found
rfc8803.xml,https://tools.ietf.org/html/draft-arkko-arch-low-latency-02,200
rfc8803.xml,http://www.ietf.org/internet-drafts/draft-arkko-arch-low-latency-02.txt,Connection error: HTTP Error 404: Not Found
rfc8803.xml,https://tools.ietf.org/html/draft-boucadair-mptcp-plain-mode-10,200
rfc8803.xml,https://tools.ietf.org/html/draft-peirens-mptcp-transparent-00,200
rfc8803.xml,http://www.ietf.org/internet-drafts/draft-peirens-mptcp-transparent-00.txt,Connection error: HTTP Error 404: Not Found
rfc8803.xml,https://www.rfc-editor.org/info/rfc1812,200
rfc8803.xml,https://www.rfc-editor.org/info/rfc1919,200
rfc8803.xml,https://www.rfc-editor.org/info/rfc1928,200
rfc8803.xml,https://www.rfc-editor.org/info/rfc2782,200
rfc8803.xml,https://www.rfc-editor.org/info/rfc3135,200
rfc8803.xml,https://www.rfc-editor.org/info/rfc4279,200
rfc8803.xml,https://www.rfc-editor.org/info/rfc5461,200
rfc8803.xml,https://www.rfc-editor.org/info/rfc6269,200
rfc8803.xml,https://www.rfc-editor.org/info/rfc6296,200
rfc8803.xml,https://www.rfc-editor.org/info/rfc6731,200
rfc8803.xml,https://www.rfc-editor.org/info/rfc6887,200
rfc8803.xml,https://www.rfc-editor.org/info/rfc6928,200
rfc8803.xml,https://www.rfc-editor.org/info/rfc6978,200
rfc8803.xml,https://www.rfc-editor.org/info/rfc7250,200
rfc8803.xml,https://www.rfc-editor.org/info/rfc7414,200
rfc8803.xml,https://www.rfc-editor.org/info/rfc8041,200
rfc8803.xml,https://www.rfc-editor.org/info/rfc8305,200
rfc8803.xml,https://www.rfc-editor.org/info/rfc8446,200
rfc8803.xml,https://www.rfc-editor.org/info/rfc8548,200
rfc8803.xml,https://tools.ietf.org/html/draft-boucadair-opsawg-tcpm-converter-01,200
rfc8803.xml,http://www.ietf.org/internet-drafts/draft-boucadair-opsawg-tcpm-converter-01.txt,Connection error: HTTP Error 404: Not Found
rfc8803.xml,https://www.3gpp.org/ftp/Specs/archive/23_series/23.501/,200
rfc9448.xml,https://datatracker.ietf.org/doc/draft-ietf-acme-authority-token-tnauthlist-13,200
rfc9448.xml,https://dx.doi.org/10.17487/rfc9448,200
rfc9448.xml,https://www.rfc-editor.org/info/rfc9448,200
rfc9448.xml,https://trustee.ietf.org/license-info,200
rfc9448.xml,https://www.rfc-editor.org/info/rfc2119,200
rfc9448.xml,https://www.rfc-editor.org/info/rfc4648,200
rfc9448.xml,https://www.rfc-editor.org/info/rfc7515,200
rfc9448.xml,https://www.rfc-editor.org/info/rfc7519,200
rfc9448.xml,https://www.rfc-editor.org/info/rfc8174,200
rfc9448.xml,https://www.rfc-editor.org/info/rfc8226,200
rfc9448.xml,https://www.rfc-editor.org/info/rfc8555,200
rfc9448.xml,https://www.rfc-editor.org/info/rfc8725,200
rfc9448.xml,https://www.rfc-editor.org/info/rfc9060,200
rfc9448.xml,https://www.rfc-editor.org/info/rfc9110,200
rfc9448.xml,https://www.rfc-editor.org/info/rfc9447,200
rfc9448.xml,https://access.atis.org/apps/group_public/download.php/69428/ATIS-1000080.v005.pdf,200
rfc9448.xml,https://www.rfc-editor.org/info/rfc7340,200
rfc9448.xml,https://www.rfc-editor.org/info/rfc8224,200
rfc9448.xml,https://www.rfc-editor.org/info/rfc8225,200
rfc8730.xml,https://datatracker.ietf.org/doc/draft-ietf-iasa2-rfc6548bis-02,200
rfc8730.xml,https://dx.doi.org/10.17487/rfc8730,200
rfc8730.xml,https://www.rfc-editor.org/info/rfc8730,200
rfc8730.xml,https://trustee.ietf.org/license-info,200
rfc8730.xml,https://www.rfc-editor.org/info/rfc4846,200
rfc8730.xml,https://www.rfc-editor.org/info/rfc6548,200
rfc8730.xml,https://www.rfc-editor.org/info/rfc8711,200
rfc8730.xml,https://www.rfc-editor.org/info/rfc8728,200
rfc8730.xml,https://www.rfc-editor.org/info/rfc8729,200
rfc8730.xml,https://www.rfc-editor.org/info/rfc5620,200
rfc8730.xml,https://www.rfc-editor.org/info/rfc6635,200
rfc9428.xml,https://datatracker.ietf.org/doc/draft-ietf-6lo-nfc-22,200
rfc9428.xml,https://dx.doi.org/10.17487/rfc9428,200
rfc9428.xml,https://www.rfc-editor.org/info/rfc9428,200
rfc9428.xml,https://trustee.ietf.org/license-info,200
rfc9428.xml,https://nfc-forum.org/build/specifications,200
rfc9428.xml,https://nfc-forum.org/build/specifications,200
rfc9428.xml,https://www.rfc-editor.org/info/rfc2119,200
rfc9428.xml,https://www.rfc-editor.org/info/rfc4086,200
rfc9428.xml,https://www.rfc-editor.org/info/rfc4861,200
rfc9428.xml,https://www.rfc-editor.org/info/rfc4862,200
rfc9428.xml,https://www.rfc-editor.org/info/rfc4919,200
rfc9428.xml,https://www.rfc-editor.org/info/rfc4944,200
rfc9428.xml,https://www.rfc-editor.org/info/rfc6282,200
rfc9428.xml,https://www.rfc-editor.org/info/rfc6775,200
rfc9428.xml,https://www.rfc-editor.org/info/rfc7136,200
rfc9428.xml,https://www.rfc-editor.org/info/rfc7217,200
rfc9428.xml,https://www.rfc-editor.org/info/rfc7400,200
rfc9428.xml,https://www.rfc-editor.org/info/rfc8025,200
rfc9428.xml,https://www.rfc-editor.org/info/rfc8174,200
rfc9428.xml,https://www.rfc-editor.org/info/rfc8200,200
rfc9428.xml,https://www.rfc-editor.org/info/rfc8505,200
rfc9428.xml,https://www.ecma-international.org/wp-content/uploads/ECMA-340_3rd_edition_june_2013.pdf,200
rfc9428.xml,https://www.iana.org/assignments/_6lowpan-parameters,200
rfc9428.xml,https://ieeexplore.ieee.org/document/9144691,Connection error: HTTP Error 418: Unknown Code
rfc9428.xml,https://www.rfc-editor.org/info/rfc3756,200
rfc9305.xml,https://datatracker.ietf.org/doc/draft-ietf-lisp-gpe-19,200
rfc9305.xml,https://dx.doi.org/10.17487/rfc9305,200
rfc9305.xml,https://www.rfc-editor.org/info/rfc9305,200
rfc9305.xml,https://trustee.ietf.org/license-info,200
rfc9305.xml,https://ieeexplore.ieee.org/document/6991462,Connection error: HTTP Error 418: Unknown Code
rfc9305.xml,https://www.rfc-editor.org/info/rfc2119,200
rfc9305.xml,https://www.rfc-editor.org/info/rfc6040,200
rfc9305.xml,https://www.rfc-editor.org/info/rfc8174,200
rfc9305.xml,https://www.rfc-editor.org/info/rfc9300,200
rfc9305.xml,https://datatracker.ietf.org/doc/html/draft-ietf-tsvwg-ecn-encap-guidelines-17,200
rfc9305.xml,https://www.ietf.org/archive/id/draft-ietf-tsvwg-ecn-encap-guidelines-17.txt,200
rfc9305.xml,https://www.rfc-editor.org/info/rfc2003,200
rfc9305.xml,https://www.rfc-editor.org/info/rfc2474,200
rfc9305.xml,https://www.rfc-editor.org/info/rfc2983,200
rfc9305.xml,https://www.rfc-editor.org/info/rfc3168,200
rfc9305.xml,https://www.rfc-editor.org/info/rfc3692,200
rfc9305.xml,https://www.rfc-editor.org/info/rfc6935,200
rfc9305.xml,https://www.rfc-editor.org/info/rfc6936,200
rfc9305.xml,https://www.rfc-editor.org/info/rfc7348,200
rfc9305.xml,https://www.rfc-editor.org/info/rfc7835,200
rfc9305.xml,https://www.rfc-editor.org/info/rfc8085,200
rfc9305.xml,https://www.rfc-editor.org/info/rfc8086,200
rfc9305.xml,https://www.rfc-editor.org/info/rfc8126,200
rfc9305.xml,https://www.rfc-editor.org/info/rfc8200,200
rfc9305.xml,https://www.rfc-editor.org/info/rfc8300,200
rfc9305.xml,https://datatracker.ietf.org/doc/html/draft-brockners-ippm-ioam-vxlan-gpe-03,200
rfc9305.xml,https://datatracker.ietf.org/doc/html/draft-lemon-vxlan-lisp-gpe-gbp-02,200
rfc9024.xml,https://datatracker.ietf.org/doc/draft-ietf-detnet-tsn-vpn-over-mpls-07,200
rfc9024.xml,https://dx.doi.org/10.17487/rfc9024,200
rfc9024.xml,https://www.rfc-editor.org/info/rfc9024,200
rfc9024.xml,https://trustee.ietf.org/license-info,200
rfc9024.xml,https://ieeexplore.ieee.org/document/8091139,Connection error: HTTP Error 418: Unknown Code
rfc9024.xml,https://1.ieee802.org/tsn/802-1cbdb,Connection error: HTTP Error 403: Forbidden
rfc9024.xml,https://www.rfc-editor.org/info/rfc2119,200
rfc9024.xml,https://www.rfc-editor.org/info/rfc3031,200
rfc9024.xml,https://www.rfc-editor.org/info/rfc8174,200
rfc9024.xml,https://www.rfc-editor.org/info/rfc8655,200
rfc9024.xml,https://www.rfc-editor.org/info/rfc8938,200
rfc9024.xml,https://www.rfc-editor.org/info/rfc8964,200
rfc9024.xml,https://tools.ietf.org/html/draft-ietf-detnet-security-16,200
rfc9024.xml,http://www.ietf.org/internet-drafts/draft-ietf-detnet-security.txt,Connection error: HTTP Error 404: Not Found
rfc9024.xml,https://ieeexplore.ieee.org/document/8403927,Connection error: HTTP Error 418: Unknown Code
rfc9024.xml,https://www.rfc-editor.org/info/rfc3985,200
rfc9246.xml,https://datatracker.ietf.org/doc/draft-ietf-cdni-uri-signing-26,200
rfc9246.xml,https://dx.doi.org/10.17487/rfc9246,200
rfc9246.xml,https://www.rfc-editor.org/info/rfc9246,200
rfc9246.xml,https://trustee.ietf.org/license-info,200
rfc9246.xml,https://pubs.opengroup.org/onlinepubs/9699919799/,200
rfc9246.xml,https://www.rfc-editor.org/info/rfc791,200
rfc9246.xml,https://www.rfc-editor.org/info/rfc2119,200
rfc9246.xml,https://www.rfc-editor.org/info/rfc3986,200
rfc9246.xml,https://www.rfc-editor.org/info/rfc5905,200
rfc9246.xml,https://www.rfc-editor.org/info/rfc5952,200
rfc9246.xml,https://www.rfc-editor.org/info/rfc6265,200
rfc9246.xml,https://www.rfc-editor.org/info/rfc6570,200
rfc9246.xml,https://www.rfc-editor.org/info/rfc6707,200
rfc9246.xml,https://www.rfc-editor.org/info/rfc6920,200
rfc9246.xml,https://www.rfc-editor.org/info/rfc7230,200
rfc9246.xml,https://www.rfc-editor.org/info/rfc7516,200
rfc9246.xml,https://www.rfc-editor.org/info/rfc7519,200
rfc9246.xml,https://www.rfc-editor.org/info/rfc7937,200
rfc9246.xml,https://www.rfc-editor.org/info/rfc8006,200
rfc9246.xml,https://www.rfc-editor.org/info/rfc8126,200
rfc9246.xml,https://www.rfc-editor.org/info/rfc8174,200
rfc9246.xml,https://www.rfc-editor.org/info/rfc8259,200
rfc9246.xml,https://www.iana.org/assignments/jwt,200
rfc9246.xml,https://www.iso.org/standard/79329.html,200
rfc9246.xml,https://www.rfc-editor.org/info/rfc6983,200
rfc9246.xml,https://www.rfc-editor.org/info/rfc7336,200
rfc9246.xml,https://www.rfc-editor.org/info/rfc7337,200
rfc9246.xml,https://www.rfc-editor.org/info/rfc7517,200
rfc9246.xml,https://www.rfc-editor.org/info/rfc7975,200
rfc9246.xml,https://www.rfc-editor.org/info/rfc8008,200
rfc9246.xml,https://www.rfc-editor.org/info/rfc8216,200
rfc9246.xml,https://www.rfc-editor.org/info/rfc8725,200
rfc8874.xml,https://datatracker.ietf.org/doc/draft-ietf-git-using-github-06,200
rfc8874.xml,https://dx.doi.org/10.17487/rfc8874,200
rfc8874.xml,https://www.rfc-editor.org/info/rfc8874,200
rfc8874.xml,https://trustee.ietf.org/license-info,200
rfc8874.xml,https://github.com/,200
rfc8874.xml,https://git-scm.com/,Connection error: HTTP Error 403: Forbidden
rfc8874.xml,https://github.com/,200
rfc8874.xml,https://bitbucket.org/,200
rfc8874.xml,https://about.gitlab.com/,Connection error: HTTP Error 403: Forbidden
rfc8874.xml,https://www.ietf.org/about/note-well/,200
rfc8874.xml,https://github.com/dontcallmedom/github-notify-ml,200
rfc8874.xml,https://www.rfc-editor.org/info/rfc2026,200
rfc8874.xml,https://www.rfc-editor.org/info/rfc2119,200
rfc8874.xml,https://www.rfc-editor.org/info/rfc2418,200
rfc8874.xml,https://www.rfc-editor.org/info/rfc8174,200
rfc8874.xml,https://help.github.com/en/github/getting-started-with-github/github-glossary,200
rfc8874.xml,https://www.rfc-editor.org/info/rfc7991,200
rfc8874.xml,https://www.rfc-editor.org/info/rfc8875,200
rfc9690.xml,https://datatracker.ietf.org/doc/draft-ietf-lamps-rfc5990bis-10,200
rfc9690.xml,https://dx.doi.org/10.17487/rfc9690,200
rfc9690.xml,https://www.rfc-editor.org/info/rfc9690,200
rfc9690.xml,https://trustee.ietf.org/license-info,200
rfc9690.xml,https://webstore.ansi.org/standards/ascx9/ansix9442007r2017,Connection error: HTTP Error 403: Forbidden
rfc9690.xml,https://www.iso.org/standard/37971.html,200
rfc9690.xml,https://www.rfc-editor.org/info/rfc2119,200
rfc9690.xml,https://www.rfc-editor.org/info/rfc3394,200
rfc9690.xml,https://www.rfc-editor.org/info/rfc5083,200
rfc9690.xml,https://www.rfc-editor.org/info/rfc5280,200
rfc9690.xml,https://www.rfc-editor.org/info/rfc5652,200
rfc9690.xml,https://www.rfc-editor.org/info/rfc5911,200
rfc9690.xml,https://www.rfc-editor.org/info/rfc5912,200
rfc9690.xml,https://www.rfc-editor.org/info/rfc6268,200
rfc9690.xml,https://www.rfc-editor.org/info/rfc8017,200
rfc9690.xml,https://www.rfc-editor.org/info/rfc8174,200
rfc9690.xml,https://www.rfc-editor.org/info/rfc8551,200
rfc9690.xml,https://www.rfc-editor.org/info/rfc9629,200
rfc9690.xml,https://doi.org/10.6028/NIST.FIPS.180-4,200
rfc9690.xml,https://www.itu.int/rec/T-REC-X.680,200
rfc9690.xml,https://www.itu.int/rec/T-REC-X.690,200
rfc9690.xml,https://csrc.nist.gov/projects/cryptographic-module-validation-program,200
rfc9690.xml,https://doi.org/10.6028/nist.sp.800-57pt1r5,200
rfc9690.xml,https://www.rfc-editor.org/info/rfc4086,200
rfc9690.xml,https://www.rfc-editor.org/info/rfc4262,200
rfc9690.xml,https://www.rfc-editor.org/info/rfc5990,200
rfc9690.xml,https://www.rfc-editor.org/info/rfc6194,200
rfc9690.xml,https://eprint.iacr.org/2001/112,200
rfc9194.xml,https://datatracker.ietf.org/doc/draft-ietf-lsr-yang-isis-reverse-metric-06,200
rfc9194.xml,https://dx.doi.org/10.17487/rfc9194,200
rfc9194.xml,https://www.rfc-editor.org/info/rfc9194,200
rfc9194.xml,https://trustee.ietf.org/license-info,200
rfc9194.xml,https://www.iso.org/standard/30932.html,200
rfc9194.xml,https://www.rfc-editor.org/info/rfc3688,200
rfc9194.xml,https://www.rfc-editor.org/info/rfc6020,200
rfc9194.xml,https://www.rfc-editor.org/info/rfc6241,200
rfc9194.xml,https://www.rfc-editor.org/info/rfc6242,200
rfc9194.xml,https://www.rfc-editor.org/info/rfc8040,200
rfc9194.xml,https://www.rfc-editor.org/info/rfc8340,200
rfc9194.xml,https://www.rfc-editor.org/info/rfc8341,200
rfc9194.xml,https://www.rfc-editor.org/info/rfc8342,200
rfc9194.xml,https://www.rfc-editor.org/info/rfc8349,200
rfc9194.xml,https://www.rfc-editor.org/info/rfc8446,200
rfc9194.xml,https://www.rfc-editor.org/info/rfc8500,200
rfc9194.xml,https://www.rfc-editor.org/info/rfc9130,200
rfc9194.xml,https://www.w3.org/TR/2008/REC-xml-20081126,200
rfc9194.xml,https://www.rfc-editor.org/info/rfc7951,200
rfc8822.xml,https://datatracker.ietf.org/doc/draft-allan-5g-fmc-encapsulation-08,200
rfc8822.xml,https://dx.doi.org/10.17487/rfc8822,200
rfc8822.xml,https://www.rfc-editor.org/info/rfc8822,200
rfc8822.xml,https://trustee.ietf.org/license-info,200
rfc8822.xml,https://www.iana.org/assignments/ppp-numbers,200
rfc8822.xml,https://www.iana.org/assignments/ieee-802-numbers,200
rfc8822.xml,https://www.rfc-editor.org/info/rfc2119,200
rfc8822.xml,https://www.rfc-editor.org/info/rfc2516,200
rfc8822.xml,https://www.rfc-editor.org/info/rfc8174,200
rfc8822.xml,https://doi.org/10.1109/IEEESTD.2014.6847097,Connection error: HTTP Error 418: Unknown Code
rfc8687.xml,https://datatracker.ietf.org/doc/draft-ietf-ospf-xaf-te-07,200
rfc8687.xml,https://dx.doi.org/10.17487/rfc8687,200
rfc8687.xml,https://www.rfc-editor.org/info/rfc8687,200
rfc8687.xml,https://trustee.ietf.org/license-info,200
rfc8687.xml,https://www.rfc-editor.org/info/rfc2119,200
rfc8687.xml,https://www.rfc-editor.org/info/rfc3630,200
rfc8687.xml,https://www.rfc-editor.org/info/rfc5329,200
rfc8687.xml,https://www.rfc-editor.org/info/rfc5786,200
rfc8687.xml,https://www.rfc-editor.org/info/rfc8174,200
rfc8687.xml,https://www.rfc-editor.org/info/rfc2328,200
rfc8687.xml,https://www.rfc-editor.org/info/rfc3906,200
rfc8687.xml,https://www.rfc-editor.org/info/rfc4461,200
rfc8687.xml,https://www.rfc-editor.org/info/rfc5340,200
rfc8687.xml,https://www.rfc-editor.org/info/rfc5838,200
rfc8687.xml,https://www.rfc-editor.org/info/rfc6827,200
rfc9208.xml,https://datatracker.ietf.org/doc/draft-ietf-extra-quota-10,200
rfc9208.xml,https://dx.doi.org/10.17487/rfc9208,200
rfc9208.xml,https://www.rfc-editor.org/info/rfc9208,200
rfc9208.xml,https://trustee.ietf.org/license-info,200
rfc9208.xml,https://www.iana.org/assignments/imap4-capabilities,200
rfc9208.xml,https://www.rfc-editor.org/info/rfc5234,200
rfc9208.xml,https://www.rfc-editor.org/info/rfc2119,200
rfc9208.xml,https://www.rfc-editor.org/info/rfc3501,200
rfc9208.xml,https://www.rfc-editor.org/info/rfc4314,200
rfc9208.xml,https://www.rfc-editor.org/info/rfc5257,200
rfc9208.xml,https://www.rfc-editor.org/info/rfc8174,200
rfc9208.xml,https://www.rfc-editor.org/info/rfc9051,200
rfc9208.xml,https://www.rfc-editor.org/info/rfc2033,200
rfc9208.xml,https://www.rfc-editor.org/info/rfc2087,200
rfc9208.xml,https://www.rfc-editor.org/info/rfc8126,200
rfc8800.xml,https://datatracker.ietf.org/doc/draft-ietf-pce-association-diversity-14,200
rfc8800.xml,https://dx.doi.org/10.17487/rfc8800,200
rfc8800.xml,https://www.rfc-editor.org/info/rfc8800,200
rfc8800.xml,https://trustee.ietf.org/license-info,200
rfc8800.xml,https://www.rfc-editor.org/info/rfc2119,200
rfc8800.xml,https://www.rfc-editor.org/info/rfc5440,200
rfc8800.xml,https://www.rfc-editor.org/info/rfc5541,200
rfc8800.xml,https://www.rfc-editor.org/info/rfc7470,200
rfc8800.xml,https://www.rfc-editor.org/info/rfc8126,200
rfc8800.xml,https://www.rfc-editor.org/info/rfc8174,200
rfc8800.xml,https://www.rfc-editor.org/info/rfc8231,200
rfc8800.xml,https://www.rfc-editor.org/info/rfc8253,200
rfc8800.xml,https://www.rfc-editor.org/info/rfc8685,200
rfc8800.xml,https://www.rfc-editor.org/info/rfc8697,200
rfc8800.xml,https://tools.ietf.org/html/draft-dhody-pce-stateful-pce-optional-06,200
rfc8800.xml,http://www.ietf.org/internet-drafts/draft-dhody-pce-stateful-pce-optional-06.txt,Connection error: HTTP Error 404: Not Found
rfc8800.xml,https://tools.ietf.org/html/draft-ietf-pce-pcep-yang-14,200
rfc8800.xml,http://www.ietf.org/internet-drafts/draft-ietf-pce-pcep-yang-14.txt,Connection error: HTTP Error 404: Not Found
rfc8800.xml,https://www.rfc-editor.org/info/rfc4655,200
rfc8800.xml,https://www.rfc-editor.org/info/rfc6007,200
rfc8800.xml,https://www.rfc-editor.org/info/rfc7525,200
rfc8800.xml,https://www.rfc-editor.org/info/rfc8281,200
rfc8813.xml,https://datatracker.ietf.org/doc/draft-ietf-lamps-5480-ku-clarifications-03,200
rfc8813.xml,https://dx.doi.org/10.17487/rfc8813,200
rfc8813.xml,https://www.rfc-editor.org/info/rfc8813,200
rfc8813.xml,https://trustee.ietf.org/license-info,200
rfc8813.xml,https://www.rfc-editor.org/info/rfc2119,200
rfc8813.xml,https://www.rfc-editor.org/info/rfc5280,200
rfc8813.xml,https://www.rfc-editor.org/info/rfc5480,200
rfc8813.xml,https://www.rfc-editor.org/info/rfc8174,200
rfc8921.xml,https://datatracker.ietf.org/doc/draft-boucadair-connectivity-provisioning-protocol-22,200
rfc8921.xml,https://dx.doi.org/10.17487/rfc8921,200
rfc8921.xml,https://www.rfc-editor.org/info/rfc8921,200
rfc8921.xml,https://trustee.ietf.org/license-info,200
rfc8921.xml,https://www.rfc-editor.org/info/rfc3339,200
rfc8921.xml,https://www.rfc-editor.org/info/rfc4086,200
rfc8921.xml,https://www.rfc-editor.org/info/rfc5511,200
rfc8921.xml,https://www.rfc-editor.org/info/rfc6347,200
rfc8921.xml,https://www.rfc-editor.org/info/rfc7297,200
rfc8921.xml,https://www.rfc-editor.org/info/rfc7525,200
rfc8921.xml,https://www.rfc-editor.org/info/rfc8446,200
rfc8921.xml,https://rd.springer.com/article/10.1007/s12243-009-0103-4,200
rfc8921.xml,https://tools.ietf.org/html/draft-nguyen-rap-cops-sls-03,200
rfc8921.xml,http://www.ietf.org/internet-drafts/draft-nguyen-rap-cops-sls-03.txt,Connection error: HTTP Error 404: Not Found
rfc8921.xml,https://tools.ietf.org/html/draft-itsumo-dsnp-03,200
rfc8921.xml,https://www.ietf.org/internet-drafts/draft-itsumo-dsnp-03.txt,Connection error: HTTP Error 404: Not Found
rfc8921.xml,https://cordis.europa.eu/project/id/248567,200
rfc8921.xml,https://tools.ietf.org/html/draft-ietf-opsawg-l2nm-00,200
rfc8921.xml,https://www.ietf.org/internet-drafts/draft-ietf-opsawg-l2nm-00.txt,Connection error: HTTP Error 404: Not Found
rfc8921.xml,https://tools.ietf.org/html/draft-ietf-opsawg-l3sm-l3nm-05,200
rfc8921.xml,https://www.ietf.org/internet-drafts/draft-ietf-opsawg-l3sm-l3nm-05.txt,Connection error: HTTP Error 404: Not Found
rfc8921.xml,https://tools.ietf.org/html/draft-boucadair-lisp-idr-ms-discovery-01,200
rfc8921.xml,https://www.ietf.org/internet-drafts/draft-boucadair-lisp-idr-ms-discovery-01.txt,Connection error: HTTP Error 404: Not Found
rfc8921.xml,https://tools.ietf.org/html/draft-geng-netslices-architecture-02,200
rfc8921.xml,https://www.ietf.org/internet-drafts/draft-geng-netslices-architecture-02.txt,Connection error: HTTP Error 404: Not Found
rfc8921.xml,https://www.rfc-editor.org/info/rfc2782,200
rfc8921.xml,https://www.rfc-editor.org/info/rfc3084,200
rfc8921.xml,https://www.rfc-editor.org/info/rfc4026,200
rfc8921.xml,https://www.rfc-editor.org/info/rfc4107,200
rfc8921.xml,https://www.rfc-editor.org/info/rfc4176,200
rfc8921.xml,https://www.rfc-editor.org/info/rfc6125,200
rfc8921.xml,https://www.rfc-editor.org/info/rfc6241,200
rfc8921.xml,https://www.rfc-editor.org/info/rfc6462,200
rfc8921.xml,https://www.rfc-editor.org/info/rfc6574,200
rfc8921.xml,https://www.rfc-editor.org/info/rfc6770,200
rfc8921.xml,https://www.rfc-editor.org/info/rfc6793,200
rfc8921.xml,https://www.rfc-editor.org/info/rfc6830,200
rfc8921.xml,https://www.rfc-editor.org/info/rfc6973,200
rfc8921.xml,https://www.rfc-editor.org/info/rfc7049,200
rfc8921.xml,https://www.rfc-editor.org/info/rfc7149,200
rfc8921.xml,https://www.rfc-editor.org/info/rfc7215,200
rfc8921.xml,https://www.rfc-editor.org/info/rfc7491,200
rfc8921.xml,https://www.rfc-editor.org/info/rfc8040,200
rfc8921.xml,https://www.rfc-editor.org/info/rfc8259,200
rfc8921.xml,https://www.rfc-editor.org/info/rfc8299,200
rfc8921.xml,https://www.rfc-editor.org/info/rfc8309,200
rfc8921.xml,https://www.rfc-editor.org/info/rfc8329,200
rfc8921.xml,https://www.rfc-editor.org/info/rfc8466,200
rfc8921.xml,https://www.rfc-editor.org/info/rfc8597,200
rfc8921.xml,http://www.cs.columbia.edu/~xinwang/public/projects/protocol.html,200
rfc8921.xml,http://citeseerx.ist.psu.edu/viewdoc/summary?doi=10.1.1.19.5907,200
rfc8921.xml,https://www.ist-tequila.org/presentations/srnp-pipcm.pdf,Connection error: HTTP Error 403: Forbidden
rfc8921.xml,https://tools.ietf.org/html/draft-contreras-teas-slice-nbi-02,200
rfc8921.xml,https://www.ietf.org/internet-drafts/draft-contreras-teas-slice-nbi-02.txt,Connection error: HTTP Error 404: Not Found
rfc8928.xml,https://datatracker.ietf.org/doc/draft-ietf-6lo-ap-nd-23,200
rfc8928.xml,https://dx.doi.org/10.17487/rfc8928,200
rfc8928.xml,https://www.rfc-editor.org/info/rfc8928,200
rfc8928.xml,https://trustee.ietf.org/license-info,200
rfc8928.xml,https://www.random.org,Connection error: HTTP Error 403: Forbidden
rfc8928.xml,https://nvlpubs.nist.gov/nistpubs/fips/nist.fips.186-4.pdf,200
rfc8928.xml,https://www.rfc-editor.org/info/rfc2119,200
rfc8928.xml,https://www.rfc-editor.org/info/rfc3971,200
rfc8928.xml,https://www.rfc-editor.org/info/rfc6234,200
rfc8928.xml,https://www.rfc-editor.org/info/rfc6775,200
rfc8928.xml,https://www.rfc-editor.org/info/rfc7400,200
rfc8928.xml,https://www.rfc-editor.org/info/rfc7748,200
rfc8928.xml,https://www.rfc-editor.org/info/rfc8032,200
rfc8928.xml,https://www.rfc-editor.org/info/rfc8174,200
rfc8928.xml,https://www.rfc-editor.org/info/rfc8505,200
rfc8928.xml,https://www.secg.org/sec1-v2.pdf,200
rfc8928.xml,https://www.rfc-editor.org/info/rfc4086,200
rfc8928.xml,https://www.rfc-editor.org/info/rfc7696,200
rfc8928.xml,https://link.springer.com/chapter/10.1007/978-3-319-76953-0_1,200
rfc8928.xml,https://tools.ietf.org/html/draft-ietf-lwig-curve-representations-14,200
rfc8928.xml,https://www.ietf.org/internet-drafts/draft-ietf-lwig-curve-representations-14.txt,Connection error: HTTP Error 404: Not Found
rfc8928.xml,https://www.rfc-editor.org/info/rfc3972,200
rfc8928.xml,https://www.rfc-editor.org/info/rfc4861,200
rfc8928.xml,https://www.rfc-editor.org/info/rfc4862,200
rfc8928.xml,https://www.rfc-editor.org/info/rfc4919,200
rfc8928.xml,https://www.rfc-editor.org/info/rfc4944,200
rfc8928.xml,https://www.rfc-editor.org/info/rfc6282,200
rfc8928.xml,https://www.rfc-editor.org/info/rfc7039,200
rfc8928.xml,https://www.rfc-editor.org/info/rfc7217,200
rfc8928.xml,https://www.rfc-editor.org/info/rfc8064,200
rfc8928.xml,https://www.rfc-editor.org/info/rfc8065,200
rfc8928.xml,https://www.rfc-editor.org/info/rfc8126,200
rfc8928.xml,https://www.rfc-editor.org/info/rfc8929,200
rfc9538.xml,https://datatracker.ietf.org/doc/draft-ietf-cdni-delegation-acme-04,200
rfc9538.xml,https://dx.doi.org/10.17487/rfc9538,200
rfc9538.xml,https://www.rfc-editor.org/info/rfc9538,200
rfc9538.xml,https://trustee.ietf.org/license-info,200
rfc9538.xml,https://www.rfc-editor.org/info/rfc2119,200
rfc9538.xml,https://www.rfc-editor.org/info/rfc8006,200
rfc9538.xml,https://www.rfc-editor.org/info/rfc8008,200
rfc9538.xml,https://www.rfc-editor.org/info/rfc8174,200
rfc9538.xml,https://www.rfc-editor.org/info/rfc8739,200
rfc9538.xml,https://www.rfc-editor.org/info/rfc9115,200
rfc9538.xml,https://www.rfc-editor.org/info/rfc9325,200
rfc9538.xml,https://www.rfc-editor.org/info/rfc7336,200
rfc9538.xml,https://www.rfc-editor.org/info/rfc9460,200
rfc9543.xml,https://datatracker.ietf.org/doc/draft-ietf-teas-ietf-network-slices-25,200
rfc9543.xml,https://dx.doi.org/10.17487/rfc9543,200
rfc9543.xml,https://www.rfc-editor.org/info/rfc9543,200
rfc9543.xml,https://trustee.ietf.org/license-info,200
rfc9543.xml,https://datatracker.ietf.org/doc/html/draft-ietf-teas-applicability-actn-slicing-05,200
rfc9543.xml,https://datatracker.ietf.org/doc/html/draft-ietf-teas-enhanced-vpn-17,200
rfc9543.xml,https://datatracker.ietf.org/doc/html/draft-openconfig-rtgwg-gnmi-spec-01,200
rfc9543.xml,https://www.hhs.gov/hipaa/for-professionals/security/index.html,Connection error: HTTP Error 403: Forbidden
rfc9543.xml,https://ieeexplore.ieee.org/document/8585421,Connection error: HTTP Error 418: Unknown Code
rfc9543.xml,http://www.etsi.org/deliver/etsi_gs/nfv/001_099/002/01.01.01_60/gs_nfv002v010101p.pdf,200
rfc9543.xml,https://ngmn.org/wp-content/uploads/160113_NGMN_Network_Slicing_v1_0.pdf,200
rfc9543.xml,https://www.ngmn.org/wp-content/uploads/Publications/2016/160429_NGMN_5G_Security_Network_Slicing_v1_0.pdf,200
rfc9543.xml,https://orandownloadsweb.azurewebsites.net/specifications,200
rfc9543.xml,https://www.pcisecuritystandards.org/document_library,200
rfc9543.xml,https://datatracker.ietf.org/doc/html/draft-ietf-spring-resource-aware-segments-08,200
rfc9543.xml,https://www.rfc-editor.org/info/rfc3290,200
rfc9543.xml,https://www.rfc-editor.org/info/rfc3393,200
rfc9543.xml,https://www.rfc-editor.org/info/rfc4208,200
rfc9543.xml,https://www.rfc-editor.org/info/rfc4303,200
rfc9543.xml,https://www.rfc-editor.org/info/rfc4364,200
rfc9543.xml,https://www.rfc-editor.org/info/rfc4397,200
rfc9543.xml,https://www.rfc-editor.org/info/rfc5212,200
rfc9543.xml,https://www.rfc-editor.org/info/rfc5440,200
rfc9543.xml,https://www.rfc-editor.org/info/rfc6020,200
rfc9543.xml,https://www.rfc-editor.org/info/rfc6241,200
rfc9543.xml,https://www.rfc-editor.org/info/rfc7239,200
rfc9543.xml,https://www.rfc-editor.org/info/rfc7665,200
rfc9543.xml,https://www.rfc-editor.org/info/rfc7679,200
rfc9543.xml,https://www.rfc-editor.org/info/rfc7680,200
rfc9543.xml,https://www.rfc-editor.org/info/rfc7926,200
rfc9543.xml,https://www.rfc-editor.org/info/rfc7950,200
rfc9543.xml,https://www.rfc-editor.org/info/rfc8040,200
rfc9543.xml,https://www.rfc-editor.org/info/rfc8300,200
rfc9543.xml,https://www.rfc-editor.org/info/rfc8309,200
rfc9543.xml,https://www.rfc-editor.org/info/rfc8453,200
rfc9543.xml,https://www.rfc-editor.org/info/rfc8454,200
rfc9543.xml,https://www.rfc-editor.org/info/rfc8596,200
rfc9543.xml,https://www.rfc-editor.org/info/rfc9408,200
rfc9543.xml,https://www.rfc-editor.org/info/rfc9491,200
rfc9543.xml,https://portal.3gpp.org/desktopmodules/Specifications/SpecificationDetails.aspx?specificationId=2279,Connection error: HTTP Error 403: Forbidden: Access is denied.
rfc9543.xml,https://datatracker.ietf.org/doc/html/draft-ietf-teas-ietf-network-slice-use-cases-01,200
rfc9323.xml,https://datatracker.ietf.org/doc/draft-ietf-sidrops-rpki-rsc-11,200
rfc9323.xml,https://dx.doi.org/10.17487/rfc9323,200
rfc9323.xml,https://www.rfc-editor.org/info/rfc9323,200
rfc9323.xml,https://trustee.ietf.org/license-info,200
rfc9323.xml,https://publications.opengroup.org/standards/unix/c165,200
rfc9323.xml,https://www.rfc-editor.org/info/rfc2119,200
rfc9323.xml,https://www.rfc-editor.org/info/rfc2119,200
rfc9323.xml,https://www.rfc-editor.org/info/rfc3779,200
rfc9323.xml,https://www.rfc-editor.org/info/rfc3779,200
rfc9323.xml,https://www.rfc-editor.org/info/rfc5652,200
rfc9323.xml,https://www.rfc-editor.org/info/rfc5652,200
rfc9323.xml,https://www.rfc-editor.org/info/rfc6481,200
rfc9323.xml,https://www.rfc-editor.org/info/rfc6481,200
rfc9323.xml,https://www.rfc-editor.org/info/rfc6487,200
rfc9323.xml,https://www.rfc-editor.org/info/rfc6487,200
rfc9323.xml,https://www.rfc-editor.org/info/rfc6488,200
rfc9323.xml,https://www.rfc-editor.org/info/rfc6488,200
rfc9323.xml,https://www.rfc-editor.org/info/rfc7935,200
rfc9323.xml,https://www.rfc-editor.org/info/rfc7935,200
rfc9323.xml,https://www.rfc-editor.org/info/rfc8174,200
rfc9323.xml,https://www.rfc-editor.org/info/rfc8174,200
rfc9323.xml,https://www.rfc-editor.org/info/rfc9286,200
rfc9323.xml,https://www.rfc-editor.org/info/rfc9286,200
rfc9323.xml,https://www.iana.org/assignments/address-family-numbers,200
rfc9323.xml,https://www.rfc-editor.org/info/rfc1952,200
rfc9323.xml,https://www.rfc-editor.org/info/rfc1952,200
rfc9323.xml,https://www.rfc-editor.org/info/rfc6268,200
rfc9323.xml,https://www.rfc-editor.org/info/rfc6268,200
rfc9323.xml,https://www.rfc-editor.org/info/rfc6480,200
rfc9323.xml,https://www.rfc-editor.org/info/rfc6480,200
rfc9323.xml,https://www.rfc-editor.org/info/rfc9255,200
rfc9323.xml,https://www.rfc-editor.org/info/rfc9255,200
rfc9323.xml,https://datatracker.ietf.org/doc/html/draft-ietf-sidrops-rpki-rta-00,200
rfc9323.xml,https://man.openbsd.org/signify,200
rfc9096.xml,https://datatracker.ietf.org/doc/draft-ietf-v6ops-cpe-slaac-renum-08,200
rfc9096.xml,https://dx.doi.org/10.17487/rfc9096,200
rfc9096.xml,https://www.rfc-editor.org/info/rfc9096,200
rfc9096.xml,https://trustee.ietf.org/license-info,200
rfc9096.xml,https://www.rfc-editor.org/info/rfc2119,200
rfc9096.xml,https://www.rfc-editor.org/info/rfc4191,200
rfc9096.xml,https://www.rfc-editor.org/info/rfc4861,200
rfc9096.xml,https://www.rfc-editor.org/info/rfc4862,200
rfc9096.xml,https://www.rfc-editor.org/info/rfc7772,200
rfc9096.xml,https://www.rfc-editor.org/info/rfc7844,200
rfc9096.xml,https://www.rfc-editor.org/info/rfc8106,200
rfc9096.xml,https://www.rfc-editor.org/info/rfc8174,200
rfc9096.xml,https://www.rfc-editor.org/info/rfc8415,200
rfc9096.xml,https://datatracker.ietf.org/doc/html/draft-ietf-6man-slaac-renum-02,200
rfc9096.xml,https://www.ietf.org/archive/id/draft-ietf-6man-slaac-renum-02.txt,200
rfc9096.xml,https://www.rfc-editor.org/info/rfc7084,200
rfc9096.xml,https://www.rfc-editor.org/info/rfc8978,200
rfc8827.xml,https://datatracker.ietf.org/doc/draft-ietf-rtcweb-security-arch-20,200
rfc8827.xml,https://dx.doi.org/10.17487/rfc8827,200
rfc8827.xml,https://www.rfc-editor.org/info/rfc8827,200
rfc8827.xml,https://trustee.ietf.org/license-info,200
rfc8827.xml,https://www.torproject.org/projects/torbrowser.html.en,200
rfc8827.xml,https://doi.org/10.6028/NIST.FIPS.186-4,200
rfc8827.xml,https://www.rfc-editor.org/info/rfc2119,200
rfc8827.xml,https://www.rfc-editor.org/info/rfc2818,200
rfc8827.xml,https://www.rfc-editor.org/info/rfc3264,200
rfc8827.xml,https://www.rfc-editor.org/info/rfc3711,200
rfc8827.xml,https://www.rfc-editor.org/info/rfc3986,200
rfc8827.xml,https://www.rfc-editor.org/info/rfc4566,200
rfc8827.xml,https://www.rfc-editor.org/info/rfc4568,200
rfc8827.xml,https://www.rfc-editor.org/info/rfc4648,200
rfc8827.xml,https://www.rfc-editor.org/info/rfc5763,200
rfc8827.xml,https://www.rfc-editor.org/info/rfc5764,200
rfc8827.xml,https://www.rfc-editor.org/info/rfc5890,200
rfc8827.xml,https://www.rfc-editor.org/info/rfc6347,200
rfc8827.xml,https://www.rfc-editor.org/info/rfc6454,200
rfc8827.xml,https://www.rfc-editor.org/info/rfc7022,200
rfc8827.xml,https://www.rfc-editor.org/info/rfc7675,200
rfc8827.xml,https://www.rfc-editor.org/info/rfc7918,200
rfc8827.xml,https://www.rfc-editor.org/info/rfc8122,200
rfc8827.xml,https://www.rfc-editor.org/info/rfc8174,200
rfc8827.xml,https://www.rfc-editor.org/info/rfc8259,200
rfc8827.xml,https://www.rfc-editor.org/info/rfc8261,200
rfc8827.xml,https://www.rfc-editor.org/info/rfc8445,200
rfc8827.xml,https://www.rfc-editor.org/info/rfc8446,200
rfc8827.xml,https://www.rfc-editor.org/info/rfc8615,200
rfc8827.xml,https://www.rfc-editor.org/info/rfc8825,200
rfc8827.xml,https://www.rfc-editor.org/info/rfc8826,200
rfc8827.xml,https://www.rfc-editor.org/info/rfc8829,200
rfc8827.xml,https://www.rfc-editor.org/info/rfc8834,200
rfc8827.xml,https://www.rfc-editor.org/info/rfc8844,200
rfc8827.xml,https://www.w3.org/TR/2017/REC-WebCryptoAPI-20170126/,200
rfc8827.xml,https://www.w3.org/TR/webrtc/,200
rfc8827.xml,https://fetch.spec.whatwg.org/,200
rfc8827.xml,https://www.rfc-editor.org/info/rfc3261,200
rfc8827.xml,https://www.rfc-editor.org/info/rfc5705,200
rfc8827.xml,https://www.rfc-editor.org/info/rfc6120,200
rfc8827.xml,https://www.rfc-editor.org/info/rfc6265,200
rfc8827.xml,https://www.rfc-editor.org/info/rfc6455,200
rfc8827.xml,https://www.rfc-editor.org/info/rfc6943,200
rfc8827.xml,https://www.rfc-editor.org/info/rfc7617,200
rfc8827.xml,https://www.rfc-editor.org/info/rfc8224,200
rfc8827.xml,https://www.rfc-editor.org/info/rfc8828,200
rfc8827.xml,https://tools.ietf.org/html/draft-ietf-tls-dtls13-39,200
rfc8827.xml,https://www.ietf.org/internet-drafts/draft-ietf-tls-dtls13-39.txt,Connection error: HTTP Error 404: Not Found
rfc9404.xml,https://datatracker.ietf.org/doc/draft-ietf-jmap-blob-18,200
rfc9404.xml,https://dx.doi.org/10.17487/rfc9404,200
rfc9404.xml,https://www.rfc-editor.org/info/rfc9404,200
rfc9404.xml,https://trustee.ietf.org/license-info,200
rfc9404.xml,https://www.rfc-editor.org/info/rfc2119,200
rfc9404.xml,https://www.rfc-editor.org/info/rfc3230,200
rfc9404.xml,https://www.rfc-editor.org/info/rfc4648,200
rfc9404.xml,https://www.rfc-editor.org/info/rfc8174,200
rfc9404.xml,https://www.rfc-editor.org/info/rfc8620,200
rfc9404.xml,https://www.rfc-editor.org/info/rfc7888,200
rfc9404.xml,https://www.rfc-editor.org/info/rfc8126,200
rfc9404.xml,https://www.rfc-editor.org/info/rfc8621,200
rfc9404.xml,https://www.rfc-editor.org/info/rfc9007,200
rfc9028.xml,https://datatracker.ietf.org/doc/draft-ietf-hip-native-nat-traversal-33,200
rfc9028.xml,https://dx.doi.org/10.17487/rfc9028,200
rfc9028.xml,https://www.rfc-editor.org/info/rfc9028,200
rfc9028.xml,https://trustee.ietf.org/license-info,200
rfc9028.xml,https://www.rfc-editor.org/info/rfc1191,200
rfc9028.xml,https://www.rfc-editor.org/info/rfc2119,200
rfc9028.xml,https://www.rfc-editor.org/info/rfc4291,200
rfc9028.xml,https://www.rfc-editor.org/info/rfc5770,200
rfc9028.xml,https://www.rfc-editor.org/info/rfc7050,200
rfc9028.xml,https://www.rfc-editor.org/info/rfc7401,200
rfc9028.xml,https://www.rfc-editor.org/info/rfc7402,200
rfc9028.xml,https://www.rfc-editor.org/info/rfc8003,200
rfc9028.xml,https://www.rfc-editor.org/info/rfc8004,200
rfc9028.xml,https://www.rfc-editor.org/info/rfc8005,200
rfc9028.xml,https://www.rfc-editor.org/info/rfc8046,200
rfc9028.xml,https://www.rfc-editor.org/info/rfc8047,200
rfc9028.xml,https://www.rfc-editor.org/info/rfc8126,200
rfc9028.xml,https://www.rfc-editor.org/info/rfc8174,200
rfc9028.xml,https://www.rfc-editor.org/info/rfc8201,200
rfc9028.xml,https://www.rfc-editor.org/info/rfc8445,200
rfc9028.xml,https://www.rfc-editor.org/info/rfc8489,200
rfc9028.xml,https://www.rfc-editor.org/info/rfc8961,200
rfc9028.xml,https://datatracker.ietf.org/doc/html/draft-heer-hip-middle-auth-04,200
rfc9028.xml,https://www.ietf.org/archive/id/draft-heer-hip-middle-auth-04.txt,200
rfc9028.xml,https://datatracker.ietf.org/doc/html/draft-rosenberg-mmusic-ice-nonsip-01,200
rfc9028.xml,https://www.ietf.org/archive/id/draft-rosenberg-mmusic-ice-nonsip-01.txt,200
rfc9028.xml,https://www.rfc-editor.org/info/rfc2475,200
rfc9028.xml,https://www.rfc-editor.org/info/rfc3264,200
rfc9028.xml,https://www.rfc-editor.org/info/rfc3948,200
rfc9028.xml,https://www.rfc-editor.org/info/rfc5128,200
rfc9028.xml,https://www.rfc-editor.org/info/rfc5207,200
rfc9028.xml,https://www.rfc-editor.org/info/rfc5245,200
rfc9028.xml,https://www.rfc-editor.org/info/rfc6146,200
rfc9028.xml,https://www.rfc-editor.org/info/rfc6147,200
rfc9028.xml,https://www.rfc-editor.org/info/rfc6538,200
rfc9028.xml,https://www.rfc-editor.org/info/rfc8656,200
rfc9028.xml,https://www.rfc-editor.org/info/rfc8750,200
rfc9028.xml,https://www.rfc-editor.org/info/rfc8899,200
rfc9028.xml,https://www.rfc-editor.org/info/rfc9063,200
rfc8668.xml,https://datatracker.ietf.org/doc/draft-ietf-isis-l2bundles-07,200
rfc8668.xml,https://dx.doi.org/10.17487/rfc8668,200
rfc8668.xml,https://www.rfc-editor.org/info/rfc8668,200
rfc8668.xml,https://trustee.ietf.org/license-info,200
rfc8668.xml,https://ieeexplore.ieee.org/document/7055197,Connection error: HTTP Error 418: Unknown Code
rfc8668.xml,https://www.rfc-editor.org/info/rfc2119,200
rfc8668.xml,https://www.rfc-editor.org/info/rfc4202,200
rfc8668.xml,https://www.rfc-editor.org/info/rfc5304,200
rfc8668.xml,https://www.rfc-editor.org/info/rfc5305,200
rfc8668.xml,https://www.rfc-editor.org/info/rfc5307,200
rfc8668.xml,https://www.rfc-editor.org/info/rfc5310,200
rfc8668.xml,https://www.rfc-editor.org/info/rfc6119,200
rfc8668.xml,https://www.rfc-editor.org/info/rfc8174,200
rfc8668.xml,https://www.rfc-editor.org/info/rfc8570,200
rfc8668.xml,https://www.rfc-editor.org/info/rfc8667,200
rfc8668.xml,https://www.rfc-editor.org/info/rfc4655,200
rfc8668.xml,https://www.rfc-editor.org/info/rfc8402,200
rfc9587.xml,https://datatracker.ietf.org/doc/draft-ietf-lsr-ospfv3-extended-lsa-yang-29,200
rfc9587.xml,https://dx.doi.org/10.17487/rfc9587,200
rfc9587.xml,https://www.rfc-editor.org/info/rfc9587,200
rfc9587.xml,https://trustee.ietf.org/license-info,200
rfc9587.xml,https://www.rfc-editor.org/info/rfc3688,200
rfc9587.xml,https://www.rfc-editor.org/info/rfc5340,200
rfc9587.xml,https://www.rfc-editor.org/info/rfc6020,200
rfc9587.xml,https://www.rfc-editor.org/info/rfc6241,200
rfc9587.xml,https://www.rfc-editor.org/info/rfc6242,200
rfc9587.xml,https://www.rfc-editor.org/info/rfc6991,200
rfc9587.xml,https://www.rfc-editor.org/info/rfc7950,200
rfc9587.xml,https://www.rfc-editor.org/info/rfc8040,200
rfc9587.xml,https://www.rfc-editor.org/info/rfc8294,200
rfc9587.xml,https://www.rfc-editor.org/info/rfc8341,200
rfc9587.xml,https://www.rfc-editor.org/info/rfc8342,200
rfc9587.xml,https://www.rfc-editor.org/info/rfc8349,200
rfc9587.xml,https://www.rfc-editor.org/info/rfc8362,200
rfc9587.xml,https://www.rfc-editor.org/info/rfc8446,200
rfc9587.xml,https://www.rfc-editor.org/info/rfc9129,200
rfc9587.xml,https://www.w3.org/TR/xml/,200
rfc9587.xml,https://www.rfc-editor.org/info/rfc7951,200
rfc9587.xml,https://www.rfc-editor.org/info/rfc8340,200
rfc9587.xml,https://www.rfc-editor.org/info/rfc8792,200
rfc9034.xml,https://datatracker.ietf.org/doc/draft-ietf-6lo-deadline-time-05,200
rfc9034.xml,https://dx.doi.org/10.17487/rfc9034,200
rfc9034.xml,https://www.rfc-editor.org/info/rfc9034,200
rfc9034.xml,https://trustee.ietf.org/license-info,200
rfc9034.xml,https://www.rfc-editor.org/info/rfc2119,200
rfc9034.xml,https://www.rfc-editor.org/info/rfc4944,200
rfc9034.xml,https://www.rfc-editor.org/info/rfc5905,200
rfc9034.xml,https://www.rfc-editor.org/info/rfc6282,200
rfc9034.xml,https://www.rfc-editor.org/info/rfc6550,200
rfc9034.xml,https://www.rfc-editor.org/info/rfc6553,200
rfc9034.xml,https://www.rfc-editor.org/info/rfc6554,200
rfc9034.xml,https://www.rfc-editor.org/info/rfc7384,200
rfc9034.xml,https://www.rfc-editor.org/info/rfc7554,200
rfc9034.xml,https://www.rfc-editor.org/info/rfc8138,200
rfc9034.xml,https://www.rfc-editor.org/info/rfc8174,200
rfc9034.xml,https://www.rfc-editor.org/info/rfc8655,200
rfc9034.xml,https://www.rfc-editor.org/info/rfc9030,200
rfc9034.xml,https://tools.ietf.org/html/draft-ietf-6lo-blemesh-10,200
rfc9034.xml,https://www.ietf.org/archive/id/draft-ietf-6lo-blemesh-10.txt,200
rfc9034.xml,https://doi.org/10.1109/ACCESS.2018.2834479,Connection error: HTTP Error 418: Unknown Code
rfc9034.xml,https://doi.org/10.1109/IEEESTD.2008.4579760,Connection error: HTTP Error 418: Unknown Code
rfc9034.xml,https://ieeexplore.ieee.org/document/7460875,Connection error: HTTP Error 418: Unknown Code
rfc9034.xml,https://doi.org/10.1109/IEEESTD.2011.5741898,Connection error: HTTP Error 418: Unknown Code
rfc9034.xml,https://tools.ietf.org/html/draft-ietf-ippm-ioam-data-12,200
rfc9034.xml,https://www.ietf.org/archive/id/draft-ietf-ippm-ioam-data-12.txt,200
rfc9034.xml,http://wi-sun.org,200
rfc9034.xml,https://www.rfc-editor.org/info/rfc8578,200
rfc9034.xml,https://www.rfc-editor.org/info/rfc8929,200
rfc9034.xml,https://www.rfc-editor.org/info/rfc9008,200
rfc9034.xml,https://doi.org/10.1587/transcom.2016SCI0002,200
rfc9547.xml,https://datatracker.ietf.org/doc/draft-iab-ws-environmental-impacts-report-03,200
rfc9547.xml,https://dx.doi.org/10.17487/rfc9547,200
rfc9547.xml,https://www.rfc-editor.org/info/rfc9547,200
rfc9547.xml,https://trustee.ietf.org/license-info,200
rfc9547.xml,https://www.iab.org/activities/workshops/e-impact/,Connection error: HTTP Error 403: Forbidden
rfc9547.xml,https://datatracker.ietf.org/group/eimpactws/meetings/,200
rfc9547.xml,https://www.ietf.org/mailman/listinfo/e-impact,Connection error: HTTP Error 403: Forbidden
rfc9547.xml,https://datatracker.ietf.org/group/eimpact,200
rfc9547.xml,https://datatracker.ietf.org/doc/html/draft-eckert-ietf-and-energy-overview-06,200
rfc9547.xml,https://www.irtf.org/nmrg.html,Connection error: HTTP Error 403: Forbidden
rfc9547.xml,https://datatracker.ietf.org/wg/opsawg/about/,200
rfc9547.xml,https://datatracker.ietf.org/doc/html/draft-retana-rtgwg-eacp-07,200
rfc9547.xml,https://www.rfc-editor.org/info/rfc4689,200
rfc9547.xml,https://www.rfc-editor.org/info/rfc7980,200
rfc9547.xml,https://www.rfc-editor.org/info/rfc8949,200
rfc9547.xml,https://www.rfc-editor.org/info/rfc9113,200
rfc9547.xml,https://datatracker.ietf.org/group/tvr/about/,200
rfc8829.xml,https://datatracker.ietf.org/doc/draft-ietf-rtcweb-jsep-26,200
rfc8829.xml,https://dx.doi.org/10.17487/rfc8829,200
rfc8829.xml,https://www.rfc-editor.org/info/rfc8829,200
rfc8829.xml,https://trustee.ietf.org/license-info,200
rfc8829.xml,https://www.rfc-editor.org/info/rfc2119,200
rfc8829.xml,https://www.rfc-editor.org/info/rfc3261,200
rfc8829.xml,https://www.rfc-editor.org/info/rfc3264,200
rfc8829.xml,https://www.rfc-editor.org/info/rfc3552,200
rfc8829.xml,https://www.rfc-editor.org/info/rfc3605,200
rfc8829.xml,https://www.rfc-editor.org/info/rfc3711,200
rfc8829.xml,https://www.rfc-editor.org/info/rfc3890,200
rfc8829.xml,https://www.rfc-editor.org/info/rfc4145,200
rfc8829.xml,https://www.rfc-editor.org/info/rfc4566,200
rfc8829.xml,https://www.rfc-editor.org/info/rfc4585,200
rfc8829.xml,https://www.rfc-editor.org/info/rfc5124,200
rfc8829.xml,https://www.rfc-editor.org/info/rfc5285,200
rfc8829.xml,https://www.rfc-editor.org/info/rfc5761,200
rfc8829.xml,https://www.rfc-editor.org/info/rfc5888,200
rfc8829.xml,https://www.rfc-editor.org/info/rfc6236,200
rfc8829.xml,https://www.rfc-editor.org/info/rfc6347,200
rfc8829.xml,https://www.rfc-editor.org/info/rfc6716,200
rfc8829.xml,https://www.rfc-editor.org/info/rfc6904,200
rfc8829.xml,https://www.rfc-editor.org/info/rfc7160,200
rfc8829.xml,https://www.rfc-editor.org/info/rfc7587,200
rfc8829.xml,https://www.rfc-editor.org/info/rfc7742,200
rfc8829.xml,https://www.rfc-editor.org/info/rfc7850,200
rfc8829.xml,https://www.rfc-editor.org/info/rfc7874,200
rfc8829.xml,https://www.rfc-editor.org/info/rfc8108,200
rfc8829.xml,https://www.rfc-editor.org/info/rfc8122,200
rfc8829.xml,https://www.rfc-editor.org/info/rfc8174,200
rfc8829.xml,https://www.rfc-editor.org/info/rfc8445,200
rfc8829.xml,https://www.rfc-editor.org/info/rfc8826,200
rfc8829.xml,https://www.rfc-editor.org/info/rfc8827,200
rfc8829.xml,https://www.rfc-editor.org/info/rfc8830,200
rfc8829.xml,https://www.rfc-editor.org/info/rfc8834,200
rfc8829.xml,https://www.rfc-editor.org/info/rfc8838,200
rfc8829.xml,https://www.rfc-editor.org/info/rfc8839,200
rfc8829.xml,https://www.rfc-editor.org/info/rfc8840,200
rfc8829.xml,https://www.rfc-editor.org/info/rfc8841,200
rfc8829.xml,https://www.rfc-editor.org/info/rfc8842,200
rfc8829.xml,https://www.rfc-editor.org/info/rfc8843,200
rfc8829.xml,https://www.rfc-editor.org/info/rfc8851,200
rfc8829.xml,https://www.rfc-editor.org/info/rfc8852,200
rfc8829.xml,https://www.rfc-editor.org/info/rfc8853,200
rfc8829.xml,https://www.rfc-editor.org/info/rfc8854,200
rfc8829.xml,https://www.rfc-editor.org/info/rfc8858,200
rfc8829.xml,https://www.rfc-editor.org/info/rfc8859,200
rfc8829.xml,https://www.rfc-editor.org/info/rfc3389,200
rfc8829.xml,https://www.rfc-editor.org/info/rfc3556,200
rfc8829.xml,https://www.rfc-editor.org/info/rfc3960,200
rfc8829.xml,https://www.rfc-editor.org/info/rfc4568,200
rfc8829.xml,https://www.rfc-editor.org/info/rfc4588,200
rfc8829.xml,https://www.rfc-editor.org/info/rfc4733,200
rfc8829.xml,https://www.rfc-editor.org/info/rfc5245,200
rfc8829.xml,https://www.rfc-editor.org/info/rfc5506,200
rfc8829.xml,https://www.rfc-editor.org/info/rfc5576,200
rfc8829.xml,https://www.rfc-editor.org/info/rfc5763,200
rfc8829.xml,https://www.rfc-editor.org/info/rfc5764,200
rfc8829.xml,https://www.rfc-editor.org/info/rfc6120,200
rfc8829.xml,https://www.rfc-editor.org/info/rfc6464,200
rfc8829.xml,https://www.rfc-editor.org/info/rfc8828,200
rfc8829.xml,https://tools.ietf.org/html/draft-ietf-rtcweb-sdp-14,200
rfc8829.xml,http://www.ietf.org/internet-drafts/draft-ietf-rtcweb-sdp-14.txt,Connection error: HTTP Error 404: Not Found
rfc8829.xml,https://www.3gpp.org/DynaReport/26114.htm,Connection error: HTTP Error 403: Forbidden: Access is denied.
rfc8829.xml,https://www.w3.org/TR/2020/PR-webrtc-20201215/,200
rfc8688.xml,https://datatracker.ietf.org/doc/draft-ietf-sipcore-rejected-09,200
rfc8688.xml,https://dx.doi.org/10.17487/rfc8688,200
rfc8688.xml,https://www.rfc-editor.org/info/rfc8688,200
rfc8688.xml,https://trustee.ietf.org/license-info,200
rfc8688.xml,https://www.rfc-editor.org/info/rfc2119,200
rfc8688.xml,https://www.rfc-editor.org/info/rfc3261,200
rfc8688.xml,https://www.rfc-editor.org/info/rfc3262,200
rfc8688.xml,https://www.rfc-editor.org/info/rfc3326,200
rfc8688.xml,https://www.rfc-editor.org/info/rfc6809,200
rfc8688.xml,https://www.rfc-editor.org/info/rfc7095,200
rfc8688.xml,https://www.rfc-editor.org/info/rfc7515,200
rfc8688.xml,https://www.rfc-editor.org/info/rfc7518,200
rfc8688.xml,https://www.rfc-editor.org/info/rfc7519,200
rfc8688.xml,https://www.rfc-editor.org/info/rfc8174,200
rfc8688.xml,https://apps.dtic.mil/docs/citations/ADA045772,Connection error: HTTP Error 403: Forbidden
rfc8688.xml,https://www.rfc-editor.org/info/rfc4103,200
rfc8688.xml,https://www.rfc-editor.org/info/rfc4240,200
rfc8688.xml,https://www.rfc-editor.org/info/rfc4566,200
rfc8688.xml,https://www.rfc-editor.org/info/rfc5039,200
rfc8688.xml,https://www.rfc-editor.org/info/rfc6350,200
rfc8688.xml,https://www.rfc-editor.org/info/rfc7092,200
rfc8688.xml,https://www.rfc-editor.org/info/rfc7340,200
rfc8688.xml,https://www.rfc-editor.org/info/rfc8197,200
rfc8688.xml,https://www.rfc-editor.org/info/rfc8224,200
rfc8688.xml,https://www.rfc-editor.org/info/rfc8259,200
rfc8688.xml,https://www.rfc-editor.org/info/rfc8445,200
rfc8688.xml,https://www.sipforum.org/download/sip-forum-twg-10-signature-based-handling-of-asserted-information-using-tokens-shaken-pdf/?wpdmdl=2813,Connection error: HTTP Error 403: Forbidden
rfc8688.xml,https://github.com/nagdab/608_Implementation,200
rfc9562.xml,https://datatracker.ietf.org/doc/draft-ietf-uuidrev-rfc4122bis-14,200
rfc9562.xml,https://dx.doi.org/10.17487/rfc9562,200
rfc9562.xml,https://www.rfc-editor.org/info/rfc9562,200
rfc9562.xml,https://trustee.ietf.org/license-info,200
rfc9562.xml,https://www.iana.org/assignments/uuid,200
rfc9562.xml,https://pubs.opengroup.org/onlinepubs/9696999099/toc.pdf,200
rfc9562.xml,https://pubs.opengroup.org/onlinepubs/9696989899/toc.pdf,200
rfc9562.xml,https://nvlpubs.nist.gov/nistpubs/FIPS/NIST.FIPS.180-4.pdf,200
rfc9562.xml,https://nvlpubs.nist.gov/nistpubs/FIPS/NIST.FIPS.202.pdf,200
rfc9562.xml,https://www.rfc-editor.org/info/rfc2119,200
rfc9562.xml,https://www.rfc-editor.org/info/rfc8141,200
rfc9562.xml,https://www.rfc-editor.org/info/rfc8174,200
rfc9562.xml,https://github.com/richardtallent/RT.Comb,200
rfc9562.xml,https://github.com/ericelliott/cuid,200
rfc9562.xml,https://github.com/ppearcy/elasticflake,200
rfc9562.xml,https://www.rfc-editor.org/errata/eid1957,200
rfc9562.xml,https://www.rfc-editor.org/errata/eid3546,200
rfc9562.xml,https://www.rfc-editor.org/errata/eid4975,200
rfc9562.xml,https://www.rfc-editor.org/errata/eid4976,200
rfc9562.xml,https://www.rfc-editor.org/errata/eid5560,200
rfc9562.xml,https://github.com/boundary/flake,200
rfc9562.xml,https://github.com/T-PWK/flake-idgen,200
rfc9562.xml,https://www.ibm.com/docs/en/aix/7.1?topic=u-uuid-gen-command-ncs,Connection error: HTTP Error 403: Forbidden
rfc9562.xml,https://standards.ieee.org/ieee/754/6210/,Connection error: HTTP Error 403: Forbidden
rfc9562.xml,https://standards.ieee.org/ieee/802.11bh/10525/,Connection error: HTTP Error 403: Forbidden
rfc9562.xml,https://github.com/segmentio/ksuid,200
rfc9562.xml,https://github.com/twitter-archive/cassie,200
rfc9562.xml,https://learn.microsoft.com/en-us/openspecs/windows_protocols/ms-dtyp/222af2d3-5c00-4899-bc87-ed4c6515e80d,200
rfc9562.xml,https://devblogs.microsoft.com/oldnewthing/20220928-00/?p=107221,Connection error: HTTP Error 403: Forbidden
rfc9562.xml,https://docs.mongodb.com/manual/reference/method/ObjectId/,200
rfc9562.xml,https://itnext.io/laravel-the-mysterious-ordered-uuid-29e7500b4f8,Connection error: HTTP Error 403: Forbidden
rfc9562.xml,https://firebase.googleblog.com/2015/02/the-2120-ways-to-ensure-unique_68.html,200
rfc9562.xml,https://docs.python.org/3/library/uuid.html,200
rfc9562.xml,https://peteroupc.github.io/random.html,200
rfc9562.xml,https://www.rfc-editor.org/info/rfc1321,200
rfc9562.xml,https://www.rfc-editor.org/info/rfc1738,200
rfc9562.xml,https://www.rfc-editor.org/info/rfc4086,200
rfc9562.xml,https://www.rfc-editor.org/info/rfc4122,200
rfc9562.xml,https://www.rfc-editor.org/info/rfc5234,200
rfc9562.xml,https://www.rfc-editor.org/info/rfc6151,200
rfc9562.xml,https://www.rfc-editor.org/info/rfc6194,200
rfc9562.xml,https://www.rfc-editor.org/info/rfc8126,200
rfc9562.xml,https://www.rfc-editor.org/info/rfc8937,200
rfc9562.xml,https://www.rfc-editor.org/info/rfc9499,200
rfc9562.xml,https://www.rfc-editor.org/info/rfc9542,200
rfc9562.xml,https://instagram-engineering.com/sharding-ids-at-instagram-1cf5a71e5a5c,Connection error: HTTP Error 403: Forbidden
rfc9562.xml,https://github.com/chilts/sid,200
rfc9562.xml,https://github.com/twitter-archive/snowflake,200
rfc9562.xml,https://github.com/sony/sonyflake,200
rfc9562.xml,https://github.com/ulid/spec,200
rfc9562.xml,https://www.iana.org/assignments/urn-namespaces/,200
rfc9562.xml,https://github.com/rs/xid,200
rfc8906.xml,https://datatracker.ietf.org/doc/draft-ietf-dnsop-no-response-issue-23,200
rfc8906.xml,https://dx.doi.org/10.17487/rfc8906,200
rfc8906.xml,https://www.rfc-editor.org/info/rfc8906,200
rfc8906.xml,https://trustee.ietf.org/license-info,200
rfc8906.xml,https://www.rfc-editor.org/info/rfc1034,200
rfc8906.xml,https://www.rfc-editor.org/info/rfc1035,200
rfc8906.xml,https://www.rfc-editor.org/info/rfc3225,200
rfc8906.xml,https://www.rfc-editor.org/info/rfc4035,200
rfc8906.xml,https://www.rfc-editor.org/info/rfc6840,200
rfc8906.xml,https://www.rfc-editor.org/info/rfc6891,200
rfc8906.xml,https://www.rfc-editor.org/info/rfc6895,200
rfc8906.xml,https://www.rfc-editor.org/info/rfc7766,200
rfc8906.xml,https://www.iana.org/assignments/dns-parameters/,200
rfc8906.xml,https://www.isc.org/,200
rfc8906.xml,https://www.rfc-editor.org/info/rfc2671,200
rfc8906.xml,https://www.rfc-editor.org/info/rfc3597,200
rfc8906.xml,https://www.rfc-editor.org/info/rfc5001,200
rfc8906.xml,https://www.rfc-editor.org/info/rfc7314,200
rfc8906.xml,https://www.rfc-editor.org/info/rfc7871,200
rfc8906.xml,https://www.rfc-editor.org/info/rfc7873,200
rfc8949.xml,https://datatracker.ietf.org/doc/draft-ietf-cbor-7049bis-16,200
rfc8949.xml,https://dx.doi.org/10.17487/rfc8949,200
rfc8949.xml,https://www.rfc-editor.org/info/rfc8949,200
rfc8949.xml,https://trustee.ietf.org/license-info,200
rfc8949.xml,https://www.iso.org/standard/74528.html,200
rfc8949.xml,https://isocpp.org/files/papers/N4860.pdf,Connection error: HTTP Error 403: Forbidden
rfc8949.xml,https://ieeexplore.ieee.org/document/8766229,Connection error: HTTP Error 418: Unknown Code
rfc8949.xml,https://www.rfc-editor.org/info/rfc2045,200
rfc8949.xml,https://www.rfc-editor.org/info/rfc2119,200
rfc8949.xml,https://www.rfc-editor.org/info/rfc3339,200
rfc8949.xml,https://www.rfc-editor.org/info/rfc3629,200
rfc8949.xml,https://www.rfc-editor.org/info/rfc3986,200
rfc8949.xml,https://www.rfc-editor.org/info/rfc4287,200
rfc8949.xml,https://www.rfc-editor.org/info/rfc4648,200
rfc8949.xml,https://www.rfc-editor.org/info/rfc8126,200
rfc8949.xml,https://www.rfc-editor.org/info/rfc8174,200
rfc8949.xml,https://pubs.opengroup.org/onlinepubs/9699919799/basedefs/V1_chap04.html#tag_04_16,200
rfc8949.xml,https://www.itu.int/rec/T-REC-X.690-201508-I/en,200
rfc8949.xml,http://bsonspec.org/,200
rfc8949.xml,https://tools.ietf.org/html/draft-bormann-cbor-notable-tags-02,200
rfc8949.xml,http://www.ietf.org/internet-drafts/draft-bormann-cbor-notable-tags-02.txt,Connection error: HTTP Error 404: Not Found
rfc8949.xml,https://www.ecma-international.org/publications/standards/Ecma-262.htm,200
rfc8949.xml,https://www.rfc-editor.org/errata/eid3764,200
rfc8949.xml,https://www.rfc-editor.org/errata/eid3770,200
rfc8949.xml,https://www.rfc-editor.org/errata/eid4294,200
rfc8949.xml,https://www.rfc-editor.org/errata/eid4409,200
rfc8949.xml,https://www.rfc-editor.org/errata/eid4963,200
rfc8949.xml,https://www.rfc-editor.org/errata/eid4964,200
rfc8949.xml,https://www.rfc-editor.org/errata/eid5434,200
rfc8949.xml,https://www.rfc-editor.org/errata/eid5763,200
rfc8949.xml,https://www.rfc-editor.org/errata/eid5917,200
rfc8949.xml,https://www.iana.org/assignments/cbor-simple-values,200
rfc8949.xml,https://www.iana.org/assignments/cbor-tags,200
rfc8949.xml,https://www.iana.org/assignments/core-parameters,200
rfc8949.xml,https://www.iana.org/assignments/media-types,200
rfc8949.xml,https://www.iana.org/assignments/media-type-structured-suffix,200
rfc8949.xml,https://msgpack.org/,Connection error: HTTP Error 403: Forbidden
rfc8949.xml,https://www.pcre.org/,200
rfc8949.xml,https://www.rfc-editor.org/info/rfc713,200
rfc8949.xml,https://www.rfc-editor.org/info/rfc6838,200
rfc8949.xml,https://www.rfc-editor.org/info/rfc7049,200
rfc8949.xml,https://www.rfc-editor.org/info/rfc7228,200
rfc8949.xml,https://www.rfc-editor.org/info/rfc7493,200
rfc8949.xml,https://www.rfc-editor.org/info/rfc7991,200
rfc8949.xml,https://www.rfc-editor.org/info/rfc8259,200
rfc8949.xml,https://www.rfc-editor.org/info/rfc8610,200
rfc8949.xml,https://www.rfc-editor.org/info/rfc8618,200
rfc8949.xml,https://www.rfc-editor.org/info/rfc8742,200
rfc8949.xml,https://www.rfc-editor.org/info/rfc8746,200
rfc8949.xml,https://doi.org/10.1007/978-3-642-34931-7_28,200
rfc8949.xml,https://www.aumasson.jp/siphash/siphash.pdf,200
rfc8949.xml,https://www.yaml.org/spec/1.2/spec.html,200
rfc9120.xml,https://datatracker.ietf.org/doc/draft-iab-arpa-authoritative-servers-01,200
rfc9120.xml,https://dx.doi.org/10.17487/rfc9120,200
rfc9120.xml,https://www.rfc-editor.org/info/rfc9120,200
rfc9120.xml,https://trustee.ietf.org/license-info,200
rfc9120.xml,https://www.rfc-editor.org/info/rfc3172,200
rfc9120.xml,https://www.rfc-editor.org/info/rfc5855,200
rfc9120.xml,https://www.rfc-editor.org/info/rfc7720,200
rfc8898.xml,https://datatracker.ietf.org/doc/draft-ietf-sipcore-sip-token-authnz-17,200
rfc8898.xml,https://dx.doi.org/10.17487/rfc8898,200
rfc8898.xml,https://www.rfc-editor.org/info/rfc8898,200
rfc8898.xml,https://trustee.ietf.org/license-info,200
rfc8898.xml,https://www.iana.org/assignments/sip-parameters,200
rfc8898.xml,https://www.iana.org/assignments/sip-parameters,200
rfc8898.xml,https://www.rfc-editor.org/info/rfc2119,200
rfc8898.xml,https://www.rfc-editor.org/info/rfc3261,200
rfc8898.xml,https://www.rfc-editor.org/info/rfc5234,200
rfc8898.xml,https://www.rfc-editor.org/info/rfc6749,200
rfc8898.xml,https://www.rfc-editor.org/info/rfc6750,200
rfc8898.xml,https://www.rfc-editor.org/info/rfc7230,200
rfc8898.xml,https://www.rfc-editor.org/info/rfc7519,200
rfc8898.xml,https://www.rfc-editor.org/info/rfc7662,200
rfc8898.xml,https://www.rfc-editor.org/info/rfc8174,200
rfc8898.xml,https://www.rfc-editor.org/info/rfc8252,200
rfc8898.xml,https://www.rfc-editor.org/info/rfc8414,200
rfc8940.xml,https://datatracker.ietf.org/doc/draft-ietf-emu-eap-session-id-07.txt,200
rfc8940.xml,https://dx.doi.org/10.17487/rfc8940,200
rfc8940.xml,https://www.rfc-editor.org/info/rfc8940,200
rfc8940.xml,https://trustee.ietf.org/license-info,200
rfc8940.xml,https://doi.org/10.1109/IEEESTD.2016.7792308,Connection error: HTTP Error 418: Unknown Code
rfc8940.xml,https://www.rfc-editor.org/info/rfc3748,200
rfc8940.xml,https://www.rfc-editor.org/info/rfc5216,200
rfc8940.xml,https://www.rfc-editor.org/info/rfc5247,200
rfc8940.xml,https://tools.ietf.org/html/draft-ietf-emu-rfc5448bis-07,200
rfc8940.xml,https://www.ietf.org/internet-drafts/draft-ietf-emu-rfc5448bis-07.txt,Connection error: HTTP Error 404: Not Found
rfc8940.xml,https://www.rfc-editor.org/errata/eid5011,200
rfc8940.xml,https://docs.microsoft.com/en-us/openspecs/windows_protocols/ms-peap/5308642b-90c9-4cc4-beec-fb367325c0f9,200
rfc8940.xml,https://tools.ietf.org/html/draft-josefsson-pppext-eap-tls-eap-10,200
rfc8940.xml,https://www.ietf.org/internet-drafts/draft-josefsson-pppext-eap-tls-eap-10.txt,Connection error: HTTP Error 404: Not Found
rfc8940.xml,https://www.rfc-editor.org/info/rfc4186,200
rfc8940.xml,https://www.rfc-editor.org/info/rfc4187,200
rfc8940.xml,https://www.rfc-editor.org/info/rfc6696,200
rfc8940.xml,https://tools.ietf.org/html/draft-ietf-emu-tls-eap-types-01,200
rfc8940.xml,https://www.ietf.org/internet-drafts/draft-ietf-emu-tls-eap-types-01.txt,Connection error: HTTP Error 404: Not Found
rfc9643.xml,https://datatracker.ietf.org/doc/draft-ietf-netconf-tcp-client-server-26,200
rfc9643.xml,https://dx.doi.org/10.17487/rfc9643,200
rfc9643.xml,https://www.rfc-editor.org/info/rfc9643,200
rfc9643.xml,https://trustee.ietf.org/license-info,200
rfc9643.xml,https://www.rfc-editor.org/info/rfc2119,200
rfc9643.xml,https://www.rfc-editor.org/info/rfc4252,200
rfc9643.xml,https://www.rfc-editor.org/info/rfc6020,200
rfc9643.xml,https://www.rfc-editor.org/info/rfc6991,200
rfc9643.xml,https://www.rfc-editor.org/info/rfc7950,200
rfc9643.xml,https://www.rfc-editor.org/info/rfc8174,200
rfc9643.xml,https://www.rfc-editor.org/info/rfc8341,200
rfc9643.xml,https://www.rfc-editor.org/info/rfc9000,200
rfc9643.xml,https://www.rfc-editor.org/info/rfc9293,200
rfc9643.xml,https://www.rfc-editor.org/info/rfc9640,200
rfc9643.xml,https://datatracker.ietf.org/doc/html/draft-ietf-netconf-http-client-server-23,200
rfc9643.xml,https://datatracker.ietf.org/doc/html/draft-ietf-netconf-netconf-client-server-37,200
rfc9643.xml,https://datatracker.ietf.org/doc/html/draft-ietf-netconf-restconf-client-server-38,200
rfc9643.xml,https://www.rfc-editor.org/info/rfc1928,200
rfc9643.xml,https://www.rfc-editor.org/info/rfc1929,200
rfc9643.xml,https://www.rfc-editor.org/info/rfc2743,200
rfc9643.xml,https://www.rfc-editor.org/info/rfc3688,200
rfc9643.xml,https://www.rfc-editor.org/info/rfc6056,200
rfc9643.xml,https://www.rfc-editor.org/info/rfc6241,200
rfc9643.xml,https://www.rfc-editor.org/info/rfc8040,200
rfc9643.xml,https://www.rfc-editor.org/info/rfc8259,200
rfc9643.xml,https://www.rfc-editor.org/info/rfc8340,200
rfc9643.xml,https://www.rfc-editor.org/info/rfc8342,200
rfc9643.xml,https://www.rfc-editor.org/info/rfc8407,200
rfc9643.xml,https://www.rfc-editor.org/info/rfc8446,200
rfc9643.xml,https://www.rfc-editor.org/info/rfc9641,200
rfc9643.xml,https://www.rfc-editor.org/info/rfc9642,200
rfc9643.xml,https://www.rfc-editor.org/info/rfc9644,200
rfc9643.xml,https://www.rfc-editor.org/info/rfc9645,200
rfc9643.xml,https://www.usenix.org/legacy/publications/library/proceedings/sec92/full_papers/koblas.pdf,200
rfc9643.xml,https://www.openssh.com/txt/socks4a.protocol,200
rfc9643.xml,https://www.w3.org/TR/2008/REC-xml-20081126/,200
rfc8684.xml,https://datatracker.ietf.org/doc/draft-ietf-mptcp-rfc6824bis-18,200
rfc8684.xml,https://dx.doi.org/10.17487/rfc8684,200
rfc8684.xml,https://www.rfc-editor.org/info/rfc8684,200
rfc8684.xml,https://trustee.ietf.org/license-info,200
rfc8684.xml,https://www.rfc-editor.org/info/rfc793,200
rfc8684.xml,https://www.rfc-editor.org/info/rfc2104,200
rfc8684.xml,https://www.rfc-editor.org/info/rfc2119,200
rfc8684.xml,https://www.rfc-editor.org/info/rfc5961,200
rfc8684.xml,https://www.rfc-editor.org/info/rfc6234,200
rfc8684.xml,https://www.rfc-editor.org/info/rfc8174,200
rfc8684.xml,https://www.ietfjournal.org/multipath-tcp-deployments/,Connection error: HTTP Error 403: Forbidden
rfc8684.xml,https://www.usenix.org/conference/nsdi12/technical-sessions/presentation/raiciu,200
rfc8684.xml,https://www.usenix.org/legacy/events/sec01/full_papers/handley/handley.pdf,200
rfc8684.xml,https://www.rfc-editor.org/info/rfc1122,200
rfc8684.xml,https://www.rfc-editor.org/info/rfc1918,200
rfc8684.xml,https://www.rfc-editor.org/info/rfc2018,200
rfc8684.xml,https://www.rfc-editor.org/info/rfc2979,200
rfc8684.xml,https://www.rfc-editor.org/info/rfc2992,200
rfc8684.xml,https://www.rfc-editor.org/info/rfc3022,200
rfc8684.xml,https://www.rfc-editor.org/info/rfc3135,200
rfc8684.xml,https://www.rfc-editor.org/info/rfc4086,200
rfc8684.xml,https://www.rfc-editor.org/info/rfc4987,200
rfc8684.xml,https://www.rfc-editor.org/info/rfc5681,200
rfc8684.xml,https://www.rfc-editor.org/info/rfc6181,200
rfc8684.xml,https://www.rfc-editor.org/info/rfc6182,200
rfc8684.xml,https://www.rfc-editor.org/info/rfc6356,200
rfc8684.xml,https://www.rfc-editor.org/info/rfc6528,200
rfc8684.xml,https://www.rfc-editor.org/info/rfc6824,200
rfc8684.xml,https://www.rfc-editor.org/info/rfc6897,200
rfc8684.xml,https://www.rfc-editor.org/info/rfc7323,200
rfc8684.xml,https://www.rfc-editor.org/info/rfc7413,200
rfc8684.xml,https://www.rfc-editor.org/info/rfc7430,200
rfc8684.xml,https://www.rfc-editor.org/info/rfc8041,200
rfc8684.xml,https://www.rfc-editor.org/info/rfc8126,200
rfc8684.xml,https://tools.ietf.org/html/draft-ananth-tcpm-tcpoptext-00,200
rfc8684.xml,http://www.ietf.org/internet-drafts/draft-ananth-tcpm-tcpoptext-00.txt,Connection error: HTTP Error 404: Not Found
rfc9176.xml,https://datatracker.ietf.org/doc/draft-ietf-core-resource-directory-28,200
rfc9176.xml,https://dx.doi.org/10.17487/rfc9176,200
rfc9176.xml,https://www.rfc-editor.org/info/rfc9176,200
rfc9176.xml,https://trustee.ietf.org/license-info,200
rfc9176.xml,https://www.rfc-editor.org/info/rfc2119,200
rfc9176.xml,https://www.rfc-editor.org/info/rfc3986,200
rfc9176.xml,https://www.rfc-editor.org/info/rfc6570,200
rfc9176.xml,https://www.rfc-editor.org/info/rfc6690,200
rfc9176.xml,https://www.rfc-editor.org/info/rfc6763,200
rfc9176.xml,https://www.rfc-editor.org/info/rfc7230,200
rfc9176.xml,https://www.rfc-editor.org/info/rfc7252,200
rfc9176.xml,https://www.rfc-editor.org/info/rfc8126,200
rfc9176.xml,https://www.rfc-editor.org/info/rfc8174,200
rfc9176.xml,https://www.rfc-editor.org/info/rfc8288,200
rfc9176.xml,https://www.rfc-editor.org/info/rfc9175,200
rfc9176.xml,https://datatracker.ietf.org/doc/html/draft-ietf-ace-oauth-authz-46,200
rfc9176.xml,https://www.ietf.org/archive/id/draft-ietf-ace-oauth-authz-46.txt,200
rfc9176.xml,https://datatracker.ietf.org/doc/html/draft-silverajan-core-coap-protocol-negotiation-09,200
rfc9176.xml,https://www.ietf.org/archive/id/draft-silverajan-core-coap-protocol-negotiation-09.txt,200
rfc9176.xml,https://datatracker.ietf.org/doc/html/draft-ietf-core-coral-05,200
rfc9176.xml,https://www.ietf.org/archive/id/draft-ietf-core-coral-05.txt,200
rfc9176.xml,https://datatracker.ietf.org/doc/html/draft-ietf-core-links-json-10,200
rfc9176.xml,http://www.ietf.org/internet-drafts/draft-ietf-core-links-json-10.txt,Connection error: HTTP Error 404: Not Found
rfc9176.xml,https://datatracker.ietf.org/doc/html/draft-ietf-core-rd-dns-sd-05,200
rfc9176.xml,http://www.ietf.org/internet-drafts/draft-ietf-core-rd-dns-sd-05.txt,Connection error: HTTP Error 404: Not Found
rfc9176.xml,https://doi.org/10.1145/320434.320440,Connection error: HTTP Error 403: Forbidden
rfc9176.xml,https://openmobilealliance.org/RELEASE/LightweightM2M/V1_1-20180612-C/OMA-TS-LightweightM2M_Transport-V1_1-20180612-C.pdf,Connection error: HTTP Error 403: Forbidden
rfc9176.xml,https://www.rfc-editor.org/info/rfc3306,200
rfc9176.xml,https://www.rfc-editor.org/info/rfc3307,200
rfc9176.xml,https://www.rfc-editor.org/info/rfc3849,200
rfc9176.xml,https://www.rfc-editor.org/info/rfc4122,200
rfc9176.xml,https://www.rfc-editor.org/info/rfc4944,200
rfc9176.xml,https://www.rfc-editor.org/info/rfc5771,200
rfc9176.xml,https://www.rfc-editor.org/info/rfc6724,200
rfc9176.xml,https://www.rfc-editor.org/info/rfc6775,200
rfc9176.xml,https://www.rfc-editor.org/info/rfc6874,200
rfc9176.xml,https://www.rfc-editor.org/info/rfc7228,200
rfc9176.xml,https://www.rfc-editor.org/info/rfc7641,200
rfc9176.xml,https://www.rfc-editor.org/info/rfc8106,200
rfc9176.xml,https://www.rfc-editor.org/info/rfc8132,200
rfc9176.xml,https://www.rfc-editor.org/info/rfc8141,200
rfc9176.xml,https://www.rfc-editor.org/info/rfc8613,200
rfc9176.xml,https://datatracker.ietf.org/doc/html/draft-bormann-t2trg-rel-impl-02,200
rfc9176.xml,https://www.ietf.org/archive/id/draft-bormann-t2trg-rel-impl-02.txt,200
rfc9555.xml,https://datatracker.ietf.org/doc/draft-ietf-calext-jscontact-vcard-14,200
rfc9555.xml,https://dx.doi.org/10.17487/rfc9555,200
rfc9555.xml,https://www.rfc-editor.org/info/rfc9555,200
rfc9555.xml,https://trustee.ietf.org/license-info,200
rfc9555.xml,https://www.rfc-editor.org/info/rfc2119,200
rfc9555.xml,https://www.rfc-editor.org/info/rfc3986,200
rfc9555.xml,https://www.rfc-editor.org/info/rfc5234,200
rfc9555.xml,https://www.rfc-editor.org/info/rfc5646,200
rfc9555.xml,https://www.rfc-editor.org/info/rfc6350,200
rfc9555.xml,https://www.rfc-editor.org/info/rfc6473,200
rfc9555.xml,https://www.rfc-editor.org/info/rfc6474,200
rfc9555.xml,https://www.rfc-editor.org/info/rfc6715,200
rfc9555.xml,https://www.rfc-editor.org/info/rfc6869,200
rfc9555.xml,https://www.rfc-editor.org/info/rfc6901,200
rfc9555.xml,https://www.rfc-editor.org/info/rfc7095,200
rfc9555.xml,https://www.rfc-editor.org/info/rfc8174,200
rfc9555.xml,https://www.rfc-editor.org/info/rfc8259,200
rfc9555.xml,https://www.rfc-editor.org/info/rfc9553,200
rfc9555.xml,https://www.rfc-editor.org/info/rfc9554,200
rfc9555.xml,https://www.unicode.org/reports/tr35/tr35-personNames.html,200
rfc9555.xml,https://www.rfc-editor.org/info/rfc8605,200
rfc9555.xml,https://datatracker.ietf.org/doc/html/draft-calconnect-vobject-i18n-00,200
rfc9334.xml,https://datatracker.ietf.org/doc/draft-ietf-rats-architecture-22,200
rfc9334.xml,https://dx.doi.org/10.17487/rfc9334,200
rfc9334.xml,https://www.rfc-editor.org/info/rfc9334,200
rfc9334.xml,https://trustee.ietf.org/license-info,200
rfc9334.xml,https://www.rfc-editor.org/info/rfc5280,200
rfc9334.xml,https://www.rfc-editor.org/info/rfc5280,200
rfc9334.xml,https://www.rfc-editor.org/info/rfc7519,200
rfc9334.xml,https://www.rfc-editor.org/info/rfc7519,200
rfc9334.xml,https://www.rfc-editor.org/info/rfc8392,200
rfc9334.xml,https://www.rfc-editor.org/info/rfc8392,200
rfc9334.xml,https://confidentialcomputing.io/white-papers-reports,200
rfc9334.xml,https://fidoalliance.org/specs/fido-v2.0-id-20180227/fido-client-to-authenticator-protocol-v2.0-id-20180227.html,Connection error: HTTP Error 403: Forbidden
rfc9334.xml,https://nvlpubs.nist.gov/nistpubs/SpecialPublications/NIST.SP.800-57pt1r5.pdf,200
rfc9334.xml,https://opcfoundation.org/developer-tools/specifications-unified-architecture/part-2-security-model/,Connection error: HTTP Error 403: Forbidden
rfc9334.xml,https://datatracker.ietf.org/doc/html/draft-ietf-rats-daa-02,200
rfc9334.xml,https://www.ietf.org/archive/id/draft-ietf-rats-daa-02.txt,200
rfc9334.xml,https://datatracker.ietf.org/doc/html/draft-tschofenig-rats-psa-token-10,200
rfc9334.xml,https://datatracker.ietf.org/doc/html/draft-birkholz-rats-tuda-07,200
rfc9334.xml,https://www.ietf.org/archive/id/draft-birkholz-rats-tuda-07.txt,200
rfc9334.xml,https://datatracker.ietf.org/doc/html/draft-ietf-rats-uccs-04,200
rfc9334.xml,https://www.ietf.org/archive/id/draft-ietf-rats-uccs-04.txt,200
rfc9334.xml,https://www.rfc-editor.org/info/rfc4086,200
rfc9334.xml,https://www.rfc-editor.org/info/rfc4086,200
rfc9334.xml,https://www.rfc-editor.org/info/rfc4949,200
rfc9334.xml,https://www.rfc-editor.org/info/rfc4949,200
rfc9334.xml,https://www.rfc-editor.org/info/rfc5209,200
rfc9334.xml,https://www.rfc-editor.org/info/rfc5209,200
rfc9334.xml,https://www.rfc-editor.org/info/rfc6024,200
rfc9334.xml,https://www.rfc-editor.org/info/rfc6024,200
rfc9334.xml,https://www.rfc-editor.org/info/rfc8322,200
rfc9334.xml,https://www.rfc-editor.org/info/rfc8322,200
rfc9334.xml,https://csrc.nist.gov/glossary/term/strength_of_function,200
rfc9334.xml,https://trustedcomputinggroup.org/wp-content/uploads/DICE-Attestation-Architecture-r23-final.pdf,Connection error: HTTP Error 403: Forbidden
rfc9334.xml,https://trustedcomputinggroup.org/wp-content/uploads/TCG_DICE_SymIDAttest_v1_r0p95_pub-1.pdf,Connection error: HTTP Error 403: Forbidden
rfc9334.xml,https://trustedcomputinggroup.org/wp-content/uploads/TCG_TPM2_r1p59_Part1_Architecture_pub.pdf,Connection error: HTTP Error 403: Forbidden
rfc9334.xml,https://datatracker.ietf.org/doc/html/draft-ietf-teep-architecture-19,200
rfc9334.xml,https://datatracker.ietf.org/doc/html/draft-tschofenig-tls-cwt-02,200
rfc9334.xml,https://www.ietf.org/archive/id/draft-tschofenig-tls-cwt-02.txt,200
rfc9334.xml,https://www.w3.org/TR/webauthn-1/,200
rfc8961.xml,https://datatracker.ietf.org/doc/draft-ietf-tcpm-rto-consider-17,200
rfc8961.xml,https://dx.doi.org/10.17487/rfc8961,200
rfc8961.xml,https://www.rfc-editor.org/info/rfc8961,200
rfc8961.xml,https://trustee.ietf.org/license-info,200
rfc8961.xml,https://www.rfc-editor.org/info/rfc2119,200
rfc8961.xml,https://www.rfc-editor.org/info/rfc8174,200
rfc8961.xml,https://tools.ietf.org/html/draft-ietf-tcpm-rack-13,200
rfc8961.xml,https://www.ietf.org/internet-drafts/draft-ietf-tcpm-rack-13.txt,Connection error: HTTP Error 404: Not Found
rfc8961.xml,https://tools.ietf.org/html/draft-dukkipati-tcpm-tcp-loss-probe-01,200
rfc8961.xml,https://www.ietf.org/internet-drafts/draft-dukkipati-tcpm-tcp-loss-probe-01.txt,Connection error: HTTP Error 404: Not Found
rfc8961.xml,https://tools.ietf.org/html/draft-ietf-quic-recovery-32,200
rfc8961.xml,https://doi.org/10.1145/52325.52356,Connection error: HTTP Error 403: Forbidden
rfc8961.xml,https://www.rfc-editor.org/info/rfc1034,200
rfc8961.xml,https://www.rfc-editor.org/info/rfc1035,200
rfc8961.xml,https://www.rfc-editor.org/info/rfc2018,200
rfc8961.xml,https://www.rfc-editor.org/info/rfc2140,200
rfc8961.xml,https://www.rfc-editor.org/info/rfc2883,200
rfc8961.xml,https://www.rfc-editor.org/info/rfc3124,200
rfc8961.xml,https://www.rfc-editor.org/info/rfc3261,200
rfc8961.xml,https://www.rfc-editor.org/info/rfc3522,200
rfc8961.xml,https://www.rfc-editor.org/info/rfc3708,200
rfc8961.xml,https://www.rfc-editor.org/info/rfc4960,200
rfc8961.xml,https://www.rfc-editor.org/info/rfc5681,200
rfc8961.xml,https://www.rfc-editor.org/info/rfc5682,200
rfc8961.xml,https://www.rfc-editor.org/info/rfc5740,200
rfc8961.xml,https://www.rfc-editor.org/info/rfc6182,200
rfc8961.xml,https://www.rfc-editor.org/info/rfc6298,200
rfc8961.xml,https://www.rfc-editor.org/info/rfc6675,200
rfc8961.xml,https://www.rfc-editor.org/info/rfc7323,200
rfc9349.xml,https://datatracker.ietf.org/doc/draft-ietf-ipsecme-mib-iptfs-11,200
rfc9349.xml,https://dx.doi.org/10.17487/rfc9349,200
rfc9349.xml,https://www.rfc-editor.org/info/rfc9349,200
rfc9349.xml,https://trustee.ietf.org/license-info,200
rfc9349.xml,https://www.rfc-editor.org/info/rfc2119,200
rfc9349.xml,https://www.rfc-editor.org/info/rfc2119,200
rfc9349.xml,https://www.rfc-editor.org/info/rfc2578,200
rfc9349.xml,https://www.rfc-editor.org/info/rfc2578,200
rfc9349.xml,https://www.rfc-editor.org/info/rfc2579,200
rfc9349.xml,https://www.rfc-editor.org/info/rfc2579,200
rfc9349.xml,https://www.rfc-editor.org/info/rfc2580,200
rfc9349.xml,https://www.rfc-editor.org/info/rfc2580,200
rfc9349.xml,https://www.rfc-editor.org/info/rfc3414,200
rfc9349.xml,https://www.rfc-editor.org/info/rfc3414,200
rfc9349.xml,https://www.rfc-editor.org/info/rfc3826,200
rfc9349.xml,https://www.rfc-editor.org/info/rfc3826,200
rfc9349.xml,https://www.rfc-editor.org/info/rfc5591,200
rfc9349.xml,https://www.rfc-editor.org/info/rfc5591,200
rfc9349.xml,https://www.rfc-editor.org/info/rfc5592,200
rfc9349.xml,https://www.rfc-editor.org/info/rfc5592,200
rfc9349.xml,https://www.rfc-editor.org/info/rfc6353,200
rfc9349.xml,https://www.rfc-editor.org/info/rfc6353,200
rfc9349.xml,https://www.rfc-editor.org/info/rfc8174,200
rfc9349.xml,https://www.rfc-editor.org/info/rfc8174,200
rfc9349.xml,https://www.rfc-editor.org/info/rfc9347,200
rfc9349.xml,https://www.rfc-editor.org/info/rfc3410,200
rfc9349.xml,https://www.rfc-editor.org/info/rfc3410,200
rfc9349.xml,https://www.rfc-editor.org/info/rfc4301,200
rfc9349.xml,https://www.rfc-editor.org/info/rfc4301,200
rfc9349.xml,https://www.rfc-editor.org/info/rfc5348,200
rfc9349.xml,https://www.rfc-editor.org/info/rfc5348,200
rfc9349.xml,https://www.rfc-editor.org/info/rfc9348,200
rfc8789.xml,https://datatracker.ietf.org/doc/draft-halpern-gendispatch-consensusinformational-04,200
rfc8789.xml,https://dx.doi.org/10.17487/rfc8789,200
rfc8789.xml,https://www.rfc-editor.org/info/rfc8789,200
rfc8789.xml,https://trustee.ietf.org/license-info,200
rfc8789.xml,https://www.rfc-editor.org/info/rfc2026,200
rfc8789.xml,https://www.rfc-editor.org/info/rfc2119,200
rfc8789.xml,https://www.rfc-editor.org/info/rfc8174,200
rfc8789.xml,https://ietf.org/about/groups/iesg/statements/area-director-sponsoring-documents/,200
rfc9641.xml,https://datatracker.ietf.org/doc/draft-ietf-netconf-trust-anchors-28,200
rfc9641.xml,https://dx.doi.org/10.17487/rfc9641,200
rfc9641.xml,https://www.rfc-editor.org/info/rfc9641,200
rfc9641.xml,https://trustee.ietf.org/license-info,200
rfc9641.xml,https://www.rfc-editor.org/info/rfc2119,200
rfc9641.xml,https://www.rfc-editor.org/info/rfc4252,200
rfc9641.xml,https://www.rfc-editor.org/info/rfc6241,200
rfc9641.xml,https://www.rfc-editor.org/info/rfc7950,200
rfc9641.xml,https://www.rfc-editor.org/info/rfc8040,200
rfc9641.xml,https://www.rfc-editor.org/info/rfc8174,200
rfc9641.xml,https://www.rfc-editor.org/info/rfc8341,200
rfc9641.xml,https://www.rfc-editor.org/info/rfc8446,200
rfc9641.xml,https://www.rfc-editor.org/info/rfc9000,200
rfc9641.xml,https://www.rfc-editor.org/info/rfc9640,200
rfc9641.xml,https://datatracker.ietf.org/doc/html/draft-ietf-netconf-http-client-server-23,200
rfc9641.xml,https://datatracker.ietf.org/doc/html/draft-ietf-netconf-netconf-client-server-37,200
rfc9641.xml,https://datatracker.ietf.org/doc/html/draft-ietf-netmod-system-config-09,200
rfc9641.xml,https://datatracker.ietf.org/doc/html/draft-ietf-netconf-restconf-client-server-38,200
rfc9641.xml,https://www.rfc-editor.org/info/rfc3688,200
rfc9641.xml,https://www.rfc-editor.org/info/rfc6020,200
rfc9641.xml,https://www.rfc-editor.org/info/rfc8259,200
rfc9641.xml,https://www.rfc-editor.org/info/rfc8340,200
rfc9641.xml,https://www.rfc-editor.org/info/rfc8342,200
rfc9641.xml,https://www.rfc-editor.org/info/rfc8407,200
rfc9641.xml,https://www.rfc-editor.org/info/rfc8572,200
rfc9641.xml,https://www.rfc-editor.org/info/rfc8792,200
rfc9641.xml,https://www.rfc-editor.org/info/rfc9642,200
rfc9641.xml,https://www.rfc-editor.org/info/rfc9643,200
rfc9641.xml,https://www.rfc-editor.org/info/rfc9644,200
rfc9641.xml,https://www.rfc-editor.org/info/rfc9645,200
rfc9641.xml,https://www.w3.org/TR/2008/REC-xml-20081126/,200
rfc8982.xml,https://datatracker.ietf.org/doc/draft-ietf-regext-rdap-partial-response-16,200
rfc8982.xml,https://dx.doi.org/10.17487/rfc8982,200
rfc8982.xml,https://www.rfc-editor.org/info/rfc8982,200
rfc8982.xml,https://trustee.ietf.org/license-info,200
rfc8982.xml,https://www.rfc-editor.org/info/rfc2119,200
rfc8982.xml,https://www.rfc-editor.org/info/rfc5890,200
rfc8982.xml,https://www.rfc-editor.org/info/rfc7230,200
rfc8982.xml,https://www.rfc-editor.org/info/rfc7480,200
rfc8982.xml,https://www.rfc-editor.org/info/rfc7481,200
rfc8982.xml,https://www.rfc-editor.org/info/rfc7482,200
rfc8982.xml,https://www.rfc-editor.org/info/rfc7483,200
rfc8982.xml,https://www.rfc-editor.org/info/rfc8174,200
rfc8982.xml,https://www.rfc-editor.org/info/rfc8288,200
rfc8982.xml,https://github.com/gregwhitaker/catnap/wiki/Catnap-Query-Language-Reference,200
rfc8982.xml,https://www.e4developer.com/2018/02/16/hateoas-simple-explanation/,200
rfc8982.xml,https://www.ics.uci.edu/~fielding/pubs/dissertation/fielding_dissertation.pdf,200
rfc8776.xml,https://datatracker.ietf.org/doc/draft-ietf-teas-yang-te-types-13,200
rfc8776.xml,https://dx.doi.org/10.17487/rfc8776,200
rfc8776.xml,https://www.rfc-editor.org/info/rfc8776,200
rfc8776.xml,https://trustee.ietf.org/license-info,200
rfc8776.xml,https://www.rfc-editor.org/info/rfc2119,200
rfc8776.xml,https://www.rfc-editor.org/info/rfc3688,200
rfc8776.xml,https://www.rfc-editor.org/info/rfc6020,200
rfc8776.xml,https://www.rfc-editor.org/info/rfc6241,200
rfc8776.xml,https://www.rfc-editor.org/info/rfc6242,200
rfc8776.xml,https://www.rfc-editor.org/info/rfc6991,200
rfc8776.xml,https://www.rfc-editor.org/info/rfc7950,200
rfc8776.xml,https://www.rfc-editor.org/info/rfc8040,200
rfc8776.xml,https://www.rfc-editor.org/info/rfc8174,200
rfc8776.xml,https://www.rfc-editor.org/info/rfc8294,200
rfc8776.xml,https://www.rfc-editor.org/info/rfc8341,200
rfc8776.xml,https://www.rfc-editor.org/info/rfc8345,200
rfc8776.xml,https://www.rfc-editor.org/info/rfc8446,200
rfc8776.xml,https://www.itu.int/rec/T-REC-G.709/,200
rfc8776.xml,https://www.rfc-editor.org/info/rfc2702,200
rfc8776.xml,https://www.rfc-editor.org/info/rfc3209,200
rfc8776.xml,https://www.rfc-editor.org/info/rfc3272,200
rfc8776.xml,https://www.rfc-editor.org/info/rfc3471,200
rfc8776.xml,https://www.rfc-editor.org/info/rfc3477,200
rfc8776.xml,https://www.rfc-editor.org/info/rfc3630,200
rfc8776.xml,https://www.rfc-editor.org/info/rfc3785,200
rfc8776.xml,https://www.rfc-editor.org/info/rfc4090,200
rfc8776.xml,https://www.rfc-editor.org/info/rfc4124,200
rfc8776.xml,https://www.rfc-editor.org/info/rfc4125,200
rfc8776.xml,https://www.rfc-editor.org/info/rfc4126,200
rfc8776.xml,https://www.rfc-editor.org/info/rfc4127,200
rfc8776.xml,https://www.rfc-editor.org/info/rfc4202,200
rfc8776.xml,https://www.rfc-editor.org/info/rfc4203,200
rfc8776.xml,https://www.rfc-editor.org/info/rfc4328,200
rfc8776.xml,https://www.rfc-editor.org/info/rfc4427,200
rfc8776.xml,https://www.rfc-editor.org/info/rfc4561,200
rfc8776.xml,https://www.rfc-editor.org/info/rfc4657,200
rfc8776.xml,https://www.rfc-editor.org/info/rfc4736,200
rfc8776.xml,https://www.rfc-editor.org/info/rfc4872,200
rfc8776.xml,https://www.rfc-editor.org/info/rfc4873,200
rfc8776.xml,https://www.rfc-editor.org/info/rfc4875,200
rfc8776.xml,https://www.rfc-editor.org/info/rfc4920,200
rfc8776.xml,https://www.rfc-editor.org/info/rfc5003,200
rfc8776.xml,https://www.rfc-editor.org/info/rfc5150,200
rfc8776.xml,https://www.rfc-editor.org/info/rfc5151,200
rfc8776.xml,https://www.rfc-editor.org/info/rfc5305,200
rfc8776.xml,https://www.rfc-editor.org/info/rfc5307,200
rfc8776.xml,https://www.rfc-editor.org/info/rfc5420,200
rfc8776.xml,https://www.rfc-editor.org/info/rfc5541,200
rfc8776.xml,https://www.rfc-editor.org/info/rfc5712,200
rfc8776.xml,https://www.rfc-editor.org/info/rfc5817,200
rfc8776.xml,https://www.rfc-editor.org/info/rfc6001,200
rfc8776.xml,https://www.rfc-editor.org/info/rfc6004,200
rfc8776.xml,https://www.rfc-editor.org/info/rfc6119,200
rfc8776.xml,https://www.rfc-editor.org/info/rfc6370,200
rfc8776.xml,https://www.rfc-editor.org/info/rfc6378,200
rfc8776.xml,https://www.rfc-editor.org/info/rfc6511,200
rfc8776.xml,https://www.rfc-editor.org/info/rfc6780,200
rfc8776.xml,https://www.rfc-editor.org/info/rfc6790,200
rfc8776.xml,https://www.rfc-editor.org/info/rfc6827,200
rfc8776.xml,https://www.rfc-editor.org/info/rfc7139,200
rfc8776.xml,https://www.rfc-editor.org/info/rfc7260,200
rfc8776.xml,https://www.rfc-editor.org/info/rfc7308,200
rfc8776.xml,https://www.rfc-editor.org/info/rfc7471,200
rfc8776.xml,https://www.rfc-editor.org/info/rfc7551,200
rfc8776.xml,https://www.rfc-editor.org/info/rfc7570,200
rfc8776.xml,https://www.rfc-editor.org/info/rfc7571,200
rfc8776.xml,https://www.rfc-editor.org/info/rfc7579,200
rfc8776.xml,https://www.rfc-editor.org/info/rfc7823,200
rfc8776.xml,https://www.rfc-editor.org/info/rfc8001,200
rfc8776.xml,https://www.rfc-editor.org/info/rfc8149,200
rfc8776.xml,https://www.rfc-editor.org/info/rfc8169,200
rfc8776.xml,https://www.rfc-editor.org/info/rfc8570,200
rfc9220.xml,https://datatracker.ietf.org/doc/draft-ietf-httpbis-h3-websockets-04,200
rfc9220.xml,https://dx.doi.org/10.17487/rfc9220,200
rfc9220.xml,https://www.rfc-editor.org/info/rfc9220,200
rfc9220.xml,https://trustee.ietf.org/license-info,200
rfc9220.xml,https://www.rfc-editor.org/info/rfc9110,200
rfc9220.xml,https://www.rfc-editor.org/info/rfc9113,200
rfc9220.xml,https://www.rfc-editor.org/info/rfc9114,200
rfc9220.xml,https://www.rfc-editor.org/info/rfc2119,200
rfc9220.xml,https://www.rfc-editor.org/info/rfc6455,200
rfc9220.xml,https://www.rfc-editor.org/info/rfc7807,200
rfc9220.xml,https://www.rfc-editor.org/info/rfc8174,200
rfc9220.xml,https://www.rfc-editor.org/info/rfc8441,200
rfc9730.xml,https://datatracker.ietf.org/doc/draft-ietf-teas-gmpls-controller-inter-work-17,200
rfc9730.xml,https://dx.doi.org/10.17487/rfc9730,200
rfc9730.xml,https://www.rfc-editor.org/info/rfc9730,200
rfc9730.xml,https://trustee.ietf.org/license-info,200
rfc9730.xml,https://www.rfc-editor.org/info/rfc3209,200
rfc9730.xml,https://www.rfc-editor.org/info/rfc3473,200
rfc9730.xml,https://www.rfc-editor.org/info/rfc3630,200
rfc9730.xml,https://www.rfc-editor.org/info/rfc3945,200
rfc9730.xml,https://www.rfc-editor.org/info/rfc4090,200
rfc9730.xml,https://www.rfc-editor.org/info/rfc4203,200
rfc9730.xml,https://www.rfc-editor.org/info/rfc4206,200
rfc9730.xml,https://www.rfc-editor.org/info/rfc4655,200
rfc9730.xml,https://www.rfc-editor.org/info/rfc4872,200
rfc9730.xml,https://www.rfc-editor.org/info/rfc4873,200
rfc9730.xml,https://www.rfc-editor.org/info/rfc5305,200
rfc9730.xml,https://www.rfc-editor.org/info/rfc5307,200
rfc9730.xml,https://www.rfc-editor.org/info/rfc5440,200
rfc9730.xml,https://www.rfc-editor.org/info/rfc6001,200
rfc9730.xml,https://www.rfc-editor.org/info/rfc6107,200
rfc9730.xml,https://www.rfc-editor.org/info/rfc6241,200
rfc9730.xml,https://www.rfc-editor.org/info/rfc7030,200
rfc9730.xml,https://www.rfc-editor.org/info/rfc7074,200
rfc9730.xml,https://www.rfc-editor.org/info/rfc7491,200
rfc9730.xml,https://www.rfc-editor.org/info/rfc7926,200
rfc9730.xml,https://www.rfc-editor.org/info/rfc7950,200
rfc9730.xml,https://www.rfc-editor.org/info/rfc8040,200
rfc9730.xml,https://www.rfc-editor.org/info/rfc8271,200
rfc9730.xml,https://www.rfc-editor.org/info/rfc8282,200
rfc9730.xml,https://www.rfc-editor.org/info/rfc8446,200
rfc9730.xml,https://www.rfc-editor.org/info/rfc8453,200
rfc9730.xml,https://www.rfc-editor.org/info/rfc8685,200
rfc9730.xml,https://www.rfc-editor.org/info/rfc8795,200
rfc9730.xml,https://www.rfc-editor.org/info/rfc9424,200
rfc9730.xml,https://www.itu.int/rec/T-REC-G.808.1-201405-I/en,200
rfc9730.xml,https://datatracker.ietf.org/doc/html/draft-ietf-teas-yang-path-computation-24,200
rfc9730.xml,https://datatracker.ietf.org/doc/html/draft-ietf-pce-pcep-ls-02,200
rfc9730.xml,https://www.rfc-editor.org/info/rfc3471,200
rfc9730.xml,https://www.rfc-editor.org/info/rfc4202,200
rfc9730.xml,https://www.rfc-editor.org/info/rfc4204,200
rfc9730.xml,https://www.rfc-editor.org/info/rfc4426,200
rfc9730.xml,https://www.rfc-editor.org/info/rfc5150,200
rfc9730.xml,https://www.rfc-editor.org/info/rfc5212,200
rfc9730.xml,https://www.rfc-editor.org/info/rfc5441,200
rfc9730.xml,https://www.rfc-editor.org/info/rfc5623,200
rfc9730.xml,https://www.rfc-editor.org/info/rfc5654,200
rfc9730.xml,https://www.rfc-editor.org/info/rfc7138,200
rfc9730.xml,https://www.rfc-editor.org/info/rfc7139,200
rfc9730.xml,https://www.rfc-editor.org/info/rfc7271,200
rfc9730.xml,https://www.rfc-editor.org/info/rfc7688,200
rfc9730.xml,https://www.rfc-editor.org/info/rfc7689,200
rfc9730.xml,https://www.rfc-editor.org/info/rfc7792,200
rfc9730.xml,https://www.rfc-editor.org/info/rfc8231,200
rfc9730.xml,https://www.rfc-editor.org/info/rfc8234,200
rfc9730.xml,https://www.rfc-editor.org/info/rfc8281,200
rfc9730.xml,https://www.rfc-editor.org/info/rfc8345,200
rfc9730.xml,https://www.rfc-editor.org/info/rfc8363,200
rfc9730.xml,https://datatracker.ietf.org/doc/html/draft-ietf-pce-stateful-interdomain-07,200
rfc9730.xml,https://datatracker.ietf.org/doc/html/draft-ietf-teas-yang-te-37,200
rfc9293.xml,https://datatracker.ietf.org/doc/draft-ietf-tcpm-rfc793bis-28,200
rfc9293.xml,https://dx.doi.org/10.17487/rfc9293,200
rfc9293.xml,https://www.rfc-editor.org/info/rfc9293,200
rfc9293.xml,https://trustee.ietf.org/license-info,200
rfc9293.xml,https://www.iana.org/assignments/tcp-parameters/,200
rfc9293.xml,https://www.rfc-editor.org/info/rfc791,200
rfc9293.xml,https://www.rfc-editor.org/info/rfc1191,200
rfc9293.xml,https://www.rfc-editor.org/info/rfc2119,200
rfc9293.xml,https://www.rfc-editor.org/info/rfc2474,200
rfc9293.xml,https://www.rfc-editor.org/info/rfc2914,200
rfc9293.xml,https://www.rfc-editor.org/info/rfc3168,200
rfc9293.xml,https://www.rfc-editor.org/info/rfc5033,200
rfc9293.xml,https://www.rfc-editor.org/info/rfc5681,200
rfc9293.xml,https://www.rfc-editor.org/info/rfc5961,200
rfc9293.xml,https://www.rfc-editor.org/info/rfc6298,200
rfc9293.xml,https://www.rfc-editor.org/info/rfc6633,200
rfc9293.xml,https://www.rfc-editor.org/info/rfc8174,200
rfc9293.xml,https://www.rfc-editor.org/info/rfc8200,200
rfc9293.xml,https://www.rfc-editor.org/info/rfc8201,200
rfc9293.xml,https://www.rfc-editor.org/info/rfc8961,200
rfc9293.xml,https://www.rfc-editor.org/info/rfc793,200
rfc9293.xml,https://www.rfc-editor.org/info/rfc896,200
rfc9293.xml,https://www.rfc-editor.org/info/rfc1011,200
rfc9293.xml,https://www.rfc-editor.org/info/rfc1122,200
rfc9293.xml,https://www.rfc-editor.org/info/rfc1349,200
rfc9293.xml,https://www.rfc-editor.org/info/rfc1644,200
rfc9293.xml,https://www.rfc-editor.org/info/rfc2018,200
rfc9293.xml,https://www.rfc-editor.org/info/rfc2525,200
rfc9293.xml,https://www.rfc-editor.org/info/rfc2675,200
rfc9293.xml,https://www.rfc-editor.org/info/rfc2873,200
rfc9293.xml,https://www.rfc-editor.org/info/rfc2883,200
rfc9293.xml,https://www.rfc-editor.org/info/rfc2923,200
rfc9293.xml,https://www.rfc-editor.org/info/rfc3449,200
rfc9293.xml,https://www.rfc-editor.org/info/rfc3465,200
rfc9293.xml,https://www.rfc-editor.org/info/rfc4727,200
rfc9293.xml,https://www.rfc-editor.org/info/rfc4821,200
rfc9293.xml,https://www.rfc-editor.org/info/rfc4987,200
rfc9293.xml,https://www.rfc-editor.org/info/rfc4953,200
rfc9293.xml,https://www.rfc-editor.org/info/rfc5044,200
rfc9293.xml,https://www.rfc-editor.org/info/rfc5461,200
rfc9293.xml,https://www.rfc-editor.org/info/rfc5570,200
rfc9293.xml,https://www.rfc-editor.org/info/rfc5795,200
rfc9293.xml,https://www.rfc-editor.org/info/rfc5925,200
rfc9293.xml,https://www.rfc-editor.org/info/rfc6093,200
rfc9293.xml,https://www.rfc-editor.org/info/rfc6191,200
rfc9293.xml,https://www.rfc-editor.org/info/rfc6429,200
rfc9293.xml,https://www.rfc-editor.org/info/rfc6528,200
rfc9293.xml,https://www.rfc-editor.org/info/rfc6691,200
rfc9293.xml,https://www.rfc-editor.org/info/rfc6864,200
rfc9293.xml,https://www.rfc-editor.org/info/rfc6994,200
rfc9293.xml,https://www.rfc-editor.org/info/rfc7094,200
rfc9293.xml,https://www.rfc-editor.org/info/rfc7323,200
rfc9293.xml,https://www.rfc-editor.org/info/rfc7413,200
rfc9293.xml,https://www.rfc-editor.org/info/rfc7414,200
rfc9293.xml,https://www.rfc-editor.org/info/rfc7657,200
rfc9293.xml,https://www.rfc-editor.org/info/rfc8087,200
rfc9293.xml,https://www.rfc-editor.org/info/rfc8095,200
rfc9293.xml,https://www.rfc-editor.org/info/rfc8303,200
rfc9293.xml,https://www.rfc-editor.org/info/rfc8311,200
rfc9293.xml,https://www.rfc-editor.org/info/rfc8504,200
rfc9293.xml,https://www.rfc-editor.org/info/rfc8546,200
rfc9293.xml,https://www.rfc-editor.org/info/rfc8548,200
rfc9293.xml,https://www.rfc-editor.org/info/rfc8558,200
rfc9293.xml,https://www.rfc-editor.org/info/rfc8684,200
rfc9293.xml,https://www.rfc-editor.org/info/rfc9000,200
rfc9293.xml,https://www.rfc-editor.org/info/rfc9065,200
rfc9293.xml,https://www.iana.org/assignments/tcp-parameters/,200
rfc9293.xml,https://datatracker.ietf.org/doc/html/draft-gont-tcpm-tcp-seccomp-prec-00,200
rfc9293.xml,https://www.ietf.org/archive/id/draft-gont-tcpm-tcp-seccomp-prec-00.txt,200
rfc9293.xml,https://datatracker.ietf.org/doc/html/draft-gont-tcpm-tcp-seq-validation-04,200
rfc9293.xml,https://www.ietf.org/archive/id/draft-gont-tcpm-tcp-seq-validation-04.txt,200
rfc9293.xml,https://datatracker.ietf.org/doc/html/draft-ietf-tcpm-tcp-edo-12,200
rfc9293.xml,https://www.ietf.org/archive/id/draft-ietf-tcpm-tcp-edo-12.txt,200
rfc9293.xml,https://datatracker.ietf.org/doc/html/draft-mcquistin-augmented-ascii-diagrams-10,200
rfc9293.xml,https://www.ietf.org/archive/id/draft-mcquistin-augmented-ascii-diagrams-10.txt,200
rfc9293.xml,https://www.rfc-editor.org/info/rfc9170,200
rfc9293.xml,https://datatracker.ietf.org/doc/html/draft-minshall-nagle-01,200
rfc9293.xml,https://www.ietf.org/archive/id/draft-minshall-nagle-01.txt,200
rfc9293.xml,https://doi.org/10.1016/0376-5075(78)90053-3,200
rfc9293.xml,https://doi.org/10.1109/INFCOM.1999.752180,Connection error: HTTP Error 418: Unknown Code
rfc9293.xml,https://www.rfc-editor.org/ien/ien177.txt,200
rfc9293.xml,https://www.kernel.org/doc/html/latest/networking/segmentation-offloads.html,200
rfc9293.xml,https://www.rfc-editor.org/errata/eid573,200
rfc9293.xml,https://www.rfc-editor.org/errata/eid574,200
rfc9293.xml,https://www.rfc-editor.org/errata/eid700,200
rfc9293.xml,https://www.rfc-editor.org/errata/eid701,200
rfc9293.xml,https://www.rfc-editor.org/errata/eid1283,200
rfc9293.xml,https://www.rfc-editor.org/errata/eid1561,200
rfc9293.xml,https://www.rfc-editor.org/errata/eid1562,200
rfc9293.xml,https://www.rfc-editor.org/errata/eid1564,200
rfc9293.xml,https://www.rfc-editor.org/errata/eid1571,200
rfc9293.xml,https://www.rfc-editor.org/errata/eid1572,200
rfc9293.xml,https://www.rfc-editor.org/errata/eid2297,200
rfc9293.xml,https://www.rfc-editor.org/errata/eid2298,200
rfc9293.xml,https://www.rfc-editor.org/errata/eid2748,200
rfc9293.xml,https://www.rfc-editor.org/errata/eid2749,200
rfc9293.xml,https://www.rfc-editor.org/errata/eid2934,200
rfc9293.xml,https://www.rfc-editor.org/errata/eid3213,200
rfc9293.xml,https://www.rfc-editor.org/errata/eid3300,200
rfc9293.xml,https://www.rfc-editor.org/errata/eid3301,200
rfc9293.xml,https://www.rfc-editor.org/errata/eid6222,200
rfc9293.xml,https://www.rfc-editor.org/errata/eid572,200
rfc9293.xml,https://www.rfc-editor.org/errata/eid575,200
rfc9293.xml,https://www.rfc-editor.org/errata/eid1565,200
rfc9293.xml,https://www.rfc-editor.org/errata/eid1569,200
rfc9293.xml,https://www.rfc-editor.org/errata/eid2296,200
rfc9293.xml,https://www.rfc-editor.org/errata/eid3305,200
rfc9293.xml,https://www.rfc-editor.org/errata/eid3602,200
rfc9293.xml,https://www.rfc-editor.org/errata/eid4772,200
rfc9293.xml,https://www.rfc-editor.org/info/rfc5927,200
rfc9336.xml,https://datatracker.ietf.org/doc/draft-ietf-lamps-documentsigning-eku-06,200
rfc9336.xml,https://dx.doi.org/10.17487/rfc9336,200
rfc9336.xml,https://www.rfc-editor.org/info/rfc9336,200
rfc9336.xml,https://trustee.ietf.org/license-info,200
rfc9336.xml,https://www.rfc-editor.org/info/rfc2119,200
rfc9336.xml,https://www.rfc-editor.org/info/rfc2119,200
rfc9336.xml,https://www.rfc-editor.org/info/rfc5280,200
rfc9336.xml,https://www.rfc-editor.org/info/rfc5280,200
rfc9336.xml,https://www.rfc-editor.org/info/rfc8174,200
rfc9336.xml,https://www.rfc-editor.org/info/rfc8174,200
rfc9336.xml,https://www.rfc-editor.org/info/rfc7299,200
rfc9336.xml,https://www.rfc-editor.org/info/rfc7299,200
rfc8841.xml,https://datatracker.ietf.org/doc/draft-ietf-mmusic-sctp-sdp-26,200
rfc8841.xml,https://dx.doi.org/10.17487/rfc8841,200
rfc8841.xml,https://www.rfc-editor.org/info/rfc8841,200
rfc8841.xml,https://trustee.ietf.org/license-info,200
rfc8841.xml,https://www.rfc-editor.org/info/rfc793,200
rfc8841.xml,https://www.rfc-editor.org/info/rfc2119,200
rfc8841.xml,https://www.rfc-editor.org/info/rfc3264,200
rfc8841.xml,https://www.rfc-editor.org/info/rfc4145,200
rfc8841.xml,https://www.rfc-editor.org/info/rfc4566,200
rfc8841.xml,https://www.rfc-editor.org/info/rfc4571,200
rfc8841.xml,https://www.rfc-editor.org/info/rfc4960,200
rfc8841.xml,https://www.rfc-editor.org/info/rfc6347,200
rfc8841.xml,https://www.rfc-editor.org/info/rfc6544,200
rfc8841.xml,https://www.rfc-editor.org/info/rfc8122,200
rfc8841.xml,https://www.rfc-editor.org/info/rfc8126,200
rfc8841.xml,https://www.rfc-editor.org/info/rfc8174,200
rfc8841.xml,https://www.rfc-editor.org/info/rfc8261,200
rfc8841.xml,https://www.rfc-editor.org/info/rfc8842,200
rfc8841.xml,https://www.rfc-editor.org/info/rfc8859,200
rfc8841.xml,https://www.rfc-editor.org/info/rfc8445,200
rfc8841.xml,https://www.rfc-editor.org/info/rfc8831,200
rfc8841.xml,https://www.rfc-editor.org/info/rfc8832,200
rfc8841.xml,https://www.rfc-editor.org/info/rfc8864,200
rfc9301.xml,https://datatracker.ietf.org/doc/draft-ietf-lisp-rfc6833bis-31,200
rfc9301.xml,https://dx.doi.org/10.17487/rfc9301,200
rfc9301.xml,https://www.rfc-editor.org/info/rfc9301,200
rfc9301.xml,https://trustee.ietf.org/license-info,200
rfc9301.xml,https://www.rfc-editor.org/info/rfc2119,200
rfc9301.xml,https://www.rfc-editor.org/info/rfc2404,200
rfc9301.xml,https://www.rfc-editor.org/info/rfc4086,200
rfc9301.xml,https://www.rfc-editor.org/info/rfc4868,200
rfc9301.xml,https://www.rfc-editor.org/info/rfc5869,200
rfc9301.xml,https://www.rfc-editor.org/info/rfc6833,200
rfc9301.xml,https://www.rfc-editor.org/info/rfc8085,200
rfc9301.xml,https://www.rfc-editor.org/info/rfc8126,200
rfc9301.xml,https://www.rfc-editor.org/info/rfc8174,200
rfc9301.xml,https://www.rfc-editor.org/info/rfc9300,200
rfc9301.xml,https://www.rfc-editor.org/info/rfc9302,200
rfc9301.xml,https://www.rfc-editor.org/info/rfc9303,200
rfc9301.xml,https://www.rfc-editor.org/info/rfc9304,200
rfc9301.xml,http://www.iana.org/assignments/address-family-numbers/,200
rfc9301.xml,https://datatracker.ietf.org/doc/html/draft-ietf-lisp-ecdsa-auth-09,200
rfc9301.xml,https://www.ietf.org/archive/id/draft-ietf-lisp-ecdsa-auth-09.txt,200
rfc9301.xml,https://datatracker.ietf.org/doc/html/draft-ietf-lisp-eid-anonymity-13,200
rfc9301.xml,https://www.ietf.org/archive/id/draft-ietf-lisp-eid-anonymity-13.txt,200
rfc9301.xml,https://datatracker.ietf.org/doc/html/draft-ietf-lisp-eid-mobility-10,200
rfc9301.xml,https://portal.3gpp.org/desktopmodules/Specifications/SpecificationDetails.aspx?specificationId=1699,Connection error: HTTP Error 403: Forbidden: Access is denied.
rfc9301.xml,https://datatracker.ietf.org/doc/html/draft-herbert-intarea-ila-01,200
rfc9301.xml,https://www.ietf.org/archive/id/draft-herbert-intarea-ila-01.txt,200
rfc9301.xml,https://datatracker.ietf.org/doc/html/draft-ietf-lisp-mn-12,200
rfc9301.xml,https://www.ietf.org/archive/id/draft-ietf-lisp-mn-12.txt,200
rfc9301.xml,https://datatracker.ietf.org/doc/html/draft-ietf-lisp-pubsub-09,200
rfc9301.xml,https://www.ietf.org/archive/id/draft-ietf-lisp-pubsub-09.txt,200
rfc9301.xml,https://datatracker.ietf.org/doc/html/draft-ietf-nvo3-vxlan-gpe-12,200
rfc9301.xml,https://datatracker.ietf.org/doc/html/draft-ietf-opsec-icmp-filtering-04,200
rfc9301.xml,https://www.ietf.org/archive/id/draft-ietf-opsec-icmp-filtering-04.txt,200
rfc9301.xml,https://www.rfc-editor.org/info/rfc1035,200
rfc9301.xml,https://www.rfc-editor.org/info/rfc1071,200
rfc9301.xml,https://www.rfc-editor.org/info/rfc2890,200
rfc9301.xml,https://www.rfc-editor.org/info/rfc4984,200
rfc9301.xml,https://www.rfc-editor.org/info/rfc6830,200
rfc9301.xml,https://www.rfc-editor.org/info/rfc6831,200
rfc9301.xml,https://www.rfc-editor.org/info/rfc6832,200
rfc9301.xml,https://www.rfc-editor.org/info/rfc6836,200
rfc9301.xml,https://www.rfc-editor.org/info/rfc6837,200
rfc9301.xml,https://www.rfc-editor.org/info/rfc6973,200
rfc9301.xml,https://www.rfc-editor.org/info/rfc7348,200
rfc9301.xml,https://www.rfc-editor.org/info/rfc7835,200
rfc9301.xml,https://www.rfc-editor.org/info/rfc8060,200
rfc9301.xml,https://www.rfc-editor.org/info/rfc8061,200
rfc9301.xml,https://www.rfc-editor.org/info/rfc8111,200
rfc9301.xml,https://www.rfc-editor.org/info/rfc8378,200
rfc9301.xml,https://www.rfc-editor.org/info/rfc8402,200
rfc9301.xml,https://www.rfc-editor.org/info/rfc9147,200
rfc9301.xml,https://www.rfc-editor.org/info/rfc9299,200
rfc9301.xml,https://www.rfc-editor.org/info/rfc9305,200
rfc8880.xml,https://datatracker.ietf.org/doc/draft-cheshire-sudn-ipv4only-dot-arpa-17,200
rfc8880.xml,https://dx.doi.org/10.17487/rfc8880,200
rfc8880.xml,https://www.rfc-editor.org/info/rfc8880,200
rfc8880.xml,https://trustee.ietf.org/license-info,200
rfc8880.xml,https://www.rfc-editor.org/info/rfc2119,200
rfc8880.xml,https://www.rfc-editor.org/info/rfc3646,200
rfc8880.xml,https://www.rfc-editor.org/info/rfc6146,200
rfc8880.xml,https://www.rfc-editor.org/info/rfc6147,200
rfc8880.xml,https://www.rfc-editor.org/info/rfc6761,200
rfc8880.xml,https://www.rfc-editor.org/info/rfc7050,200
rfc8880.xml,https://www.rfc-editor.org/info/rfc8106,200
rfc8880.xml,https://www.rfc-editor.org/info/rfc8174,200
rfc8880.xml,https://www.rfc-editor.org/info/rfc6303,200
rfc8880.xml,https://www.rfc-editor.org/info/rfc8244,200
rfc8880.xml,https://www.rfc-editor.org/info/rfc8499,200
rfc8880.xml,https://www.iana.org/assignments/special-use-domain-names/,200
rfc8880.xml,https://www.iana.org/assignments/iana-ipv4-special-registry/,200
rfc8880.xml,https://1.1.1.1/,Connection error: HTTP Error 403: Forbidden
rfc8880.xml,https://developers.google.com/speed/public-dns/,200
rfc8880.xml,https://quad9.net/,200
rfc9148.xml,https://datatracker.ietf.org/doc/draft-ietf-ace-coap-est-18,200
rfc9148.xml,https://dx.doi.org/10.17487/rfc9148,200
rfc9148.xml,https://www.rfc-editor.org/info/rfc9148,200
rfc9148.xml,https://trustee.ietf.org/license-info,200
rfc9148.xml,https://www.rfc-editor.org/info/rfc2119,200
rfc9148.xml,https://www.rfc-editor.org/info/rfc2585,200
rfc9148.xml,https://www.rfc-editor.org/info/rfc5246,200
rfc9148.xml,https://www.rfc-editor.org/info/rfc5958,200
rfc9148.xml,https://www.rfc-editor.org/info/rfc5967,200
rfc9148.xml,https://www.rfc-editor.org/info/rfc6347,200
rfc9148.xml,https://www.rfc-editor.org/info/rfc6690,200
rfc9148.xml,https://www.rfc-editor.org/info/rfc7030,200
rfc9148.xml,https://www.rfc-editor.org/info/rfc7252,200
rfc9148.xml,https://www.rfc-editor.org/info/rfc7925,200
rfc9148.xml,https://www.rfc-editor.org/info/rfc7959,200
rfc9148.xml,https://www.rfc-editor.org/info/rfc8075,200
rfc9148.xml,https://www.rfc-editor.org/info/rfc8174,200
rfc9148.xml,https://www.rfc-editor.org/info/rfc8422,200
rfc9148.xml,https://www.rfc-editor.org/info/rfc8446,200
rfc9148.xml,https://www.rfc-editor.org/info/rfc8551,200
rfc9148.xml,https://www.rfc-editor.org/info/rfc8710,200
rfc9148.xml,https://www.rfc-editor.org/info/rfc9147,200
rfc9148.xml,https://www.rfc-editor.org/info/bcp195,200
rfc9148.xml,https://www.rfc-editor.org/info/rfc7525,200
rfc9148.xml,https://www.iana.org/assignments/core-parameters/,200
rfc9148.xml,https://datatracker.ietf.org/doc/html/draft-moskowitz-ecdsa-pki-10,200
rfc9148.xml,https://www.ietf.org/archive/id/draft-moskowitz-ecdsa-pki-10.txt,200
rfc9148.xml,https://www.rfc-editor.org/info/rfc4919,200
rfc9148.xml,https://www.rfc-editor.org/info/rfc5272,200
rfc9148.xml,https://www.rfc-editor.org/info/rfc5929,200
rfc9148.xml,https://www.rfc-editor.org/info/rfc6402,200
rfc9148.xml,https://www.rfc-editor.org/info/rfc7228,200
rfc9148.xml,https://www.rfc-editor.org/info/rfc7230,200
rfc9148.xml,https://www.rfc-editor.org/info/rfc7251,200
rfc9148.xml,https://www.rfc-editor.org/info/rfc7299,200
rfc9148.xml,https://www.rfc-editor.org/info/rfc7627,200
rfc9148.xml,https://www.rfc-editor.org/info/rfc7748,200
rfc9148.xml,https://www.rfc-editor.org/info/rfc9146,200
rfc9148.xml,https://datatracker.ietf.org/doc/html/draft-ietf-kitten-tls-channel-bindings-for-tls13-15,200
rfc9148.xml,https://www.ietf.org/archive/id/draft-ietf-kitten-tls-channel-bindings-for-tls13-15.txt,200
rfc9148.xml,https://doi.org/10.1109/SP.2014.14,Connection error: HTTP Error 418: Unknown Code
rfc9500.xml,https://datatracker.ietf.org/doc/draft-gutmann-testkeys-05,200
rfc9500.xml,https://dx.doi.org/10.17487/rfc9500,200
rfc9500.xml,https://www.rfc-editor.org/info/rfc9500,200
rfc9500.xml,https://trustee.ietf.org/license-info,200
rfc9283.xml,https://datatracker.ietf.org/doc/draft-carpenter-rfced-iab-charter-09,200
rfc9283.xml,https://dx.doi.org/10.17487/rfc9283,200
rfc9283.xml,https://www.rfc-editor.org/info/rfc9283,200
rfc9283.xml,https://trustee.ietf.org/license-info,200
rfc9283.xml,https://www.rfc-editor.org/info/rfc2850,200
rfc9283.xml,https://www.rfc-editor.org/info/rfc9280,200
rfc8656.xml,https://datatracker.ietf.org/doc/draft-ietf-tram-turnbis-29,200
rfc8656.xml,https://dx.doi.org/10.17487/rfc8656,200
rfc8656.xml,https://www.rfc-editor.org/info/rfc8656,200
rfc8656.xml,https://trustee.ietf.org/license-info,200
rfc8656.xml,https://www.iana.org/assignments/protocol-numbers,200
rfc8656.xml,https://www.rfc-editor.org/info/rfc792,200
rfc8656.xml,https://www.rfc-editor.org/info/rfc1122,200
rfc8656.xml,https://www.rfc-editor.org/info/rfc2119,200
rfc8656.xml,https://www.rfc-editor.org/info/rfc2474,200
rfc8656.xml,https://www.rfc-editor.org/info/rfc3168,200
rfc8656.xml,https://www.rfc-editor.org/info/rfc3629,200
rfc8656.xml,https://www.rfc-editor.org/info/rfc4443,200
rfc8656.xml,https://www.rfc-editor.org/info/rfc6347,200
rfc8656.xml,https://www.rfc-editor.org/info/rfc6437,200
rfc8656.xml,https://www.rfc-editor.org/info/rfc7065,200
rfc8656.xml,https://www.rfc-editor.org/info/rfc7350,200
rfc8656.xml,https://www.rfc-editor.org/info/rfc7525,200
rfc8656.xml,https://www.rfc-editor.org/info/rfc7915,200
rfc8656.xml,https://www.rfc-editor.org/info/rfc7982,200
rfc8656.xml,https://www.rfc-editor.org/info/rfc8174,200
rfc8656.xml,https://www.rfc-editor.org/info/rfc8200,200
rfc8656.xml,https://www.rfc-editor.org/info/rfc8305,200
rfc8656.xml,https://www.rfc-editor.org/info/rfc8446,200
rfc8656.xml,https://www.rfc-editor.org/info/rfc8489,200
rfc8656.xml,https://tools.ietf.org/html/draft-ietf-intarea-frag-fragile-17,200
rfc8656.xml,http://www.ietf.org/internet-drafts/draft-ietf-intarea-frag-fragile-17.txt,Connection error: HTTP Error 404: Not Found
rfc8656.xml,https://www.hpl.hp.com/techreports/Compaq-DEC/WRL-87-3.pdf,Connection error: <urlopen error [Errno 111] Connection refused>
rfc8656.xml,https://tools.ietf.org/html/draft-ietf-tsvwg-datagram-plpmtud-14,200
rfc8656.xml,http://www.ietf.org/internet-drafts/draft-ietf-tsvwg-datagram-plpmtud-14.txt,Connection error: HTTP Error 404: Not Found
rfc8656.xml,https://tools.ietf.org/html/draft-ietf-tram-stun-pmtud-15,200
rfc8656.xml,http://www.ietf.org/internet-drafts/draft-ietf-tram-stun-pmtud-15.txt,Connection error: HTTP Error 404: Not Found
rfc8656.xml,https://www.iana.org/assignments/port-numbers,200
rfc8656.xml,https://www.rfc-editor.org/info/rfc791,200
rfc8656.xml,https://www.rfc-editor.org/info/rfc1191,200
rfc8656.xml,https://www.rfc-editor.org/info/rfc1918,200
rfc8656.xml,https://www.rfc-editor.org/info/rfc1928,200
rfc8656.xml,https://www.rfc-editor.org/info/rfc3261,200
rfc8656.xml,https://www.rfc-editor.org/info/rfc3424,200
rfc8656.xml,https://www.rfc-editor.org/info/rfc3550,200
rfc8656.xml,https://www.rfc-editor.org/info/rfc3711,200
rfc8656.xml,https://www.rfc-editor.org/info/rfc4086,200
rfc8656.xml,https://www.rfc-editor.org/info/rfc4302,200
rfc8656.xml,https://www.rfc-editor.org/info/rfc4303,200
rfc8656.xml,https://www.rfc-editor.org/info/rfc4787,200
rfc8656.xml,https://www.rfc-editor.org/info/rfc4821,200
rfc8656.xml,https://www.rfc-editor.org/info/rfc5128,200
rfc8656.xml,https://www.rfc-editor.org/info/rfc5482,200
rfc8656.xml,https://www.rfc-editor.org/info/rfc5766,200
rfc8656.xml,https://www.rfc-editor.org/info/rfc5925,200
rfc8656.xml,https://www.rfc-editor.org/info/rfc5928,200
rfc8656.xml,https://www.rfc-editor.org/info/rfc6056,200
rfc8656.xml,https://www.rfc-editor.org/info/rfc6062,200
rfc8656.xml,https://www.rfc-editor.org/info/rfc6156,200
rfc8656.xml,https://www.rfc-editor.org/info/rfc6263,200
rfc8656.xml,https://www.rfc-editor.org/info/rfc7413,200
rfc8656.xml,https://www.rfc-editor.org/info/rfc7478,200
rfc8656.xml,https://www.rfc-editor.org/info/rfc7635,200
rfc8656.xml,https://www.rfc-editor.org/info/rfc7657,200
rfc8656.xml,https://www.rfc-editor.org/info/rfc7983,200
rfc8656.xml,https://www.rfc-editor.org/info/rfc8155,200
rfc8656.xml,https://www.rfc-editor.org/info/rfc8311,200
rfc8656.xml,https://www.rfc-editor.org/info/rfc8445,200
rfc8656.xml,https://tools.ietf.org/html/draft-ietf-mmusic-ice-sip-sdp-39,200
rfc8656.xml,http://www.ietf.org/internet-drafts/draft-ietf-mmusic-ice-sip-sdp-39.txt,Connection error: HTTP Error 404: Not Found
rfc8656.xml,https://tools.ietf.org/html/draft-ietf-rtcweb-security-12,200
rfc8656.xml,http://www.ietf.org/internet-drafts/draft-ietf-rtcweb-security-12.txt,Connection error: HTTP Error 404: Not Found
rfc8656.xml,https://tools.ietf.org/html/draft-ietf-mptcp-rfc6824bis-18,200
rfc8656.xml,http://www.ietf.org/internet-drafts/draft-ietf-mptcp-rfc6824bis-18.txt,Connection error: HTTP Error 404: Not Found
rfc8656.xml,https://tools.ietf.org/html/draft-ietf-tsvwg-udp-options-08,200
rfc8656.xml,http://www.ietf.org/internet-drafts/draft-ietf-tsvwg-udp-options-08.txt,Connection error: HTTP Error 404: Not Found
rfc9153.xml,https://datatracker.ietf.org/doc/draft-ietf-drip-reqs-18,200
rfc9153.xml,https://dx.doi.org/10.17487/rfc9153,200
rfc9153.xml,https://www.rfc-editor.org/info/rfc9153,200
rfc9153.xml,https://trustee.ietf.org/license-info,200
rfc9153.xml,http://www.astm.org/cgi-bin/resolver.cgi?F3411,200
rfc9153.xml,https://www.rfc-editor.org/info/rfc2119,200
rfc9153.xml,https://www.rfc-editor.org/info/rfc8174,200
rfc9153.xml,https://eur-lex.europa.eu/eli/reg_del/2020/1058/oj,200
rfc9153.xml,https://asd-stan.org/wp-content/uploads/ASD-STAN_DRI_Introduction_to_the_European_digital_RID_UAS_Standard.pdf,Connection error: HTTP Error 404: Not Found
rfc9153.xml,https://asd-stan.org/downloads/asd-stan-pren-4709-002-p1/,Connection error: HTTP Error 404: Not Found
rfc9153.xml,https://www.mdpi.com/1424-8220/18/5/1636,200
rfc9153.xml,https://shop.cta.tech/products/small-unmanned-aerial-systems-serial-numbers,200
rfc9153.xml,https://eur-lex.europa.eu/eli/reg_del/2019/945/oj,200
rfc9153.xml,https://datatracker.ietf.org/doc/html/draft-ietf-drip-arch-20,200
rfc9153.xml,https://www.enisa.europa.eu/topics/csirt-cert-services/reactive-services/copy_of_actionable-information/actionable-information,Connection error: HTTP Error 403: Forbidden
rfc9153.xml,https://www.consilium.europa.eu/media/35805/easa-regulation-june-2018.pdf,Connection error: HTTP Error 403: Forbidden
rfc9153.xml,https://www.faa.gov/uas/research_development/traffic_management/media/UTM_ConOps_v2.pdf,Connection error: HTTP Error 404: Not Found
rfc9153.xml,https://www.flightradar24.com/about,Connection error: HTTP Error 403: Forbidden
rfc9153.xml,https://www.federalregister.gov/documents/2021/01/15/2020-28948/remote-identification-of-unmanned-aircraft,"Connection error: HTTP Error 302: The HTTP server returned a redirect error that would lead to an infinite loop.
The last 30x error message was:
Moved Temporarily"
rfc9153.xml,https://eur-lex.europa.eu/eli/reg/2016/679/oj,200
rfc9153.xml,https://store.icao.int/en/procedures-for-air-navigation-services-air-traffic-management-doc-4444,Connection error: HTTP Error 403: Forbidden: Access blocked. Your IP address is being recorded for security purposes.
rfc9153.xml,https://www.icao.int/safety/cargosafety/Documents/Draft%20Glossary%20of%20terms.docx,200
rfc9153.xml,https://www.icao.int/meetings/uas/documents/circular%20328_en.pdf,200
rfc9153.xml,https://www.icao.int/safety/UA/Documents/UTM%20Framework%20Edition%203.pdf,200
rfc9153.xml,https://eur-lex.europa.eu/eli/reg_impl/2019/947/oj,200
rfc9153.xml,https://www.sesarju.eu/sites/default/files/documents/u-space/SESAR%20principles%20for%20U-space%20architecture.pdf,200
rfc9153.xml,https://datatracker.ietf.org/doc/html/draft-ietf-raw-ldacs-09,200
rfc9153.xml,https://www.federalregister.gov/documents/2019/12/31/2019-28100/remote-identification-of-unmanned-aircraft-systems,"Connection error: HTTP Error 302: The HTTP server returned a redirect error that would lead to an infinite loop.
The last 30x error message was:
Moved Temporarily"
rfc9153.xml,https://github.com/opendroneid/specs,200
rfc9153.xml,https://opensky-network.org/about/about-us,Connection error: HTTP Error 500: Internal Server Error
rfc9153.xml,https://www.easa.europa.eu/document-library/opinions/opinion-012020,200
rfc9153.xml,https://www.ecfr.gov/cgi-bin/text-idx?node=pt14.2.107,"Connection error: HTTP Error 302: The HTTP server returned a redirect error that would lead to an infinite loop.
The last 30x error message was:
Moved Temporarily"
rfc9153.xml,https://www.faa.gov/regulations_policies/rulemaking/committees/documents/media/UAS%20ID%20ARC%20Final%20Report%20with%20Appendices.pdf,200
rfc9153.xml,https://www.rfc-editor.org/info/rfc4122,200
rfc9153.xml,https://www.rfc-editor.org/info/rfc4949,200
rfc9153.xml,https://www.rfc-editor.org/info/rfc6347,200
rfc9153.xml,https://www.rfc-editor.org/info/rfc6973,200
rfc9153.xml,https://www.rfc-editor.org/info/rfc7401,200
rfc9153.xml,https://www.rfc-editor.org/info/rfc8280,200
rfc9153.xml,https://www.rfc-editor.org/info/rfc9063,200
rfc9153.xml,https://share.ansi.org/Shared Documents/Standards Activities/UASSC/UASSC_20-001_WORKING_DRAFT_ANSI_UASSC_Roadmap_v2.pdf,Connection error: URL can't contain control characters. '/Shared Documents/Standards Activities/UASSC/UASSC_20-001_WORKING_DRAFT_ANSI_UASSC_Roadmap_v2.pdf' (found at least ' ')
rfc9153.xml,https://www.wi-fi.org/discover-wi-fi/wi-fi-aware,200
rfc9653.xml,https://datatracker.ietf.org/doc/draft-ietf-tsvwg-sctp-zero-checksum-11,200
rfc9653.xml,https://dx.doi.org/10.17487/rfc9653,200
rfc9653.xml,https://www.rfc-editor.org/info/rfc9653,200
rfc9653.xml,https://trustee.ietf.org/license-info,200
rfc9653.xml,https://www.rfc-editor.org/info/rfc2119,200
rfc9653.xml,https://www.rfc-editor.org/info/rfc5061,200
rfc9653.xml,https://www.rfc-editor.org/info/rfc8126,200
rfc9653.xml,https://www.rfc-editor.org/info/rfc8174,200
rfc9653.xml,https://www.rfc-editor.org/info/rfc8261,200
rfc9653.xml,https://www.rfc-editor.org/info/rfc9260,200
rfc9653.xml,https://www.rfc-editor.org/info/rfc768,200
rfc9653.xml,https://www.rfc-editor.org/info/rfc4895,200
rfc9653.xml,https://www.rfc-editor.org/info/rfc6458,200
rfc9653.xml,https://www.rfc-editor.org/info/rfc9293,200
rfc9674.xml,https://datatracker.ietf.org/doc/draft-ietf-sidrops-rrdp-same-origin-04,200
rfc9674.xml,https://dx.doi.org/10.17487/rfc9674,200
rfc9674.xml,https://www.rfc-editor.org/info/rfc9674,200
rfc9674.xml,https://trustee.ietf.org/license-info,200
rfc9674.xml,https://www.rfc-editor.org/info/rfc2119,200
rfc9674.xml,https://www.rfc-editor.org/info/rfc6454,200
rfc9674.xml,https://www.rfc-editor.org/info/rfc8174,200
rfc9674.xml,https://www.rfc-editor.org/info/rfc8182,200
rfc9674.xml,https://www.rfc-editor.org/info/rfc9110,200
rfc9674.xml,https://www.rpkiviews.org,200
rfc8762.xml,https://datatracker.ietf.org/doc/draft-ietf-ippm-stamp-10,200
rfc8762.xml,https://dx.doi.org/10.17487/rfc8762,200
rfc8762.xml,https://www.rfc-editor.org/info/rfc8762,200
rfc8762.xml,https://trustee.ietf.org/license-info,200
rfc8762.xml,https://www.rfc-editor.org/info/rfc2104,200
rfc8762.xml,https://www.rfc-editor.org/info/rfc2119,200
rfc8762.xml,https://www.rfc-editor.org/info/rfc4656,200
rfc8762.xml,https://www.rfc-editor.org/info/rfc5357,200
rfc8762.xml,https://www.rfc-editor.org/info/rfc5905,200
rfc8762.xml,https://www.rfc-editor.org/info/rfc6038,200
rfc8762.xml,https://www.rfc-editor.org/info/rfc6335,200
rfc8762.xml,https://www.rfc-editor.org/info/rfc8174,200
rfc8762.xml,https://www.rfc-editor.org/info/rfc8186,200
rfc8762.xml,https://www.rfc-editor.org/info/rfc8545,200
rfc8762.xml,https://www.rfc-editor.org/info/rfc4868,200
rfc8762.xml,https://www.rfc-editor.org/info/rfc7750,200
rfc8762.xml,https://www.rfc-editor.org/info/rfc8085,200
rfc8762.xml,https://tools.ietf.org/html/draft-ietf-ippm-stamp-option-tlv-03,200
rfc8762.xml,http://www.ietf.org/internet-drafts/draft-ietf-ippm-stamp-option-tlv-03.txt,Connection error: HTTP Error 404: Not Found
rfc8762.xml,https://tools.ietf.org/html/draft-ietf-ippm-stamp-yang-05,200
rfc8762.xml,http://www.ietf.org/internet-drafts/draft-ietf-ippm-stamp-yang-05.txt,Connection error: HTTP Error 404: Not Found
rfc8808.xml,https://datatracker.ietf.org/doc/draft-ietf-netmod-factory-default-15,200
rfc8808.xml,https://dx.doi.org/10.17487/rfc8808,200
rfc8808.xml,https://www.rfc-editor.org/info/rfc8808,200
rfc8808.xml,https://trustee.ietf.org/license-info,200
rfc8808.xml,https://www.rfc-editor.org/info/rfc2119,200
rfc8808.xml,https://www.rfc-editor.org/info/rfc3688,200
rfc8808.xml,https://www.rfc-editor.org/info/rfc6020,200
rfc8808.xml,https://www.rfc-editor.org/info/rfc6241,200
rfc8808.xml,https://www.rfc-editor.org/info/rfc6242,200
rfc8808.xml,https://www.rfc-editor.org/info/rfc7950,200
rfc8808.xml,https://www.rfc-editor.org/info/rfc8040,200
rfc8808.xml,https://www.rfc-editor.org/info/rfc8174,200
rfc8808.xml,https://www.rfc-editor.org/info/rfc8341,200
rfc8808.xml,https://www.rfc-editor.org/info/rfc8342,200
rfc8808.xml,https://www.rfc-editor.org/info/rfc8446,200
rfc8808.xml,https://www.rfc-editor.org/info/rfc8525,200
rfc8808.xml,https://tools.ietf.org/html/draft-ietf-anima-bootstrapping-keyinfra-43,200
rfc8808.xml,https://www.ietf.org/internet-drafts/draft-ietf-anima-bootstrapping-keyinfra-43.txt,Connection error: HTTP Error 404: Not Found
rfc9544.xml,https://datatracker.ietf.org/doc/draft-ietf-ippm-pam-09,200
rfc9544.xml,https://dx.doi.org/10.17487/rfc9544,200
rfc9544.xml,https://www.rfc-editor.org/info/rfc9544,200
rfc9544.xml,https://trustee.ietf.org/license-info,200
rfc9544.xml,https://www.iana.org/assignments/performance-metrics,200
rfc9544.xml,https://www.rfc-editor.org/info/rfc2863,200
rfc9544.xml,https://www.rfc-editor.org/info/rfc3198,200
rfc9544.xml,https://www.rfc-editor.org/info/rfc7011,200
rfc9544.xml,https://www.rfc-editor.org/info/rfc7012,200
rfc9544.xml,https://www.rfc-editor.org/info/rfc7297,200
rfc9544.xml,https://www.rfc-editor.org/info/rfc8343,200
rfc9544.xml,https://www.rfc-editor.org/info/rfc8911,200
rfc9544.xml,https://www.rfc-editor.org/info/rfc8912,200
rfc9544.xml,https://www.rfc-editor.org/info/rfc9543,200
rfc9518.xml,https://datatracker.ietf.org/doc/draft-nottingham-avoiding-internet-centralization-14,200
rfc9518.xml,https://dx.doi.org/10.17487/rfc9518,200
rfc9518.xml,https://www.rfc-editor.org/info/rfc9518,200
rfc9518.xml,https://trustee.ietf.org/license-info,200
rfc9518.xml,https://www.icann.org/resources/pages/governance/governance-en,Connection error: HTTP Error 403: Forbidden
rfc9518.xml,https://cabforum.org,200
rfc9518.xml,https://www.yalelawjournal.org/comment/essential-data,200
rfc9518.xml,https://www.w3.org/TR/2017/REC-activitystreams-core-20170523/,200
rfc9518.xml,https://www.w3.org/TR/activitystreams-core/,200
rfc9518.xml,https://onlinelibrary.wiley.com/doi/abs/10.1111/j.1468-0491.2011.01550.x,Connection error: HTTP Error 403: Forbidden
rfc9518.xml,https://library.oapen.org/bitstream/handle/20.500.12657/33181/560097.pdf?sequence=1#page=34,200
rfc9518.xml,https://www.rand.org/pubs/research_memoranda/RM3420.html,Connection error: HTTP Error 403: Forbidden
rfc9518.xml,https://www.rfc-editor.org/info/bcp95,200
rfc9518.xml,https://www.rfc-editor.org/info/rfc3935,200
rfc9518.xml,https://policyreview.info/concepts/decentralisation,200
rfc9518.xml,https://dl.acm.org/doi/10.1145/358549.358563,Connection error: HTTP Error 403: Forbidden
rfc9518.xml,https://www.jstor.org/stable/724822,Connection error: HTTP Error 403: Forbidden
rfc9518.xml,https://eur-lex.europa.eu/legal-content/EN/TXT/?uri=CELEX%3A32022R1925,200
rfc9518.xml,https://www.eff.org/deeplinks/2019/10/adversarial-interoperability,200
rfc9518.xml,https://ethereum.org/en/roadmap/merge/,200
rfc9518.xml,https://doi.org/10.1162/ISEC_a_00351,Connection error: HTTP Error 403: Forbidden
rfc9518.xml,https://doi.org/10.2307/2555402,Connection error: HTTP Error 403: Forbidden
rfc9518.xml,https://doi.org/10.2139/ssrn.4389681,Connection error: HTTP Error 403: Forbidden
rfc9518.xml,https://www.jstor.org/stable/41035187,Connection error: HTTP Error 403: Forbidden
rfc9518.xml,https://www.usenix.org/system/files/atc22-holzbauer.pdf,200
rfc9518.xml,https://www.rfc-editor.org/info/rfc9110,200
rfc9518.xml,https://dl.acm.org/doi/pdf/10.1145/3419394.3423664,Connection error: HTTP Error 403: Forbidden
rfc9518.xml,https://slate.com/technology/2021/08/facebook-internet-regulation.html,200
rfc9518.xml,https://www.journals.uchicago.edu/doi/10.1086/468039,Connection error: HTTP Error 403: Forbidden
rfc9518.xml,https://www.nber.org/papers/w29396,200
rfc9518.xml,https://signal.org/blog/the-ecosystem-is-moving/,Connection error: HTTP Error 403: Forbidden
rfc9518.xml,https://dl.acm.org/doi/abs/10.1145/3419394.3423625,Connection error: HTTP Error 403: Forbidden
rfc9518.xml,https://link.springer.com/chapter/10.1057/9781137483591_4,200
rfc9518.xml,https://link.springer.com/book/10.1007/978-3-030-56131-4,200
rfc9518.xml,https://www.washingtonpost.com/archive/politics/1991/06/27/computer-failure-paralyzes-regions-phone-service/0db94ac7-89f0-446e-ba33-c126c751b251/,Connection error: Remote end closed connection without response
rfc9518.xml,https://www.rfc-editor.org/info/rfc2026,200
rfc9518.xml,https://www.rfc-editor.org/info/rfc4271,200
rfc9518.xml,https://www.rfc-editor.org/info/rfc5218,200
rfc9518.xml,https://www.rfc-editor.org/info/rfc5321,200
rfc9518.xml,https://www.rfc-editor.org/info/rfc6120,200
rfc9518.xml,https://www.rfc-editor.org/info/rfc791,200
rfc9518.xml,https://www.rfc-editor.org/info/rfc8890,200
rfc9518.xml,https://www.rfc-editor.org/info/rfc9230,200
rfc9518.xml,https://www.rfc-editor.org/info/rfc9293,200
rfc9518.xml,https://hackernoon.com/decentralizing-everything-never-seems-to-work-2bb0461bd168,Connection error: HTTP Error 403: Forbidden
rfc9518.xml,https://osf.io/m7wyj/,200
rfc9518.xml,https://www.w3.org/TR/2007/REC-soap12-part0-20070427/,200
rfc9518.xml,https://www.w3.org/TR/soap12-part0/,200
rfc9518.xml,https://wwws.law.northwestern.edu/research-faculty/clbe/workingpapers/documents/spulber_circularconundrum.pdf,200
rfc9518.xml,https://datatracker.ietf.org/doc/html/draft-thomson-tmi-04,200
rfc9659.xml,https://datatracker.ietf.org/doc/draft-ietf-httpbis-zstd-window-size-03,200
rfc9659.xml,https://dx.doi.org/10.17487/rfc9659,200
rfc9659.xml,https://www.rfc-editor.org/info/rfc9659,200
rfc9659.xml,https://trustee.ietf.org/license-info,200
rfc9659.xml,https://www.iana.org/assignments/http-parameters,200
rfc9659.xml,https://www.rfc-editor.org/info/rfc2119,200
rfc9659.xml,https://www.rfc-editor.org/info/rfc8174,200
rfc9659.xml,https://www.rfc-editor.org/info/rfc8878,200
rfc9299.xml,https://datatracker.ietf.org/doc/draft-ietf-lisp-introduction-15,200
rfc9299.xml,https://dx.doi.org/10.17487/rfc9299,200
rfc9299.xml,https://www.rfc-editor.org/info/rfc9299,200
rfc9299.xml,https://trustee.ietf.org/license-info,200
rfc9299.xml,https://www.rfc-editor.org/info/rfc1191,200
rfc9299.xml,https://www.rfc-editor.org/info/rfc1918,200
rfc9299.xml,https://www.rfc-editor.org/info/rfc2992,200
rfc9299.xml,https://www.rfc-editor.org/info/rfc3963,200
rfc9299.xml,https://www.rfc-editor.org/info/rfc4821,200
rfc9299.xml,https://www.rfc-editor.org/info/rfc4984,200
rfc9299.xml,https://www.rfc-editor.org/info/rfc5944,200
rfc9299.xml,https://www.rfc-editor.org/info/rfc6275,200
rfc9299.xml,https://www.rfc-editor.org/info/rfc6831,200
rfc9299.xml,https://www.rfc-editor.org/info/rfc6832,200
rfc9299.xml,https://www.rfc-editor.org/info/rfc6835,200
rfc9299.xml,https://www.rfc-editor.org/info/rfc6836,200
rfc9299.xml,https://www.rfc-editor.org/info/rfc6837,200
rfc9299.xml,https://www.rfc-editor.org/info/rfc6935,200
rfc9299.xml,https://www.rfc-editor.org/info/rfc6936,200
rfc9299.xml,https://www.rfc-editor.org/info/rfc7052,200
rfc9299.xml,https://www.rfc-editor.org/info/rfc7215,200
rfc9299.xml,https://www.rfc-editor.org/info/rfc7835,200
rfc9299.xml,https://www.rfc-editor.org/info/rfc8060,200
rfc9299.xml,https://www.rfc-editor.org/info/rfc8111,200
rfc9299.xml,https://www.rfc-editor.org/info/rfc8378,200
rfc9299.xml,https://www.rfc-editor.org/info/rfc9300,200
rfc9299.xml,https://www.rfc-editor.org/info/rfc9301,200
rfc9299.xml,https://www.rfc-editor.org/info/rfc9302,200
rfc9299.xml,https://www.rfc-editor.org/info/rfc9303,200
rfc9299.xml,https://ieeexplore.ieee.org/document/5586446,Connection error: HTTP Error 418: Unknown Code
rfc9299.xml,https://www.ietf.org/archive/id/draft-curran-lisp-emacs-00.txt,200
rfc9299.xml,https://www.ietf.org/archive/id/draft-cheng-lisp-shdht-04.txt,200
rfc9299.xml,https://dl.acm.org/doi/10.1145/1544012.1544073,Connection error: HTTP Error 403: Forbidden
rfc9299.xml,https://dl.acm.org/doi/10.1145/1366919.1366926,Connection error: HTTP Error 403: Forbidden
rfc8879.xml,https://datatracker.ietf.org/doc/draft-ietf-tls-certificate-compression-10,200
rfc8879.xml,https://dx.doi.org/10.17487/rfc8879,200
rfc8879.xml,https://www.rfc-editor.org/info/rfc8879,200
rfc8879.xml,https://trustee.ietf.org/license-info,200
rfc8879.xml,https://www.rfc-editor.org/info/rfc1950,200
rfc8879.xml,https://www.rfc-editor.org/info/rfc2119,200
rfc8879.xml,https://www.rfc-editor.org/info/rfc7250,200
rfc8879.xml,https://www.rfc-editor.org/info/rfc7924,200
rfc8879.xml,https://www.rfc-editor.org/info/rfc7932,200
rfc8879.xml,https://www.rfc-editor.org/info/rfc8126,200
rfc8879.xml,https://www.rfc-editor.org/info/rfc8174,200
rfc8879.xml,https://www.rfc-editor.org/info/rfc8446,200
rfc8879.xml,https://www.rfc-editor.org/info/rfc8447,200
rfc8879.xml,https://www.rfc-editor.org/info/rfc8478,200
rfc8879.xml,https://www.rfc-editor.org/info/rfc5246,200
rfc9205.xml,https://datatracker.ietf.org/doc/draft-ietf-httpbis-bcp56bis-15,200
rfc9205.xml,https://dx.doi.org/10.17487/rfc9205,200
rfc9205.xml,https://www.rfc-editor.org/info/rfc9205,200
rfc9205.xml,https://trustee.ietf.org/license-info,200
rfc9205.xml,https://www.rfc-editor.org/rfc/rfc8820,200
rfc9205.xml,https://www.rfc-editor.org/info/rfc9110,200
rfc9205.xml,https://www.rfc-editor.org/info/rfc9111,200
rfc9205.xml,https://www.rfc-editor.org/info/rfc2119,200
rfc9205.xml,https://www.rfc-editor.org/info/rfc6454,200
rfc9205.xml,https://www.rfc-editor.org/info/rfc6648,200
rfc9205.xml,https://www.rfc-editor.org/info/rfc6838,200
rfc9205.xml,https://www.rfc-editor.org/info/rfc8174,200
rfc9205.xml,https://www.rfc-editor.org/info/rfc8941,200
rfc9205.xml,https://www.rfc-editor.org/info/rfc3986,200
rfc9205.xml,https://www.rfc-editor.org/info/rfc8288,200
rfc9205.xml,https://www.rfc-editor.org/info/rfc8615,200
rfc9205.xml,https://www.rfc-editor.org/info/rfc6265,200
rfc9205.xml,https://www.w3.org/TR/2021/WD-CSP3-20210629,200
rfc9205.xml,https://fetch.spec.whatwg.org,200
rfc9205.xml,https://html.spec.whatwg.org,200
rfc9205.xml,https://www.rfc-editor.org/info/rfc9218,200
rfc9205.xml,https://www.rfc-editor.org/info/rfc9112,200
rfc9205.xml,https://www.rfc-editor.org/info/rfc9113,200
rfc9205.xml,https://www.rfc-editor.org/info/rfc9114,200
rfc9205.xml,https://www.rfc-editor.org/info/rfc8259,200
rfc9205.xml,https://www.rfc-editor.org/info/rfc7807,200
rfc9205.xml,https://www.w3.org/TR/2017/CR-referrer-policy-20170126,200
rfc9205.xml,https://www.rfc-editor.org/info/rfc3205,200
rfc9205.xml,https://www.rfc-editor.org/info/rfc4791,200
rfc9205.xml,https://www.rfc-editor.org/info/rfc4918,200
rfc9205.xml,https://www.rfc-editor.org/info/rfc5861,200
rfc9205.xml,https://www.rfc-editor.org/info/rfc6415,200
rfc9205.xml,https://www.rfc-editor.org/info/rfc6797,200
rfc9205.xml,https://www.rfc-editor.org/info/rfc7258,200
rfc9205.xml,https://www.rfc-editor.org/info/rfc7301,200
rfc9205.xml,https://www.rfc-editor.org/info/rfc7595,200
rfc9205.xml,https://www.rfc-editor.org/info/rfc7605,200
rfc9205.xml,https://www.rfc-editor.org/info/rfc7616,200
rfc9205.xml,https://www.rfc-editor.org/info/rfc7617,200
rfc9205.xml,https://www.rfc-editor.org/info/rfc8297,200
rfc9205.xml,https://www.rfc-editor.org/info/rfc8446,200
rfc9205.xml,https://www.rfc-editor.org/info/rfc8470,200
rfc9205.xml,https://www.rfc-editor.org/info/rfc8949,200
rfc9205.xml,https://www.w3.org/TR/2021/CRD-secure-contexts-20210918,200
rfc9205.xml,https://www.rfc-editor.org/info/rfc6570,200
rfc9205.xml,https://www.w3.org/TR/2008/REC-xml-20081126,200
rfc9598.xml,https://datatracker.ietf.org/doc/draft-ietf-lamps-rfc8398bis-05,200
rfc9598.xml,https://dx.doi.org/10.17487/rfc9598,200
rfc9598.xml,https://www.rfc-editor.org/info/rfc9598,200
rfc9598.xml,https://trustee.ietf.org/license-info,200
rfc9598.xml,https://www.rfc-editor.org/info/rfc2119,200
rfc9598.xml,https://www.rfc-editor.org/info/rfc3629,200
rfc9598.xml,https://www.rfc-editor.org/info/rfc5280,200
rfc9598.xml,https://www.rfc-editor.org/info/rfc5321,200
rfc9598.xml,https://www.rfc-editor.org/info/rfc5890,200
rfc9598.xml,https://www.rfc-editor.org/info/rfc5891,200
rfc9598.xml,https://www.rfc-editor.org/info/rfc6530,200
rfc9598.xml,https://www.rfc-editor.org/info/rfc6531,200
rfc9598.xml,https://www.rfc-editor.org/info/rfc6532,200
rfc9598.xml,https://www.rfc-editor.org/info/rfc8174,200
rfc9598.xml,https://www.rfc-editor.org/info/rfc8398,200
rfc9598.xml,https://www.rfc-editor.org/info/rfc9549,200
rfc9598.xml,https://www.rfc-editor.org/info/rfc5912,200
rfc9598.xml,https://www.lookout.net/files/Chris_Weber_Character%20Transformations%20v1.7_IUC33.pdf,200
rfc8825.xml,https://datatracker.ietf.org/doc/draft-ietf-rtcweb-overview-19,200
rfc8825.xml,https://dx.doi.org/10.17487/rfc8825,200
rfc8825.xml,https://www.rfc-editor.org/info/rfc8825,200
rfc8825.xml,https://trustee.ietf.org/license-info,200
rfc8825.xml,https://www.rfc-editor.org/info/rfc2119,200
rfc8825.xml,https://www.rfc-editor.org/info/rfc3264,200
rfc8825.xml,https://www.rfc-editor.org/info/rfc3550,200
rfc8825.xml,https://www.rfc-editor.org/info/rfc3711,200
rfc8825.xml,https://www.rfc-editor.org/info/rfc7742,200
rfc8825.xml,https://www.rfc-editor.org/info/rfc7874,200
rfc8825.xml,https://www.rfc-editor.org/info/rfc8174,200
rfc8825.xml,https://www.rfc-editor.org/info/rfc8445,200
rfc8825.xml,https://www.rfc-editor.org/info/rfc8826,200
rfc8825.xml,https://www.rfc-editor.org/info/rfc8827,200
rfc8825.xml,https://www.rfc-editor.org/info/rfc8829,200
rfc8825.xml,https://www.rfc-editor.org/info/rfc8831,200
rfc8825.xml,https://www.rfc-editor.org/info/rfc8832,200
rfc8825.xml,https://www.rfc-editor.org/info/rfc8834,200
rfc8825.xml,https://www.rfc-editor.org/info/rfc8835,200
rfc8825.xml,https://www.w3.org/TR/mediacapture-streams/,200
rfc8825.xml,https://www.w3.org/TR/webrtc/,200
rfc8825.xml,https://html.spec.whatwg.org/,200
rfc8825.xml,https://www.rfc-editor.org/info/rfc3261,200
rfc8825.xml,https://www.rfc-editor.org/info/rfc3361,200
rfc8825.xml,https://www.rfc-editor.org/info/rfc3935,200
rfc8825.xml,https://www.rfc-editor.org/info/rfc5245,200
rfc8825.xml,https://www.rfc-editor.org/info/rfc5761,200
rfc8825.xml,https://www.rfc-editor.org/info/rfc6120,200
rfc8825.xml,https://www.rfc-editor.org/info/rfc6501,200
rfc8825.xml,https://www.rfc-editor.org/info/rfc7478,200
rfc8825.xml,https://www.rfc-editor.org/info/rfc8155,200
rfc8825.xml,https://www.rfc-editor.org/info/rfc8837,200
rfc8825.xml,https://www.rfc-editor.org/info/rfc8838,200
rfc8825.xml,https://www.rfc-editor.org/info/rfc8843,200
rfc8825.xml,https://tools.ietf.org/html/draft-ietf-rtcweb-gateways-02,200
rfc8825.xml,http://www.ietf.org/internet-drafts/draft-ietf-rtcweb-gateways-02.txt,Connection error: HTTP Error 404: Not Found
rfc8825.xml,https://xmpp.org/extensions/xep-0124.html,200
rfc8825.xml,https://xmpp.org/extensions/xep-0166.html,200
rfc9172.xml,https://datatracker.ietf.org/doc/draft-ietf-dtn-bpsec-27,200
rfc9172.xml,https://dx.doi.org/10.17487/rfc9172,200
rfc9172.xml,https://www.rfc-editor.org/info/rfc9172,200
rfc9172.xml,https://trustee.ietf.org/license-info,200
rfc9172.xml,https://www.rfc-editor.org/info/rfc2119,200
rfc9172.xml,https://www.rfc-editor.org/info/rfc3552,200
rfc9172.xml,https://www.rfc-editor.org/info/rfc6255,200
rfc9172.xml,https://www.rfc-editor.org/info/rfc8174,200
rfc9172.xml,https://www.rfc-editor.org/info/rfc8949,200
rfc9172.xml,https://www.rfc-editor.org/info/rfc9171,200
rfc9172.xml,https://www.rfc-editor.org/info/rfc9173,200
rfc9172.xml,https://www.rfc-editor.org/info/rfc4838,200
rfc9172.xml,https://www.rfc-editor.org/info/rfc6257,200
rfc9172.xml,https://www.rfc-editor.org/info/rfc8126,200
rfc9198.xml,https://datatracker.ietf.org/doc/draft-ietf-ippm-route-10,200
rfc9198.xml,https://dx.doi.org/10.17487/rfc9198,200
rfc9198.xml,https://www.rfc-editor.org/info/rfc9198,200
rfc9198.xml,https://trustee.ietf.org/license-info,200
rfc9198.xml,https://www.rfc-editor.org/info/rfc792,200
rfc9198.xml,https://www.rfc-editor.org/info/rfc1122,200
rfc9198.xml,https://www.rfc-editor.org/info/rfc1812,200
rfc9198.xml,https://www.rfc-editor.org/info/rfc2119,200
rfc9198.xml,https://www.rfc-editor.org/info/rfc2330,200
rfc9198.xml,https://www.rfc-editor.org/info/rfc2681,200
rfc9198.xml,https://www.rfc-editor.org/info/rfc4656,200
rfc9198.xml,https://www.rfc-editor.org/info/rfc5388,200
rfc9198.xml,https://www.rfc-editor.org/info/rfc6438,200
rfc9198.xml,https://www.rfc-editor.org/info/rfc6673,200
rfc9198.xml,https://www.rfc-editor.org/info/rfc7799,200
rfc9198.xml,https://www.rfc-editor.org/info/rfc8029,200
rfc9198.xml,https://www.rfc-editor.org/info/rfc8174,200
rfc9198.xml,https://www.rfc-editor.org/info/rfc8468,200
rfc9198.xml,https://www.rfc-editor.org/info/rfc9197,200
rfc9198.xml,https://doi.org/10.1145/2987443.2987467,Connection error: HTTP Error 403: Forbidden
rfc9198.xml,https://doi.org/10.1145/2663716.2663741,Connection error: HTTP Error 403: Forbidden
rfc9198.xml,https://doi.org/10.7903/ijecs.1346,200
rfc9198.xml,https://doi.org/10.1145/1298306.1298329,Connection error: HTTP Error 403: Forbidden
rfc9198.xml,https://doi.org/10.1109/INFOCOM.2015.7218636,Connection error: HTTP Error 418: Unknown Code
rfc9198.xml,https://doi.org/10.1145/4372.4378,Connection error: HTTP Error 403: Forbidden
rfc9198.xml,https://doi.org/10.1145/1177080.1177100,Connection error: HTTP Error 403: Forbidden
rfc9198.xml,https://www.rfc-editor.org/info/rfc2991,200
rfc9198.xml,https://www.rfc-editor.org/info/rfc5357,200
rfc9198.xml,https://www.rfc-editor.org/info/rfc5835,200
rfc9198.xml,https://www.rfc-editor.org/info/rfc5837,200
rfc9198.xml,https://www.rfc-editor.org/info/rfc6437,200
rfc9198.xml,https://www.rfc-editor.org/info/rfc7312,200
rfc9198.xml,https://www.rfc-editor.org/info/rfc7325,200
rfc9198.xml,https://www.rfc-editor.org/info/rfc7594,200
rfc9198.xml,https://www.rfc-editor.org/info/rfc8403,200
rfc9198.xml,https://doi.org/10.1145/2815675.2815718,Connection error: HTTP Error 403: Forbidden
rfc9198.xml,https://doi.org/10.1145/1879141.1879171,Connection error: HTTP Error 403: Forbidden
rfc9198.xml,https://doi.org/10.1002/047120644X,Connection error: HTTP Error 403: Forbidden
rfc9650.xml,https://datatracker.ietf.org/doc/draft-ietf-lsr-labv-registration-03,200
rfc9650.xml,https://dx.doi.org/10.17487/rfc9650,200
rfc9650.xml,https://www.rfc-editor.org/info/rfc9650,200
rfc9650.xml,https://trustee.ietf.org/license-info,200
rfc9650.xml,https://www.rfc-editor.org/info/rfc5029,200
rfc9650.xml,https://www.rfc-editor.org/info/rfc7370,200
rfc9650.xml,https://www.rfc-editor.org/info/rfc8126,200
rfc8784.xml,https://datatracker.ietf.org/doc/draft-ietf-ipsecme-qr-ikev2-11,200
rfc8784.xml,https://dx.doi.org/10.17487/rfc8784,200
rfc8784.xml,https://www.rfc-editor.org/info/rfc8784,200
rfc8784.xml,https://trustee.ietf.org/license-info,200
rfc8784.xml,https://www.rfc-editor.org/info/rfc2119,200
rfc8784.xml,https://www.rfc-editor.org/info/rfc7296,200
rfc8784.xml,https://www.rfc-editor.org/info/rfc8174,200
rfc8784.xml,https://tools.ietf.org/html/draft-hoffman-c2pq-07,200
rfc8784.xml,http://www.ietf.org/internet-drafts/draft-hoffman-c2pq-07.txt,Connection error: HTTP Error 404: Not Found
rfc8784.xml,https://doi.org/10.1145/237814.237866,Connection error: HTTP Error 403: Forbidden
rfc8784.xml,https://www.iana.org/assignments/ikev2-parameters/,200
rfc8784.xml,https://csrc.nist.gov/CSRC/media/Projects/Post-Quantum-Cryptography/documents/call-for-proposals-final-dec-2016.pdf,200
rfc8784.xml,https://www.rfc-editor.org/info/rfc2409,200
rfc8784.xml,https://www.rfc-editor.org/info/rfc4648,200
rfc8784.xml,https://www.rfc-editor.org/info/rfc6023,200
rfc8784.xml,https://www.rfc-editor.org/info/rfc6030,200
rfc8784.xml,https://www.rfc-editor.org/info/rfc7619,200
rfc8784.xml,https://www.rfc-editor.org/info/rfc8019,200
rfc8784.xml,https://www.rfc-editor.org/info/rfc8126,200
rfc9003.xml,https://datatracker.ietf.org/doc/draft-ietf-idr-rfc8203bis-08,200
rfc9003.xml,https://dx.doi.org/10.17487/rfc9003,200
rfc9003.xml,https://www.rfc-editor.org/info/rfc9003,200
rfc9003.xml,https://trustee.ietf.org/license-info,200
rfc9003.xml,https://www.rfc-editor.org/info/rfc2119,200
rfc9003.xml,https://www.rfc-editor.org/info/rfc3629,200
rfc9003.xml,https://www.rfc-editor.org/info/rfc4271,200
rfc9003.xml,https://www.rfc-editor.org/info/rfc4486,200
rfc9003.xml,https://www.rfc-editor.org/info/rfc8174,200
rfc9003.xml,https://www.rfc-editor.org/info/rfc4272,200
rfc9003.xml,https://www.rfc-editor.org/info/rfc5424,200
rfc9003.xml,https://www.rfc-editor.org/info/rfc6973,200
rfc9003.xml,https://www.rfc-editor.org/info/rfc8203,200
rfc9003.xml,http://unicode.org/reports/tr36/,200
rfc9285.xml,https://datatracker.ietf.org/doc/draft-faltstrom-base45-12,200
rfc9285.xml,https://dx.doi.org/10.17487/rfc9285,200
rfc9285.xml,https://www.rfc-editor.org/info/rfc9285,200
rfc9285.xml,https://trustee.ietf.org/license-info,200
rfc9285.xml,https://www.iso.org/standard/62021.html,200
rfc9285.xml,https://www.rfc-editor.org/info/rfc2119,200
rfc9285.xml,https://www.rfc-editor.org/info/rfc4648,200
rfc9285.xml,https://www.rfc-editor.org/info/rfc8174,200
rfc9259.xml,https://datatracker.ietf.org/doc/draft-ietf-6man-spring-srv6-oam-13,200
rfc9259.xml,https://dx.doi.org/10.17487/rfc9259,200
rfc9259.xml,https://www.rfc-editor.org/info/rfc9259,200
rfc9259.xml,https://trustee.ietf.org/license-info,200
rfc9259.xml,https://www.rfc-editor.org/info/rfc2119,200
rfc9259.xml,https://www.rfc-editor.org/info/rfc8174,200
rfc9259.xml,https://www.rfc-editor.org/info/rfc8754,200
rfc9259.xml,https://www.rfc-editor.org/info/rfc8986,200
rfc9259.xml,https://www.rfc-editor.org/info/rfc792,200
rfc9259.xml,https://www.rfc-editor.org/info/rfc2328,200
rfc9259.xml,https://www.rfc-editor.org/info/rfc4443,200
rfc9259.xml,https://www.rfc-editor.org/info/rfc4884,200
rfc9259.xml,https://www.rfc-editor.org/info/rfc5476,200
rfc9259.xml,https://www.rfc-editor.org/info/rfc5837,200
rfc9259.xml,https://www.rfc-editor.org/info/rfc5880,200
rfc9259.xml,https://www.rfc-editor.org/info/rfc7011,200
rfc9259.xml,https://www.rfc-editor.org/info/rfc7012,200
rfc9259.xml,https://www.rfc-editor.org/info/rfc7799,200
rfc9259.xml,https://www.rfc-editor.org/info/rfc7880,200
rfc9259.xml,https://www.rfc-editor.org/info/rfc8402,200
rfc9259.xml,https://www.rfc-editor.org/info/rfc8403,200
rfc9259.xml,https://www.rfc-editor.org/info/rfc8571,200
rfc9259.xml,https://www.rfc-editor.org/info/rfc9197,200
rfc9259.xml,https://datatracker.ietf.org/doc/html/draft-ietf-spring-stamp-srpm-03,200
rfc9259.xml,https://www.ietf.org/archive/id/draft-ietf-spring-stamp-srpm-03.txt,200
rfc9561.xml,https://datatracker.ietf.org/doc/draft-ietf-nfsv4-scsi-layout-nvme-07,200
rfc9561.xml,https://dx.doi.org/10.17487/rfc9561,200
rfc9561.xml,https://www.rfc-editor.org/info/rfc9561,200
rfc9561.xml,https://trustee.ietf.org/license-info,200
rfc9561.xml,https://nvmexpress.org/wp-content/uploads/NVM-Express-Base-Specification-2.0d-2024.01.11-Ratified.pdf,200
rfc9561.xml,https://nvmexpress.org/wp-content/uploads/NVM-Express-             NVM-Command-Set-Specification-1.0d-2023.12.28-Ratified.pdf,Connection error: URL can't contain control characters. '/wp-content/uploads/NVM-Express-             NVM-Command-Set-Specification-1.0d-2023.12.28-Ratified.pdf' (found at least ' ')
rfc9561.xml,https://nvmexpress.org/wp-content/uploads/NVM-Express-TCP-Transport-Specification-1.0d-2023.12.27-Ratified.pdf,200
rfc9561.xml,https://www.rfc-editor.org/info/rfc2119,200
rfc9561.xml,https://www.rfc-editor.org/info/rfc4506,200
rfc9561.xml,https://www.rfc-editor.org/info/rfc5663,200
rfc9561.xml,https://www.rfc-editor.org/info/rfc8154,200
rfc9561.xml,https://www.rfc-editor.org/info/rfc8174,200
rfc9561.xml,https://www.rfc-editor.org/info/rfc8446,200
rfc9561.xml,https://www.rfc-editor.org/info/rfc8881,200
rfc9561.xml,https://nvmexpress.org/wp-content/uploads/NVM-Express-PCIe-Transport-Specification-1.0d-2023.12.27-Ratified.pdf,200
rfc8960.xml,https://datatracker.ietf.org/doc/draft-ietf-mpls-base-yang-17,200
rfc8960.xml,https://dx.doi.org/10.17487/rfc8960,200
rfc8960.xml,https://www.rfc-editor.org/info/rfc8960,200
rfc8960.xml,https://trustee.ietf.org/license-info,200
rfc8960.xml,https://www.rfc-editor.org/info/rfc3032,200
rfc8960.xml,https://www.rfc-editor.org/info/rfc3688,200
rfc8960.xml,https://www.rfc-editor.org/info/rfc6020,200
rfc8960.xml,https://www.rfc-editor.org/info/rfc6241,200
rfc8960.xml,https://www.rfc-editor.org/info/rfc6242,200
rfc8960.xml,https://www.rfc-editor.org/info/rfc6991,200
rfc8960.xml,https://www.rfc-editor.org/info/rfc7950,200
rfc8960.xml,https://www.rfc-editor.org/info/rfc8040,200
rfc8960.xml,https://www.rfc-editor.org/info/rfc8294,200
rfc8960.xml,https://www.rfc-editor.org/info/rfc8340,200
rfc8960.xml,https://www.rfc-editor.org/info/rfc8341,200
rfc8960.xml,https://www.rfc-editor.org/info/rfc8342,200
rfc8960.xml,https://www.rfc-editor.org/info/rfc8343,200
rfc8960.xml,https://www.rfc-editor.org/info/rfc8349,200
rfc8960.xml,https://www.rfc-editor.org/info/rfc8402,200
rfc8960.xml,https://www.rfc-editor.org/info/rfc8446,200
rfc8960.xml,https://www.rfc-editor.org/info/rfc3031,200
rfc8960.xml,https://www.rfc-editor.org/info/rfc4090,200
rfc8960.xml,https://www.rfc-editor.org/info/rfc5714,200
rfc8960.xml,https://www.rfc-editor.org/info/rfc7424,200
rfc8960.xml,https://www.rfc-editor.org/info/rfc7951,200
rfc9295.xml,https://datatracker.ietf.org/doc/draft-ietf-lamps-8410-ku-clarifications-02,200
rfc9295.xml,https://dx.doi.org/10.17487/rfc9295,200
rfc9295.xml,https://www.rfc-editor.org/info/rfc9295,200
rfc9295.xml,https://trustee.ietf.org/license-info,200
rfc9295.xml,https://www.rfc-editor.org/info/rfc2119,200
rfc9295.xml,https://www.rfc-editor.org/info/rfc5280,200
rfc9295.xml,https://www.rfc-editor.org/info/rfc8174,200
rfc9295.xml,https://www.rfc-editor.org/info/rfc8410,200
rfc9295.xml,https://www.rfc-editor.org/errata/eid5696,200
rfc9745.xml,https://datatracker.ietf.org/doc/draft-ietf-httpapi-deprecation-header-latest,200
rfc9745.xml,https://dx.doi.org/10.17487/rfc9745,200
rfc9745.xml,https://www.rfc-editor.org/info/rfc9745,200
rfc9745.xml,https://trustee.ietf.org/license-info,200
rfc9745.xml,https://www.rfc-editor.org/info/rfc9110,200
rfc9745.xml,https://www.rfc-editor.org/info/rfc8288,200
rfc9745.xml,https://www.rfc-editor.org/info/rfc2119,200
rfc9745.xml,https://www.rfc-editor.org/info/rfc8174,200
rfc9745.xml,https://www.rfc-editor.org/info/rfc8594,200
rfc9745.xml,https://www.rfc-editor.org/info/rfc9651,200
rfc9303.xml,https://datatracker.ietf.org/doc/draft-ietf-lisp-sec-29,200
rfc9303.xml,https://dx.doi.org/10.17487/rfc9303,200
rfc9303.xml,https://www.rfc-editor.org/info/rfc9303,200
rfc9303.xml,https://trustee.ietf.org/license-info,200
rfc9303.xml,https://www.rfc-editor.org/info/rfc2104,200
rfc9303.xml,https://www.rfc-editor.org/info/rfc2119,200
rfc9303.xml,https://www.rfc-editor.org/info/rfc3394,200
rfc9303.xml,https://www.rfc-editor.org/info/rfc4868,200
rfc9303.xml,https://www.rfc-editor.org/info/rfc5869,200
rfc9303.xml,https://www.rfc-editor.org/info/rfc6234,200
rfc9303.xml,https://www.rfc-editor.org/info/rfc7525,200
rfc9303.xml,https://www.rfc-editor.org/info/rfc7835,200
rfc9303.xml,https://www.rfc-editor.org/info/rfc8126,200
rfc9303.xml,https://www.rfc-editor.org/info/rfc8174,200
rfc9303.xml,https://www.rfc-editor.org/info/rfc9147,200
rfc9303.xml,https://www.rfc-editor.org/info/rfc9300,200
rfc9303.xml,https://www.rfc-editor.org/info/rfc9301,200
rfc9303.xml,https://www.rfc-editor.org/info/rfc4086,200
rfc9303.xml,https://www.rfc-editor.org/info/rfc6836,200
rfc9709.xml,https://datatracker.ietf.org/doc/draft-ietf-lamps-cms-cek-hkdf-sha256-05,200
rfc9709.xml,https://dx.doi.org/10.17487/rfc9709,200
rfc9709.xml,https://www.rfc-editor.org/info/rfc9709,200
rfc9709.xml,https://trustee.ietf.org/license-info,200
rfc9709.xml,https://nvlpubs.nist.gov/nistpubs/FIPS/NIST.FIPS.180-4.pdf,200
rfc9709.xml,https://www.rfc-editor.org/info/rfc2119,200
rfc9709.xml,https://www.rfc-editor.org/info/rfc5083,200
rfc9709.xml,https://www.rfc-editor.org/info/rfc5652,200
rfc9709.xml,https://www.rfc-editor.org/info/rfc5869,200
rfc9709.xml,https://www.rfc-editor.org/info/rfc8174,200
rfc9709.xml,https://www.rfc-editor.org/info/rfc8551,200
rfc9709.xml,https://www.itu.int/rec/T-REC-X.680,200
rfc9709.xml,https://www.itu.int/rec/T-REC-X.690,200
rfc9709.xml,https://www.rfc-editor.org/info/rfc3852,200
rfc9709.xml,https://www.rfc-editor.org/info/rfc4086,200
rfc9709.xml,https://www.rfc-editor.org/info/rfc5084,200
rfc9709.xml,https://www.rfc-editor.org/info/rfc5911,200
rfc9709.xml,https://datatracker.ietf.org/meeting/118/materials/slides-118-lamps-attack-against-aead-in-cms,200
rfc9717.xml,https://datatracker.ietf.org/doc/draft-li-arch-sat-09,200
rfc9717.xml,https://dx.doi.org/10.17487/rfc9717,200
rfc9717.xml,https://www.rfc-editor.org/info/rfc9717,200
rfc9717.xml,https://trustee.ietf.org/license-info,200
rfc9717.xml,https://www.iso.org/standard/30932.html,200
rfc9717.xml,https://www.rfc-editor.org/info/rfc3031,200
rfc9717.xml,https://www.rfc-editor.org/info/rfc5304,200
rfc9717.xml,https://www.rfc-editor.org/info/rfc5310,200
rfc9717.xml,https://www.rfc-editor.org/info/rfc8402,200
rfc9717.xml,https://www.rfc-editor.org/info/rfc8660,200
rfc9717.xml,https://www.rfc-editor.org/info/rfc9666,200
rfc9717.xml,https://ajsonline.org/article/64037,200
rfc9717.xml,https://www.mdpi.com/1424-8220/22/12/4552/pdf?version=1655449925,Connection error: HTTP Error 403: Forbidden
rfc9717.xml,https://www.cnn.com/2021/02/11/tech/spacex-starlink-satellites-1000-scn/index.html,200
rfc9717.xml,https://ieeexplore.ieee.org/document/7417097,Connection error: HTTP Error 418: Unknown Code
rfc9717.xml,https://dl.acm.org/doi/10.1145/3286062.3286075#,Connection error: HTTP Error 403: Forbidden
rfc9717.xml,https://search.itu.int/history/HistoryDigitalCollectionDocLibrary/1.49.48.en.101.pdf#search=radio%20regulation,200
rfc9717.xml,https://www.rfc-editor.org/info/rfc1195,200
rfc9717.xml,https://www.rfc-editor.org/info/rfc2131,200
rfc9717.xml,https://www.rfc-editor.org/info/rfc2328,200
rfc9717.xml,https://www.rfc-editor.org/info/rfc4271,200
rfc9717.xml,https://www.rfc-editor.org/info/rfc4655,200
rfc9717.xml,https://www.rfc-editor.org/info/rfc5340,200
rfc9717.xml,https://www.rfc-editor.org/info/rfc9552,200
rfc9717.xml,https://datatracker.ietf.org/doc/html/draft-ietf-rtgwg-segment-routing-ti-lfa-19,200
rfc9717.xml,https://arxiv.org/pdf/2310.07646.pdf,200
rfc9717.xml,https://datatracker.ietf.org/doc/html/draft-ietf-tvr-schedule-yang-03,200
rfc9717.xml,https://doi.org/10.1109/LCN52139.2021.9524989,Connection error: HTTP Error 418: Unknown Code
rfc8899.xml,https://datatracker.ietf.org/doc/draft-ietf-tsvwg-datagram-plpmtud-22,200
rfc8899.xml,https://dx.doi.org/10.17487/rfc8899,200
rfc8899.xml,https://www.rfc-editor.org/info/rfc8899,200
rfc8899.xml,https://trustee.ietf.org/license-info,200
rfc8899.xml,https://www.rfc-editor.org/info/bcp145,200
rfc8899.xml,https://www.rfc-editor.org/info/rfc768,200
rfc8899.xml,https://www.rfc-editor.org/info/rfc791,200
rfc8899.xml,https://www.rfc-editor.org/info/rfc1191,200
rfc8899.xml,https://www.rfc-editor.org/info/rfc2119,200
rfc8899.xml,https://www.rfc-editor.org/info/rfc3828,200
rfc8899.xml,https://www.rfc-editor.org/info/rfc4820,200
rfc8899.xml,https://www.rfc-editor.org/info/rfc4960,200
rfc8899.xml,https://www.rfc-editor.org/info/rfc6951,200
rfc8899.xml,https://www.rfc-editor.org/info/rfc8174,200
rfc8899.xml,https://www.rfc-editor.org/info/rfc8200,200
rfc8899.xml,https://www.rfc-editor.org/info/rfc8201,200
rfc8899.xml,https://www.rfc-editor.org/info/rfc8261,200
rfc8899.xml,https://tools.ietf.org/html/draft-ietf-quic-transport-29,200
rfc8899.xml,https://www.rfc-editor.org/info/rfc792,200
rfc8899.xml,https://www.rfc-editor.org/info/rfc1122,200
rfc8899.xml,https://www.rfc-editor.org/info/rfc1812,200
rfc8899.xml,https://www.rfc-editor.org/info/rfc2923,200
rfc8899.xml,https://www.rfc-editor.org/info/rfc4340,200
rfc8899.xml,https://www.rfc-editor.org/info/rfc4443,200
rfc8899.xml,https://www.rfc-editor.org/info/rfc4821,200
rfc8899.xml,https://www.rfc-editor.org/info/rfc4890,200
rfc8899.xml,https://www.rfc-editor.org/info/rfc5508,200
rfc8899.xml,https://www.rfc-editor.org/info/rfc8900,200
rfc8899.xml,https://tools.ietf.org/html/draft-ietf-intarea-tunnels-10,200
rfc8899.xml,https://www.ietf.org/internet-drafts/draft-ietf-intarea-tunnels-10.txt,Connection error: HTTP Error 404: Not Found
rfc9681.xml,https://datatracker.ietf.org/doc/draft-ietf-lsr-isis-fast-flooding-11,200
rfc9681.xml,https://dx.doi.org/10.17487/rfc9681,200
rfc9681.xml,https://www.rfc-editor.org/info/rfc9681,200
rfc9681.xml,https://trustee.ietf.org/license-info,200
rfc9681.xml,https://www.iso.org/standard/30932.html,200
rfc9681.xml,https://www.rfc-editor.org/info/rfc2119,200
rfc9681.xml,https://www.rfc-editor.org/info/rfc5304,200
rfc9681.xml,https://www.rfc-editor.org/info/rfc5310,200
rfc9681.xml,https://www.rfc-editor.org/info/rfc6298,200
rfc9681.xml,https://www.rfc-editor.org/info/rfc8174,200
rfc9681.xml,https://www.rfc-editor.org/info/rfc2973,200
rfc9681.xml,https://www.rfc-editor.org/info/rfc5681,200
rfc9681.xml,https://www.rfc-editor.org/info/rfc9002,200
rfc9681.xml,https://www.rfc-editor.org/info/rfc9293,200
rfc9681.xml,https://www.rfc-editor.org/info/rfc9667,200
rfc9173.xml,https://datatracker.ietf.org/doc/draft-ietf-dtn-bpsec-default-sc-11,200
rfc9173.xml,https://dx.doi.org/10.17487/rfc9173,200
rfc9173.xml,https://www.rfc-editor.org/info/rfc9173,200
rfc9173.xml,https://trustee.ietf.org/license-info,200
rfc9173.xml,https://doi.org/10.6028/NIST.SP.800-38D,200
rfc9173.xml,https://www.rfc-editor.org/info/rfc2104,200
rfc9173.xml,https://www.rfc-editor.org/info/rfc2119,200
rfc9173.xml,https://www.rfc-editor.org/info/rfc3394,200
rfc9173.xml,https://www.rfc-editor.org/info/rfc8126,200
rfc9173.xml,https://www.rfc-editor.org/info/rfc8152,200
rfc9173.xml,https://www.rfc-editor.org/info/rfc8174,200
rfc9173.xml,https://www.rfc-editor.org/info/rfc8742,200
rfc9173.xml,https://www.rfc-editor.org/info/rfc8949,200
rfc9173.xml,https://www.rfc-editor.org/rfc/rfc9171,200
rfc9173.xml,https://www.rfc-editor.org/rfc/rfc9172,200
rfc9173.xml,https://csrc.nist.gov/publications/detail/fips/180/4/final,200
rfc9038.xml,https://datatracker.ietf.org/doc/draft-ietf-regext-unhandled-namespaces-08,200
rfc9038.xml,https://dx.doi.org/10.17487/rfc9038,200
rfc9038.xml,https://www.rfc-editor.org/info/rfc9038,200
rfc9038.xml,https://trustee.ietf.org/license-info,200
rfc9038.xml,https://www.rfc-editor.org/info/rfc2119,200
rfc9038.xml,https://www.rfc-editor.org/info/rfc3688,200
rfc9038.xml,https://www.rfc-editor.org/info/rfc5234,200
rfc9038.xml,https://www.rfc-editor.org/info/rfc5730,200
rfc9038.xml,https://www.rfc-editor.org/info/rfc5731,200
rfc9038.xml,https://www.rfc-editor.org/info/rfc8174,200
rfc9038.xml,https://www.w3.org/TR/2006/REC-xml11-20060816,200
rfc9038.xml,https://www.w3.org/TR/2006/REC-xml11-20060816,200
rfc9038.xml,https://www.rfc-editor.org/info/rfc3735,200
rfc9038.xml,https://www.rfc-editor.org/info/rfc3915,200
rfc9038.xml,https://www.rfc-editor.org/info/rfc5910,200
rfc9038.xml,https://www.rfc-editor.org/info/rfc7451,200
rfc9038.xml,https://www.rfc-editor.org/info/rfc8590,200
rfc9031.xml,https://datatracker.ietf.org/doc/draft-ietf-6tisch-minimal-security-15,200
rfc9031.xml,https://dx.doi.org/10.17487/rfc9031,Connection error: HTTP Error 404: Not Found
rfc9031.xml,https://www.rfc-editor.org/info/rfc9031,200
rfc9031.xml,https://trustee.ietf.org/license-info,200
rfc9031.xml,https://ieeexplore.ieee.org/document/7460875,Connection error: HTTP Error 418: Unknown Code
rfc9031.xml,https://www.rfc-editor.org/info/rfc2119,200
rfc9031.xml,https://www.rfc-editor.org/info/rfc2597,200
rfc9031.xml,https://www.rfc-editor.org/info/rfc3172,200
rfc9031.xml,https://www.rfc-editor.org/info/rfc5869,200
rfc9031.xml,https://www.rfc-editor.org/info/rfc6761,200
rfc9031.xml,https://www.rfc-editor.org/info/rfc7252,200
rfc9031.xml,https://www.rfc-editor.org/info/rfc7554,200
rfc9031.xml,https://www.rfc-editor.org/info/rfc8085,200
rfc9031.xml,https://www.rfc-editor.org/info/rfc8126,200
rfc9031.xml,https://www.rfc-editor.org/info/rfc8152,200
rfc9031.xml,https://www.rfc-editor.org/info/rfc8174,200
rfc9031.xml,https://www.rfc-editor.org/info/rfc8180,200
rfc9031.xml,https://www.rfc-editor.org/info/rfc8505,200
rfc9031.xml,https://www.rfc-editor.org/info/rfc8613,200
rfc9031.xml,https://www.rfc-editor.org/info/rfc8820,200
rfc9031.xml,https://www.rfc-editor.org/info/rfc8949,200
rfc9031.xml,https://www.rfc-editor.org/info/rfc8974,200
rfc9031.xml,https://www.rfc-editor.org/info/rfc9030,200
rfc9031.xml,https://doi.org/10.6028/NIST.SP.800-90Ar1,200
rfc9031.xml,https://www.rfc-editor.org/info/rfc4231,200
rfc9031.xml,https://www.rfc-editor.org/info/rfc4944,200
rfc9031.xml,https://www.rfc-editor.org/info/rfc6550,200
rfc9031.xml,https://www.rfc-editor.org/info/rfc6762,200
rfc9031.xml,https://www.rfc-editor.org/info/rfc7721,200
rfc9031.xml,https://www.rfc-editor.org/info/rfc8415,200
rfc9031.xml,https://www.rfc-editor.org/info/rfc8480,200
rfc9031.xml,https://www.rfc-editor.org/info/rfc8610,200
rfc9031.xml,https://www.rfc-editor.org/info/rfc8615,200
rfc9031.xml,https://www.rfc-editor.org/info/rfc8742,200
rfc9031.xml,https://www.rfc-editor.org/info/rfc8990,200
rfc9103.xml,https://datatracker.ietf.org/doc/draft-ietf-dprive-xfr-over-tls-12,200
rfc9103.xml,https://dx.doi.org/10.17487/rfc9103,200
rfc9103.xml,https://www.rfc-editor.org/info/rfc9103,200
rfc9103.xml,https://trustee.ietf.org/license-info,200
rfc9103.xml,https://www.iana.org/assignments/tls-extensiontype-values/,200
rfc9103.xml,https://www.rfc-editor.org/info/rfc1034,200
rfc9103.xml,https://www.rfc-editor.org/info/rfc1035,200
rfc9103.xml,https://www.rfc-editor.org/info/rfc1995,200
rfc9103.xml,https://www.rfc-editor.org/info/rfc1996,200
rfc9103.xml,https://www.rfc-editor.org/info/rfc2119,200
rfc9103.xml,https://www.rfc-editor.org/info/rfc2931,200
rfc9103.xml,https://www.rfc-editor.org/info/rfc5936,200
rfc9103.xml,https://www.rfc-editor.org/info/rfc6973,200
rfc9103.xml,https://www.rfc-editor.org/info/rfc7766,200
rfc9103.xml,https://www.rfc-editor.org/info/rfc7828,200
rfc9103.xml,https://www.rfc-editor.org/info/rfc7858,200
rfc9103.xml,https://www.rfc-editor.org/info/rfc8174,200
rfc9103.xml,https://www.rfc-editor.org/info/rfc8310,200
rfc9103.xml,https://www.rfc-editor.org/info/rfc8446,200
rfc9103.xml,https://www.rfc-editor.org/info/rfc8499,200
rfc9103.xml,https://www.rfc-editor.org/info/rfc8914,200
rfc9103.xml,https://www.rfc-editor.org/info/rfc8945,200
rfc9103.xml,https://www.isc.org/bind/,200
rfc9103.xml,https://datatracker.ietf.org/doc/html/draft-ietf-dprive-dnsoquic-03,200
rfc9103.xml,https://www.ietf.org/archive/id/draft-ietf-dprive-dnsoquic-03.txt,200
rfc9103.xml,https://nvlpubs.nist.gov/nistpubs/SpecialPublications/NIST.SP.800-81-2.pdf,200
rfc9103.xml,https://www.nlnetlabs.nl/projects/nsd/about/,200
rfc9103.xml,https://www.cs.bu.edu/~goldbe/papers/nsec3attacks.pdf,200
rfc9103.xml,https://datatracker.ietf.org/doc/html/draft-vcelak-nsec5-08,200
rfc9103.xml,https://www.rfc-editor.org/info/rfc1982,200
rfc9103.xml,https://www.rfc-editor.org/info/rfc5155,200
rfc9103.xml,https://www.rfc-editor.org/info/rfc6891,200
rfc9103.xml,https://www.rfc-editor.org/info/rfc8484,200
rfc9103.xml,https://www.rfc-editor.org/info/rfc8976,200
rfc9103.xml,https://www.rfc-editor.org/info/rfc9076,200
rfc9103.xml,https://datatracker.ietf.org/doc/html/draft-ietf-tls-esni-13,200
rfc9103.xml,https://www.ietf.org/archive/id/draft-ietf-tls-esni-13.txt,200
rfc9357.xml,https://datatracker.ietf.org/doc/draft-ietf-pce-lsp-extended-flags-09,200
rfc9357.xml,https://dx.doi.org/10.17487/rfc9357,200
rfc9357.xml,https://www.rfc-editor.org/info/rfc9357,200
rfc9357.xml,https://trustee.ietf.org/license-info,200
rfc9357.xml,https://www.rfc-editor.org/info/rfc2119,200
rfc9357.xml,https://www.rfc-editor.org/info/rfc2119,200
rfc9357.xml,https://www.rfc-editor.org/info/rfc5440,200
rfc9357.xml,https://www.rfc-editor.org/info/rfc5440,200
rfc9357.xml,https://www.rfc-editor.org/info/rfc8126,200
rfc9357.xml,https://www.rfc-editor.org/info/rfc8126,200
rfc9357.xml,https://www.rfc-editor.org/info/rfc8174,200
rfc9357.xml,https://www.rfc-editor.org/info/rfc8174,200
rfc9357.xml,https://www.rfc-editor.org/info/rfc8231,200
rfc9357.xml,https://www.rfc-editor.org/info/rfc8231,200
rfc9357.xml,https://datatracker.ietf.org/doc/html/draft-ietf-pce-binding-label-sid-15,200
rfc9357.xml,https://www.ietf.org/archive/id/draft-ietf-pce-binding-label-sid-15.txt,200
rfc9357.xml,https://datatracker.ietf.org/doc/html/draft-peng-pce-entropy-label-position-08,200
rfc9357.xml,https://datatracker.ietf.org/doc/html/draft-dhody-pce-pceps-tls13-01,200
rfc9357.xml,https://www.rfc-editor.org/info/rfc5088,200
rfc9357.xml,https://www.rfc-editor.org/info/rfc5088,200
rfc9357.xml,https://www.rfc-editor.org/info/rfc5089,200
rfc9357.xml,https://www.rfc-editor.org/info/rfc5089,200
rfc9357.xml,https://www.rfc-editor.org/info/rfc8253,200
rfc9357.xml,https://www.rfc-editor.org/info/rfc8253,200
rfc9357.xml,https://www.rfc-editor.org/info/rfc8281,200
rfc9357.xml,https://www.rfc-editor.org/info/rfc8281,200
rfc9357.xml,https://www.rfc-editor.org/info/rfc8623,200
rfc9357.xml,https://www.rfc-editor.org/info/rfc8623,200
rfc9357.xml,https://www.rfc-editor.org/info/rfc8786,200
rfc9357.xml,https://www.rfc-editor.org/info/rfc8786,200
rfc9357.xml,https://www.rfc-editor.org/info/rfc9325,200
rfc9357.xml,https://www.rfc-editor.org/info/rfc9325,200
rfc8709.xml,https://datatracker.ietf.org/doc/draft-ietf-curdle-ssh-ed25519-ed448-11,200
rfc8709.xml,https://dx.doi.org/10.17487/rfc8709,200
rfc8709.xml,https://www.rfc-editor.org/info/rfc8709,200
rfc8709.xml,https://trustee.ietf.org/license-info,200
rfc8709.xml,https://www.rfc-editor.org/info/rfc2119,200
rfc8709.xml,https://www.rfc-editor.org/info/rfc4250,200
rfc8709.xml,https://www.rfc-editor.org/info/rfc4251,200
rfc8709.xml,https://www.rfc-editor.org/info/rfc4253,200
rfc8709.xml,https://www.rfc-editor.org/info/rfc4255,200
rfc8709.xml,https://www.rfc-editor.org/info/rfc6594,200
rfc8709.xml,https://www.rfc-editor.org/info/rfc8032,200
rfc8709.xml,https://www.rfc-editor.org/info/rfc8174,200
rfc8709.xml,https://eprint.iacr.org/2015/625.pdf,200
rfc8709.xml,https://www.iana.org/assignments/ssh-parameters,200
rfc8709.xml,https://www.iana.org/assignments/dns-sshfp-rr-parameters,200
rfc8709.xml,http://www.openssh.com/txt/release-6.5,200
rfc8709.xml,https://www.rfc-editor.org/info/rfc7479,200
rfc8720.xml,https://dx.doi.org/10.17487/rfc8720,200
rfc8720.xml,https://datatracker.ietf.org/doc/draft-iab-rfc7500-bis-00,200
rfc8720.xml,https://www.rfc-editor.org/info/rfc8720,200
rfc8720.xml,https://trustee.ietf.org/license-info,200
rfc8720.xml,https://archive.icann.org/en/aso/aso-mou-29oct04.htm,200
rfc8720.xml,https://www.rfc-editor.org/info/rfc2850,200
rfc8720.xml,https://www.rfc-editor.org/info/rfc6220,200
rfc8720.xml,https://www.rfc-editor.org/info/rfc7020,200
rfc8720.xml,https://www.rfc-editor.org/info/rfc7249,200
rfc8720.xml,https://www.rfc-editor.org/info/rfc8126,200
rfc8720.xml,https://www.rfc-editor.org/info/rfc8711,200
rfc8720.xml,https://www.rfc-editor.org/info/rfc8713,200
rfc9115.xml,https://datatracker.ietf.org/doc/draft-ietf-acme-star-delegation-09,200
rfc9115.xml,https://dx.doi.org/10.17487/rfc9115,200
rfc9115.xml,https://www.rfc-editor.org/info/rfc9115,200
rfc9115.xml,https://trustee.ietf.org/license-info,200
rfc9115.xml,https://www.rfc-editor.org/info/rfc2119,200
rfc9115.xml,https://www.rfc-editor.org/info/rfc2986,200
rfc9115.xml,https://www.rfc-editor.org/info/rfc5280,200
rfc9115.xml,https://www.rfc-editor.org/info/rfc7807,200
rfc9115.xml,https://www.rfc-editor.org/info/rfc8174,200
rfc9115.xml,https://www.rfc-editor.org/info/rfc8555,200
rfc9115.xml,https://www.rfc-editor.org/info/rfc8610,200
rfc9115.xml,https://www.rfc-editor.org/info/rfc8739,200
rfc9115.xml,https://datatracker.ietf.org/doc/html/draft-ietf-cdni-interfaces-https-delegation-06,200
rfc9115.xml,https://www.ietf.org/archive/id/draft-ietf-cdni-interfaces-https-delegation-06.txt,200
rfc9115.xml,https://datatracker.ietf.org/doc/html/draft-handrews-json-schema-validation-02,200
rfc9115.xml,https://www.ietf.org/archive/id/draft-handrews-json-schema-validation-02.txt,200
rfc9115.xml,https://datatracker.ietf.org/doc/html/draft-mglt-lurk-tls13-05,200
rfc9115.xml,https://www.ietf.org/archive/id/draft-mglt-lurk-tls13-05.txt,200
rfc9115.xml,https://www.rfc-editor.org/info/rfc6125,200
rfc9115.xml,https://www.rfc-editor.org/info/rfc7336,200
rfc9115.xml,https://www.rfc-editor.org/info/rfc8225,200
rfc9115.xml,https://www.rfc-editor.org/info/rfc8226,200
rfc9115.xml,https://www.rfc-editor.org/info/rfc8657,200
rfc9115.xml,https://www.rfc-editor.org/info/rfc8659,200
rfc9115.xml,https://www.rfc-editor.org/info/rfc9060,200
rfc9115.xml,https://datatracker.ietf.org/doc/html/draft-ietf-tls-subcerts-10,200
rfc9115.xml,https://www.ietf.org/archive/id/draft-ietf-tls-subcerts-10.txt,200
rfc9115.xml,https://datatracker.ietf.org/doc/html/draft-ietf-acme-authority-token-tnauthlist-08,200
rfc9115.xml,https://www.ietf.org/archive/id/draft-ietf-acme-authority-token-tnauthlist-08.txt,200
rfc8747.xml,https://datatracker.ietf.org/doc/draft-ietf-ace-cwt-proof-of-possession-11,200
rfc8747.xml,https://dx.doi.org/10.17487/rfc8747,200
rfc8747.xml,https://www.rfc-editor.org/info/rfc8747,200
rfc8747.xml,https://trustee.ietf.org/license-info,200
rfc8747.xml,https://www.iana.org/assignments/cwt,200
rfc8747.xml,https://www.rfc-editor.org/info/rfc2119,200
rfc8747.xml,https://www.rfc-editor.org/info/rfc7049,200
rfc8747.xml,https://www.rfc-editor.org/info/rfc8126,200
rfc8747.xml,https://www.rfc-editor.org/info/rfc8152,200
rfc8747.xml,https://www.rfc-editor.org/info/rfc8174,200
rfc8747.xml,https://www.rfc-editor.org/info/rfc8392,200
rfc8747.xml,https://tools.ietf.org/html/draft-ietf-ace-oauth-authz-21,200
rfc8747.xml,http://www.ietf.org/internet-drafts/draft-ietf-ace-oauth-authz-21.txt,Connection error: HTTP Error 404: Not Found
rfc8747.xml,https://www.iana.org/assignments/jwt,200
rfc8747.xml,https://www.rfc-editor.org/info/rfc7515,200
rfc8747.xml,https://www.rfc-editor.org/info/rfc7519,200
rfc8747.xml,https://docs.oasis-open.org/security/saml/v2.0/saml-core-2.0-os.pdf,200
rfc8747.xml,https://www.rfc-editor.org/info/rfc7800,200
rfc8747.xml,https://www.rfc-editor.org/info/rfc8259,200
rfc8747.xml,https://www.rfc-editor.org/info/rfc8610,200
rfc9610.xml,https://datatracker.ietf.org/doc/draft-ietf-jmap-contacts-10,200
rfc9610.xml,https://dx.doi.org/10.17487/rfc9610,200
rfc9610.xml,https://www.rfc-editor.org/info/rfc9610,200
rfc9610.xml,https://trustee.ietf.org/license-info,200
rfc9610.xml,https://www.unicode.org/versions/latest/core-spec/chapter-23/#G20365,200
rfc9610.xml,https://www.rfc-editor.org/info/rfc2119,200
rfc9610.xml,https://www.rfc-editor.org/info/rfc2397,200
rfc9610.xml,https://www.rfc-editor.org/info/rfc8174,200
rfc9610.xml,https://www.rfc-editor.org/info/rfc8620,200
rfc9610.xml,https://www.rfc-editor.org/info/rfc9553,200
rfc9610.xml,https://www.rfc-editor.org/info/rfc9670,200
rfc9610.xml,https://www.rfc-editor.org/info/rfc8264,200
rfc9610.xml,https://www.unicode.org/versions/latest/,200
rfc9621.xml,https://datatracker.ietf.org/doc/draft-ietf-taps-arch-19,200
rfc9621.xml,https://dx.doi.org/10.17487/rfc9621,200
rfc9621.xml,https://www.rfc-editor.org/info/rfc9621,200
rfc9621.xml,https://trustee.ietf.org/license-info,200
rfc9621.xml,https://www.rfc-editor.org/info/rfc2119,200
rfc9621.xml,https://www.rfc-editor.org/info/rfc8174,200
rfc9621.xml,https://ieeexplore.ieee.org/document/10555529,Connection error: HTTP Error 418: Unknown Code
rfc9621.xml,https://www.rfc-editor.org/info/rfc5482,200
rfc9621.xml,https://www.rfc-editor.org/info/rfc6265,200
rfc9621.xml,https://www.rfc-editor.org/info/rfc7556,200
rfc9621.xml,https://www.rfc-editor.org/info/rfc8095,200
rfc9621.xml,https://www.rfc-editor.org/info/rfc8170,200
rfc9621.xml,https://www.rfc-editor.org/info/rfc8303,200
rfc9621.xml,https://www.rfc-editor.org/info/rfc8305,200
rfc9621.xml,https://www.rfc-editor.org/info/rfc8445,200
rfc9621.xml,https://www.rfc-editor.org/info/rfc8446,200
rfc9621.xml,https://www.rfc-editor.org/info/rfc8489,200
rfc9621.xml,https://www.rfc-editor.org/info/rfc8922,200
rfc9621.xml,https://www.rfc-editor.org/info/rfc8923,200
rfc9621.xml,https://www.rfc-editor.org/info/rfc9000,200
rfc9621.xml,https://www.rfc-editor.org/info/rfc9112,200
rfc9621.xml,https://www.rfc-editor.org/info/rfc9113,200
rfc9621.xml,https://www.rfc-editor.org/info/rfc9293,200
rfc9621.xml,https://www.rfc-editor.org/info/rfc9622,200
rfc9621.xml,https://www.rfc-editor.org/info/rfc9623,200
rfc9725.xml,https://datatracker.ietf.org/doc/draft-ietf-wish-whip-16,200
rfc9725.xml,https://dx.doi.org/10.17487/rfc9725,200
rfc9725.xml,https://www.rfc-editor.org/info/rfc9725,200
rfc9725.xml,https://trustee.ietf.org/license-info,200
rfc9725.xml,https://fetch.spec.whatwg.org,200
rfc9725.xml,https://fetch.spec.whatwg.org/commit-snapshots/edfa8d100cf1ecfde385f65c172e0e8d018fcd98/,200
rfc9725.xml,https://www.rfc-editor.org/info/rfc2119,200
rfc9725.xml,https://www.rfc-editor.org/info/rfc3264,200
rfc9725.xml,https://www.rfc-editor.org/info/rfc3553,200
rfc9725.xml,https://www.rfc-editor.org/info/rfc3986,200
rfc9725.xml,https://www.rfc-editor.org/info/rfc4086,200
rfc9725.xml,https://www.rfc-editor.org/info/rfc5789,200
rfc9725.xml,https://www.rfc-editor.org/info/rfc6585,200
rfc9725.xml,https://www.rfc-editor.org/info/rfc6750,200
rfc9725.xml,https://www.rfc-editor.org/info/rfc7064,200
rfc9725.xml,https://www.rfc-editor.org/info/rfc7065,200
rfc9725.xml,https://www.rfc-editor.org/info/rfc7675,200
rfc9725.xml,https://www.rfc-editor.org/info/rfc8174,200
rfc9725.xml,https://www.rfc-editor.org/info/rfc8288,200
rfc9725.xml,https://www.rfc-editor.org/info/rfc8445,200
rfc9725.xml,https://www.rfc-editor.org/info/rfc8446,200
rfc9725.xml,https://www.rfc-editor.org/info/rfc8489,200
rfc9725.xml,https://www.rfc-editor.org/info/rfc8725,200
rfc9725.xml,https://www.rfc-editor.org/info/rfc8826,200
rfc9725.xml,https://www.rfc-editor.org/info/rfc8830,200
rfc9725.xml,https://www.rfc-editor.org/info/rfc8838,200
rfc9725.xml,https://www.rfc-editor.org/info/rfc8839,200
rfc9725.xml,https://www.rfc-editor.org/info/rfc8840,200
rfc9725.xml,https://www.rfc-editor.org/info/rfc8842,200
rfc9725.xml,https://www.rfc-editor.org/info/rfc8853,200
rfc9725.xml,https://www.rfc-editor.org/info/rfc8858,200
rfc9725.xml,https://www.rfc-editor.org/info/rfc9110,200
rfc9725.xml,https://www.rfc-editor.org/info/rfc9112,200
rfc9725.xml,https://www.rfc-editor.org/info/rfc9143,200
rfc9725.xml,https://www.rfc-editor.org/info/rfc9147,200
rfc9725.xml,https://www.rfc-editor.org/info/rfc9429,200
rfc9725.xml,https://www.rfc-editor.org/info/rfc9562,200
rfc9725.xml,https://www.w3.org/TR/2015/REC-ldp-20150226/,200
rfc9725.xml,https://www.w3.org/TR/ldp/,200
rfc9725.xml,https://www.rfc-editor.org/info/bcp56,200
rfc9725.xml,https://www.rfc-editor.org/info/rfc9205,200
rfc9725.xml,https://www.rfc-editor.org/info/bcp9,200
rfc9725.xml,https://www.rfc-editor.org/info/rfc2026,200
rfc9725.xml,https://www.rfc-editor.org/info/rfc5657,200
rfc9725.xml,https://www.rfc-editor.org/info/rfc6410,200
rfc9725.xml,https://www.rfc-editor.org/info/rfc7100,200
rfc9725.xml,https://www.rfc-editor.org/info/rfc7127,200
rfc9725.xml,https://www.rfc-editor.org/info/rfc7475,200
rfc9725.xml,https://www.rfc-editor.org/info/rfc8789,200
rfc9725.xml,https://www.rfc-editor.org/info/rfc9282,200
rfc9725.xml,https://html.spec.whatwg.org/,200
rfc9725.xml,https://html.spec.whatwg.org/commit-snapshots/09db56ba9343c597340b2c7715f43ff9b10826f6/,200
rfc9725.xml,https://www.rfc-editor.org/info/rfc3261,200
rfc9725.xml,https://www.rfc-editor.org/info/rfc6120,200
rfc9725.xml,https://www.rfc-editor.org/info/rfc7826,200
rfc9725.xml,https://www.rfc-editor.org/info/rfc8126,200
rfc9725.xml,https://www.rfc-editor.org/info/rfc8836,200
rfc9725.xml,https://www.rfc-editor.org/info/rfc9457,200
rfc9725.xml,https://www.w3.org/TR/2025/REC-webrtc-20250313/,200
rfc9725.xml,https://www.w3.org/TR/webrtc/,200
rfc9018.xml,https://datatracker.ietf.org/doc/draft-ietf-dnsop-server-cookies-05,200
rfc9018.xml,https://dx.doi.org/10.17487/rfc9018,200
rfc9018.xml,https://www.rfc-editor.org/info/rfc9018,200
rfc9018.xml,https://trustee.ietf.org/license-info,200
rfc9018.xml,https://www.rfc-editor.org/info/rfc1982,200
rfc9018.xml,https://www.rfc-editor.org/info/rfc2119,200
rfc9018.xml,https://www.rfc-editor.org/info/rfc3339,200
rfc9018.xml,https://www.rfc-editor.org/info/rfc7873,200
rfc9018.xml,https://www.rfc-editor.org/info/rfc8174,200
rfc9018.xml,https://doi.org/10.1007/978-3-642-34931-7_28,200
rfc9018.xml,https://www.rfc-editor.org/info/rfc8981,200
rfc9219.xml,https://datatracker.ietf.org/doc/draft-ietf-jmap-smime-12,200
rfc9219.xml,https://dx.doi.org/10.17487/rfc9219,200
rfc9219.xml,https://www.rfc-editor.org/info/rfc9219,200
rfc9219.xml,https://trustee.ietf.org/license-info,200
rfc9219.xml,https://www.rfc-editor.org/info/rfc2119,200
rfc9219.xml,https://www.rfc-editor.org/info/rfc5280,200
rfc9219.xml,https://www.rfc-editor.org/info/rfc8174,200
rfc9219.xml,https://www.rfc-editor.org/info/rfc8550,200
rfc9219.xml,https://www.rfc-editor.org/info/rfc8551,200
rfc9219.xml,https://www.rfc-editor.org/info/rfc8620,200
rfc9219.xml,https://www.rfc-editor.org/info/rfc8621,200
rfc9219.xml,https://www.rfc-editor.org/info/rfc1847,200
rfc9095.xml,https://datatracker.ietf.org/doc/draft-yao-regext-bundling-registration-06,200
rfc9095.xml,https://dx.doi.org/10.17487/rfc9095,200
rfc9095.xml,https://www.rfc-editor.org/info/rfc9095,200
rfc9095.xml,https://trustee.ietf.org/license-info,200
rfc9095.xml,https://datatracker.ietf.org/ipr/2479,200
rfc9095.xml,https://www.rfc-editor.org/info/rfc3688,200
rfc9095.xml,https://www.rfc-editor.org/info/rfc5730,200
rfc9095.xml,https://www.rfc-editor.org/info/rfc5731,200
rfc9095.xml,https://www.rfc-editor.org/info/rfc5890,200
rfc9095.xml,https://www.rfc-editor.org/info/rfc5891,200
rfc9095.xml,https://www.rfc-editor.org/info/rfc5892,200
rfc9095.xml,https://www.rfc-editor.org/info/rfc7451,200
rfc9095.xml,http://www.w3.org/TR/2004/REC-xml-20040204,200
rfc9095.xml,http://www.w3.org/TR/2004/REC-xmlschema-1-20041028,200
rfc9095.xml,http://www.w3.org/TR/2004/REC-xmlschema-2-20041028,200
rfc9095.xml,https://www.rfc-editor.org/info/rfc3743,200
rfc9095.xml,https://www.rfc-editor.org/info/rfc3915,200
rfc9095.xml,https://www.rfc-editor.org/info/rfc4290,200
rfc8912.xml,https://datatracker.ietf.org/doc/draft-ietf-ippm-initial-registry-16,200
rfc8912.xml,https://dx.doi.org/10.17487/rfc8912,200
rfc8912.xml,https://www.rfc-editor.org/info/rfc8912,200
rfc8912.xml,https://trustee.ietf.org/license-info,200
rfc8912.xml,https://www.iana.org/assignments/performance-metrics/RTDelay_Active_IP-UDP-Periodic_RFC8912sec4_Seconds_95Percentile,200
rfc8912.xml,https://www.iana.org/assignments/performance-metrics/RTLoss_Active_IP-UDP-Periodic_RFC8912sec4_Percent_LossRatio,200
rfc8912.xml,https://www.iana.org/assignments/performance-metrics/OWPDV_Active_IP-UDP-Periodic_RFC8912sec5_Seconds_95Percentile,200
rfc8912.xml,https://www.iana.org/assignments/performance-metrics/RTDNS_Active_IP-UDP-Poisson_RFC8912sec6_Seconds_Raw,200
rfc8912.xml,https://www.iana.org/assignments/performance-metrics/RLDNS_Active_IP-UDP-Poisson_RFC8912sec6_Logical_Raw,200
rfc8912.xml,https://www.iana.org/assignments/performance-metrics/OWDelay_Active_IP-UDP-Poisson-Payload250B_RFC8912sec7_Seconds_95Percentile,200
rfc8912.xml,https://www.iana.org/assignments/performance-metrics/OWDelay_Active_IP-UDP-Poisson-Payload250B_RFC8912sec7_Seconds_Mean,200
rfc8912.xml,https://www.iana.org/assignments/performance-metrics/OWDelay_Active_IP-UDP-Poisson-Payload250B_RFC8912sec7_Seconds_Min,200
rfc8912.xml,https://www.iana.org/assignments/performance-metrics/OWDelay_Active_IP-UDP-Poisson-Payload250B_RFC8912sec7_Seconds_Max,200
rfc8912.xml,https://www.iana.org/assignments/performance-metrics/OWDelay_Active_IP-UDP-Poisson-Payload250B_RFC8912sec7_Seconds_StdDev,200
rfc8912.xml,https://www.iana.org/assignments/performance-metrics/OWLoss_Active_IP-UDP-Poisson-Payload250B_RFC8912sec7_Percent_LossRatio,200
rfc8912.xml,https://www.iana.org/assignments/performance-metrics/OWDelay_Active_IP-UDP-Periodic20m-Payload142B_RFC8912sec8_Seconds_95Percentile,200
rfc8912.xml,https://www.iana.org/assignments/performance-metrics/OWDelay_Active_IP-UDP-Periodic20m-Payload142B_RFC8912sec8_Seconds_Mean,200
rfc8912.xml,https://www.iana.org/assignments/performance-metrics/OWDelay_Active_IP-UDP-Periodic20m-Payload142B_RFC8912sec8_Seconds_Min,200
rfc8912.xml,https://www.iana.org/assignments/performance-metrics/OWDelay_Active_IP-UDP-Periodic20m-Payload142B_RFC8912sec8_Seconds_Max,200
rfc8912.xml,https://www.iana.org/assignments/performance-metrics/OWDelay_Active_IP-UDP-Periodic20m-Payload142B_RFC8912sec8_Seconds_StdDev,200
rfc8912.xml,https://www.iana.org/assignments/performance-metrics/OWLoss_Active_IP-UDP-Periodic20m-Payload142B_RFC8912sec8_Percent_LossRatio,200
rfc8912.xml,https://www.iana.org/assignments/performance-metrics/RTDelay_Active_IP-ICMP-SendOnRcv_RFC8912sec9_Seconds_Mean,200
rfc8912.xml,https://www.iana.org/assignments/performance-metrics/RTDelay_Active_IP-ICMP-SendOnRcv_RFC8912sec9_Seconds_Min,200
rfc8912.xml,https://www.iana.org/assignments/performance-metrics/RTDelay_Active_IP-ICMP-SendOnRcv_RFC8912sec9_Seconds_Max,200
rfc8912.xml,https://www.iana.org/assignments/performance-metrics/RTLoss_Active_IP-ICMP-SendOnRcv_RFC8912sec9_Percent_LossRatio,200
rfc8912.xml,https://www.iana.org/assignments/performance-metrics/RTDelay_Passive_IP-TCP_RFC8912sec10_Seconds_Mean,200
rfc8912.xml,https://www.iana.org/assignments/performance-metrics/RTDelay_Passive_IP-TCP_RFC8912sec10_Seconds_Min,200
rfc8912.xml,https://www.iana.org/assignments/performance-metrics/RTDelay_Passive_IP-TCP_RFC8912sec10_Seconds_Max,200
rfc8912.xml,https://www.iana.org/assignments/performance-metrics/RTDelay_Passive_IP-TCP-HS_RFC8912sec10_Seconds_Singleton,200
rfc8912.xml,https://www.iana.org/assignments/performance-metrics/RTLoss_Passive_IP-TCP_RFC8912sec10_Packet_Count,200
rfc8912.xml,https://www.rfc-editor.org/info/rfc1035,200
rfc8912.xml,https://www.rfc-editor.org/info/rfc2119,200
rfc8912.xml,https://www.rfc-editor.org/info/rfc2330,200
rfc8912.xml,https://www.rfc-editor.org/info/rfc2681,200
rfc8912.xml,https://www.rfc-editor.org/info/rfc3339,200
rfc8912.xml,https://www.rfc-editor.org/info/rfc3393,200
rfc8912.xml,https://www.rfc-editor.org/info/rfc3432,200
rfc8912.xml,https://www.rfc-editor.org/info/rfc4737,200
rfc8912.xml,https://www.rfc-editor.org/info/rfc5357,200
rfc8912.xml,https://www.rfc-editor.org/info/rfc5481,200
rfc8912.xml,https://www.rfc-editor.org/info/rfc5560,200
rfc8912.xml,https://www.rfc-editor.org/info/rfc5905,200
rfc8912.xml,https://www.rfc-editor.org/info/rfc6020,200
rfc8912.xml,https://www.rfc-editor.org/info/rfc6049,200
rfc8912.xml,https://www.rfc-editor.org/info/rfc6673,200
rfc8912.xml,https://www.rfc-editor.org/info/rfc6991,200
rfc8912.xml,https://www.rfc-editor.org/info/rfc7011,200
rfc8912.xml,https://www.rfc-editor.org/info/rfc7323,200
rfc8912.xml,https://www.rfc-editor.org/info/rfc7679,200
rfc8912.xml,https://www.rfc-editor.org/info/rfc7680,200
rfc8912.xml,https://www.rfc-editor.org/info/rfc8174,200
rfc8912.xml,https://www.rfc-editor.org/info/rfc8911,200
rfc8912.xml,https://dl.acm.org/doi/10.1145/2507771.2507781,Connection error: HTTP Error 403: Forbidden
rfc8912.xml,https://link.springer.com/chapter/10.1007/978-3-642-54999-1_2,200
rfc8912.xml,https://www.rfc-editor.org/info/rfc1242,200
rfc8912.xml,https://www.rfc-editor.org/info/rfc6390,200
rfc8912.xml,https://www.rfc-editor.org/info/rfc6703,200
rfc8912.xml,https://www.rfc-editor.org/info/rfc7594,200
rfc8912.xml,https://www.rfc-editor.org/info/rfc8126,200
rfc9260.xml,https://datatracker.ietf.org/doc/draft-ietf-tsvwg-rfc4960-bis-19,200
rfc9260.xml,https://dx.doi.org/10.17487/rfc9260,200
rfc9260.xml,https://www.rfc-editor.org/info/rfc9260,200
rfc9260.xml,https://trustee.ietf.org/license-info,200
rfc9260.xml,https://www.rfc-editor.org/info/rfc1122,200
rfc9260.xml,https://www.rfc-editor.org/info/rfc1123,200
rfc9260.xml,https://www.rfc-editor.org/info/rfc1191,200
rfc9260.xml,https://www.rfc-editor.org/info/rfc1982,200
rfc9260.xml,https://www.rfc-editor.org/info/rfc2119,200
rfc9260.xml,https://www.rfc-editor.org/info/rfc4291,200
rfc9260.xml,https://www.rfc-editor.org/info/rfc4303,200
rfc9260.xml,https://www.rfc-editor.org/info/rfc4895,200
rfc9260.xml,https://www.rfc-editor.org/info/rfc5681,200
rfc9260.xml,https://www.rfc-editor.org/info/rfc6335,200
rfc9260.xml,https://www.rfc-editor.org/info/rfc6083,200
rfc9260.xml,https://www.rfc-editor.org/info/rfc7296,200
rfc9260.xml,https://www.rfc-editor.org/info/rfc8126,200
rfc9260.xml,https://www.rfc-editor.org/info/rfc8174,200
rfc9260.xml,https://www.rfc-editor.org/info/rfc8200,200
rfc9260.xml,https://www.rfc-editor.org/info/rfc8201,200
rfc9260.xml,https://www.rfc-editor.org/info/rfc8899,200
rfc9260.xml,https://archive.org/stream/PainlessCRC/crc_v3.txt,200
rfc9260.xml,https://www.rfc-editor.org/info/rfc768,200
rfc9260.xml,https://www.rfc-editor.org/info/rfc793,200
rfc9260.xml,https://www.rfc-editor.org/info/rfc1858,200
rfc9260.xml,https://www.rfc-editor.org/info/rfc2104,200
rfc9260.xml,https://www.rfc-editor.org/info/rfc2196,200
rfc9260.xml,https://www.rfc-editor.org/info/rfc2522,200
rfc9260.xml,https://www.rfc-editor.org/info/rfc2960,200
rfc9260.xml,https://www.rfc-editor.org/info/rfc3465,200
rfc9260.xml,https://www.rfc-editor.org/info/rfc3873,200
rfc9260.xml,https://www.rfc-editor.org/info/rfc4086,200
rfc9260.xml,https://www.rfc-editor.org/info/rfc4301,200
rfc9260.xml,https://www.rfc-editor.org/info/rfc4460,200
rfc9260.xml,https://www.rfc-editor.org/info/rfc4960,200
rfc9260.xml,https://www.rfc-editor.org/info/rfc6096,200
rfc9260.xml,https://www.rfc-editor.org/info/rfc6458,200
rfc9260.xml,https://www.rfc-editor.org/info/rfc6951,200
rfc9260.xml,https://www.rfc-editor.org/info/rfc7053,200
rfc9260.xml,https://www.rfc-editor.org/info/rfc8260,200
rfc9260.xml,https://www.rfc-editor.org/info/rfc8261,200
rfc9260.xml,https://www.rfc-editor.org/info/rfc8540,200
rfc8735.xml,https://datatracker.ietf.org/doc/draft-ietf-teas-native-ip-scenarios-12,200
rfc8735.xml,https://dx.doi.org/10.17487/rfc8735,200
rfc8735.xml,https://www.rfc-editor.org/info/rfc8735,200
rfc8735.xml,https://trustee.ietf.org/license-info,200
rfc8735.xml,https://www.rfc-editor.org/info/rfc5440,200
rfc8735.xml,https://www.rfc-editor.org/info/rfc7752,200
rfc8735.xml,https://www.rfc-editor.org/info/rfc8253,200
rfc8735.xml,https://tools.ietf.org/html/draft-ietf-teas-pce-native-ip-05,200
rfc8735.xml,http://www.ietf.org/internet-drafts/draft-ietf-teas-pce-native-ip-05.txt,Connection error: HTTP Error 404: Not Found
rfc8735.xml,https://tools.ietf.org/html/draft-ietf-pce-pcep-extension-native-ip-05,200
rfc8735.xml,http://www.ietf.org/internet-drafts/draft-ietf-pce-pcep-extension-native-ip-05.txt,Connection error: HTTP Error 404: Not Found
rfc8735.xml,https://ieeexplore.ieee.org/document/8657733,Connection error: HTTP Error 418: Unknown Code
rfc8735.xml,https://www.rfc-editor.org/info/rfc3209,200
rfc8735.xml,https://www.rfc-editor.org/info/rfc8402,200
rfc8735.xml,https://www.rfc-editor.org/info/rfc8578,200
rfc9511.xml,https://datatracker.ietf.org/doc/draft-ietf-opsec-probe-attribution-09,200
rfc9511.xml,https://dx.doi.org/10.17487/rfc9511,200
rfc9511.xml,https://www.rfc-editor.org/info/rfc9511,200
rfc9511.xml,https://trustee.ietf.org/license-info,200
rfc9511.xml,https://www.rfc-editor.org/info/rfc768,200
rfc9511.xml,https://www.rfc-editor.org/info/rfc792,200
rfc9511.xml,https://www.rfc-editor.org/info/rfc4443,200
rfc9511.xml,https://www.rfc-editor.org/info/rfc8200,200
rfc9511.xml,https://www.rfc-editor.org/info/rfc8615,200
rfc9511.xml,https://www.rfc-editor.org/info/rfc9116,200
rfc9511.xml,https://www.rfc-editor.org/info/rfc9293,200
rfc9511.xml,https://pure.mpg.de/rest/items/item_3517635/component/file_3517636/content,Connection error: HTTP Error 403: Forbidden
rfc9511.xml,http://www.cmand.org/papers/yarrp-imc16.pdf,200
rfc9511.xml,http://www.cmand.org/papers/beholder-imc18.pdf,200
rfc9511.xml,https://datatracker.ietf.org/doc/html/draft-vyncke-v6ops-james-03,200
rfc9511.xml,https://dl.acm.org/doi/pdf/10.1145/1071690.1064256,Connection error: HTTP Error 403: Forbidden
rfc9511.xml,https://www.ncsc.gov.uk/,200
rfc9511.xml,https://www.ncsc.gov.uk/information/ncsc-scanning-information,200
rfc9511.xml,https://www.rfc-editor.org/info/rfc4942,200
rfc9511.xml,https://www.rfc-editor.org/info/rfc7872,200
rfc9511.xml,https://atlas.ripe.net/,200
rfc9511.xml,https://scapy.net/,Connection error: HTTP Error 403: Forbidden
rfc9104.xml,https://datatracker.ietf.org/doc/draft-ietf-idr-eag-distribution-19,200
rfc9104.xml,https://dx.doi.org/10.17487/rfc9104,200
rfc9104.xml,https://www.rfc-editor.org/info/rfc9104,200
rfc9104.xml,https://trustee.ietf.org/license-info,200
rfc9104.xml,https://www.rfc-editor.org/info/rfc2119,200
rfc9104.xml,https://www.rfc-editor.org/info/rfc7308,200
rfc9104.xml,https://www.rfc-editor.org/info/rfc7752,200
rfc9104.xml,https://www.rfc-editor.org/info/rfc8174,200
rfc9104.xml,https://www.rfc-editor.org/info/rfc1195,200
rfc9104.xml,https://www.rfc-editor.org/info/rfc2328,200
rfc9104.xml,https://www.rfc-editor.org/info/rfc4271,200
rfc9104.xml,https://www.rfc-editor.org/info/rfc4272,200
rfc9104.xml,https://www.rfc-editor.org/info/rfc4552,200
rfc9104.xml,https://www.rfc-editor.org/info/rfc5304,200
rfc9104.xml,https://www.rfc-editor.org/info/rfc5340,200
rfc9104.xml,https://www.rfc-editor.org/info/rfc6863,200
rfc9104.xml,https://www.rfc-editor.org/info/rfc6952,200
rfc9104.xml,https://www.rfc-editor.org/info/rfc7166,200
rfc9104.xml,https://www.rfc-editor.org/info/rfc7474,200
rfc9635.xml,https://datatracker.ietf.org/doc/draft-ietf-gnap-core-protocol-19,200
rfc9635.xml,https://dx.doi.org/10.17487/rfc9635,200
rfc9635.xml,https://www.rfc-editor.org/info/rfc9635,200
rfc9635.xml,https://trustee.ietf.org/license-info,200
rfc9635.xml,https://www.rfc-editor.org/info/bcp195,200
rfc9635.xml,https://www.rfc-editor.org/info/rfc8996,200
rfc9635.xml,https://www.rfc-editor.org/info/rfc9325,200
rfc9635.xml,https://www.iana.org/assignments/named-information/,200
rfc9635.xml,https://www.rfc-editor.org/info/rfc9110,200
rfc9635.xml,https://openid.net/specs/openid-connect-core-1_0.html,200
rfc9635.xml,https://www.rfc-editor.org/info/rfc2119,200
rfc9635.xml,https://www.rfc-editor.org/info/rfc2397,200
rfc9635.xml,https://www.rfc-editor.org/info/rfc3339,200
rfc9635.xml,https://www.rfc-editor.org/info/rfc3986,200
rfc9635.xml,https://www.rfc-editor.org/info/rfc4648,200
rfc9635.xml,https://www.rfc-editor.org/info/rfc5646,200
rfc9635.xml,https://www.rfc-editor.org/info/rfc6749,200
rfc9635.xml,https://www.rfc-editor.org/info/rfc6750,200
rfc9635.xml,https://www.rfc-editor.org/info/rfc7468,200
rfc9635.xml,https://www.rfc-editor.org/info/rfc7515,200
rfc9635.xml,https://www.rfc-editor.org/info/rfc7517,200
rfc9635.xml,https://www.rfc-editor.org/info/rfc8174,200
rfc9635.xml,https://www.rfc-editor.org/info/rfc8259,200
rfc9635.xml,https://www.rfc-editor.org/info/rfc8705,200
rfc9635.xml,https://www.rfc-editor.org/info/rfc9111,200
rfc9635.xml,https://www.rfc-editor.org/info/rfc9421,200
rfc9635.xml,https://www.rfc-editor.org/info/rfc9493,200
rfc9635.xml,https://www.rfc-editor.org/info/rfc9530,200
rfc9635.xml,https://docs.oasis-open.org/security/saml/v2.0/saml-core-2.0-os.pdf,200
rfc9635.xml,https://www.iana.org/assignments/http-authschemes,200
rfc9635.xml,https://hdl.handle.net/20.500.12380/304105,200
rfc9635.xml,https://www.iana.org/assignments/gnap,200
rfc9635.xml,https://datatracker.ietf.org/doc/html/draft-ietf-gnap-resource-servers-09,200
rfc9635.xml,http://dx.doi.org/10.18419/opus-12203,200
rfc9635.xml,https://www.iana.org/assignments/media-types,200
rfc9635.xml,https://datatracker.ietf.org/doc/html/draft-ietf-oauth-security-topics-29,200
rfc9635.xml,http://markburgess.org/promises.html,200
rfc9635.xml,https://www.rfc-editor.org/info/rfc2046,200
rfc9635.xml,https://www.rfc-editor.org/info/rfc4107,200
rfc9635.xml,https://www.rfc-editor.org/info/rfc6202,200
rfc9635.xml,https://www.rfc-editor.org/info/rfc6838,200
rfc9635.xml,https://www.rfc-editor.org/info/rfc6973,200
rfc9635.xml,https://www.rfc-editor.org/info/rfc7518,200
rfc9635.xml,https://www.rfc-editor.org/info/rfc8126,200
rfc9635.xml,https://www.rfc-editor.org/info/rfc8264,200
rfc9635.xml,https://www.rfc-editor.org/info/rfc8707,200
rfc9635.xml,https://www.rfc-editor.org/info/rfc8792,200
rfc9635.xml,https://www.rfc-editor.org/info/rfc9396,200
rfc9635.xml,https://www.rfc-editor.org/info/rfc9440,200
rfc9635.xml,https://www.rfc-editor.org/info/rfc9525,200
rfc9635.xml,https://nvlpubs.nist.gov/nistpubs/SpecialPublications/NIST.SP.800-63c.pdf,200
rfc9635.xml,https://www.iana.org/assignments/secevent,200
rfc9617.xml,https://datatracker.ietf.org/doc/draft-ietf-ippm-ioam-yang-13,200
rfc9617.xml,https://dx.doi.org/10.17487/rfc9617,200
rfc9617.xml,https://www.rfc-editor.org/info/rfc9617,200
rfc9617.xml,https://trustee.ietf.org/license-info,200
rfc9617.xml,https://www.rfc-editor.org/info/rfc2119,200
rfc9617.xml,https://www.rfc-editor.org/info/rfc3688,200
rfc9617.xml,https://www.rfc-editor.org/info/rfc6020,200
rfc9617.xml,https://www.rfc-editor.org/info/rfc6241,200
rfc9617.xml,https://www.rfc-editor.org/info/rfc6242,200
rfc9617.xml,https://www.rfc-editor.org/info/rfc7950,200
rfc9617.xml,https://www.rfc-editor.org/info/rfc8040,200
rfc9617.xml,https://www.rfc-editor.org/info/rfc8174,200
rfc9617.xml,https://www.rfc-editor.org/info/rfc8340,200
rfc9617.xml,https://www.rfc-editor.org/info/rfc8341,200
rfc9617.xml,https://www.rfc-editor.org/info/rfc8342,200
rfc9617.xml,https://www.rfc-editor.org/info/rfc8343,200
rfc9617.xml,https://www.rfc-editor.org/info/rfc8446,200
rfc9617.xml,https://www.rfc-editor.org/info/rfc8519,200
rfc9617.xml,https://www.rfc-editor.org/info/rfc8532,200
rfc9617.xml,https://www.rfc-editor.org/info/rfc9197,200
rfc9617.xml,https://www.rfc-editor.org/info/rfc9326,200
rfc9617.xml,https://www.rfc-editor.org/info/rfc9452,200
rfc9617.xml,https://www.rfc-editor.org/info/rfc9486,200
rfc9617.xml,https://www.w3.org/TR/2006/REC-xml11-20060816,200
rfc9330.xml,https://datatracker.ietf.org/doc/draft-ietf-tsvwg-l4s-arch-20,200
rfc9330.xml,https://dx.doi.org/10.17487/rfc9330,200
rfc9330.xml,https://www.rfc-editor.org/info/rfc9330,200
rfc9330.xml,https://trustee.ietf.org/license-info,200
rfc9330.xml,https://datatracker.ietf.org/doc/html/draft-ietf-tcpm-accurate-ecn-22,200
rfc9330.xml,https://www.ietf.org/archive/id/draft-ietf-tcpm-accurate-ecn-22.txt,200
rfc9330.xml,https://doi.org/10.1016/j.jnca.2016.03.021,200
rfc9330.xml,https://datatracker.ietf.org/doc/html/draft-cardwell-iccrg-bbr-congestion-control-02,200
rfc9330.xml,https://github.com/google/bbr,200
rfc9330.xml,https://arxiv.org/abs/2107.01003,200
rfc9330.xml,https://doi.org/10.1145/1015467.1015499,Connection error: HTTP Error 403: Forbidden
rfc9330.xml,https://ieeexplore.ieee.org/abstract/document/8847054,Connection error: HTTP Error 418: Unknown Code
rfc9330.xml,https://datatracker.ietf.org/doc/html/draft-morton-tsvwg-codel-approx-fair-01,200
rfc9330.xml,https://datatracker.ietf.org/doc/html/draft-briscoe-conex-policing-01,200
rfc9330.xml,https://www.ietf.org/archive/id/draft-briscoe-conex-policing-01.txt,200
rfc9330.xml,https://datatracker.ietf.org/doc/html/draft-sridharan-tcpm-ctcp-02,200
rfc9330.xml,https://www.ietf.org/archive/id/draft-sridharan-tcpm-ctcp-02.txt,200
rfc9330.xml,https://datatracker.ietf.org/doc/html/draft-briscoe-docsis-q-protection-06,200
rfc9330.xml,https://specification-search.cablelabs.com/CM-SP-MULPIv3.1,Connection error: HTTP Error 403: Forbidden
rfc9330.xml,https://www.cablelabs.com/wp-content/uploads/2013/11/Active_Queue_Management_Algorithms_DOCSIS_3_0.pdf,200
rfc9330.xml,https://www.netdevconf.org/0x13/session.html?talk-DUALPI2-AQM,200
rfc9330.xml,https://www.files.netdevconf.org/f/febbe8c6a05b4ceab641/?dl=1,"Connection error: <urlopen error [SSL: CERTIFICATE_VERIFY_FAILED] certificate verify failed: Hostname mismatch, certificate is not valid for 'www.files.netdevconf.org'. (_ssl.c:1006)>"
rfc9330.xml,https://dl.acm.org/doi/10.1145/1111322.1111336,Connection error: HTTP Error 403: Forbidden
rfc9330.xml,https://datatracker.ietf.org/doc/html/draft-ietf-tsvwg-ecn-encap-guidelines-17,200
rfc9330.xml,https://www.ietf.org/archive/id/draft-ietf-tsvwg-ecn-encap-guidelines-17.txt,200
rfc9330.xml,https://datatracker.ietf.org/doc/html/draft-stewart-tsvwg-sctpecn-05,200
rfc9330.xml,https://datatracker.ietf.org/doc/html/draft-ietf-tsvwg-rfc6040update-shim-15,200
rfc9330.xml,https://www.ietf.org/archive/id/draft-ietf-tsvwg-rfc6040update-shim-15.txt,200
rfc9330.xml,https://git.kernel.org/pub/scm/linux/kernel/git/netdev/net-next.git/commit/?id=dfcb63ce1de6b10b,200
rfc9330.xml,https://doi.acm.org/10.1145/2663716.2663730,Connection error: HTTP Error 403: Forbidden
rfc9330.xml,https://datatracker.ietf.org/doc/html/draft-briscoe-tsvwg-l4s-diffserv-02,200
rfc9330.xml,https://www.ietf.org/archive/id/draft-briscoe-tsvwg-l4s-diffserv-02.txt,200
rfc9330.xml,https://dl.acm.org/citation.cfm?doid=2910017.2910633,Connection error: HTTP Error 403: Forbidden
rfc9330.xml,https://riteproject.eu/dctth/#1511dispatchwg,"Connection error: <urlopen error [SSL: CERTIFICATE_VERIFY_FAILED] certificate verify failed: Hostname mismatch, certificate is not valid for 'riteproject.eu'. (_ssl.c:1006)>"
rfc9330.xml,https://arxiv.org/abs/2209.01078,200
rfc9330.xml,https://arxiv.org/pdf/2209.01078,200
rfc9330.xml,https://datatracker.ietf.org/doc/html/draft-ietf-tsvwg-l4sops-03,200
rfc9330.xml,https://ieeexplore.ieee.org/document/8109367,Connection error: HTTP Error 418: Unknown Code
rfc9330.xml,https://blog.cloudflare.com/http-2-prioritization-with-nginx/,Connection error: HTTP Error 403: Forbidden
rfc9330.xml,https://archive.org/details/bstj57-6-1899,200
rfc9330.xml,https://doi.org/10.1145/3404868.3406669,Connection error: HTTP Error 403: Forbidden
rfc9330.xml,https://ntrs.nasa.gov/api/citations/20120009198/downloads/20120009198.pdf?attachment=true,200
rfc9330.xml,https://datatracker.ietf.org/doc/html/draft-ietf-tsvwg-nqb-15,200
rfc9330.xml,https://www.ietf.org/archive/id/draft-ietf-tsvwg-nqb-15.txt,200
rfc9330.xml,https://datatracker.ietf.org/doc/html/draft-briscoe-iccrg-prague-congestion-control-01,200
rfc9330.xml,https://www.netdevconf.org/0x13/session.html?talk-tcp-prague-l4s,200
rfc9330.xml,https://www.files.netdevconf.org/f/4d6939d5f1fb404fafd1/?dl=1,"Connection error: <urlopen error [SSL: CERTIFICATE_VERIFY_FAILED] certificate verify failed: Hostname mismatch, certificate is not valid for 'www.files.netdevconf.org'. (_ssl.c:1006)>"
rfc9330.xml,https://arxiv.org/abs/1904.07044,200
rfc9330.xml,https://arxiv.org/pdf/1904.07044,200
rfc9330.xml,http://ojs.bibsys.no/index.php/NIK/article/view/9/6,200
rfc9330.xml,https://www.diva-portal.org/smash/get/diva2:846109/FULLTEXT01.pdf,200
rfc9330.xml,https://datatracker.ietf.org/doc/html/draft-mathis-iccrg-relentless-tcp-00,200
rfc9330.xml,https://www.ietf.org/archive/id/draft-mathis-iccrg-relentless-tcp-00.txt,200
rfc9330.xml,https://www.rfc-editor.org/info/rfc970,200
rfc9330.xml,https://www.rfc-editor.org/info/rfc970,200
rfc9330.xml,https://www.rfc-editor.org/info/rfc2475,200
rfc9330.xml,https://www.rfc-editor.org/info/rfc2475,200
rfc9330.xml,https://www.rfc-editor.org/info/rfc2698,200
rfc9330.xml,https://www.rfc-editor.org/info/rfc2698,200
rfc9330.xml,https://www.rfc-editor.org/info/rfc2884,200
rfc9330.xml,https://www.rfc-editor.org/info/rfc2884,200
rfc9330.xml,https://www.rfc-editor.org/info/rfc3168,200
rfc9330.xml,https://www.rfc-editor.org/info/rfc3168,200
rfc9330.xml,https://www.rfc-editor.org/info/rfc3246,200
rfc9330.xml,https://www.rfc-editor.org/info/rfc3246,200
rfc9330.xml,https://www.rfc-editor.org/info/rfc3540,200
rfc9330.xml,https://www.rfc-editor.org/info/rfc3540,200
rfc9330.xml,https://www.rfc-editor.org/info/rfc3649,200
rfc9330.xml,https://www.rfc-editor.org/info/rfc3649,200
rfc9330.xml,https://www.rfc-editor.org/info/rfc4340,200
rfc9330.xml,https://www.rfc-editor.org/info/rfc4340,200
rfc9330.xml,https://www.rfc-editor.org/info/rfc4774,200
rfc9330.xml,https://www.rfc-editor.org/info/rfc4774,200
rfc9330.xml,https://www.rfc-editor.org/info/rfc4960,200
rfc9330.xml,https://www.rfc-editor.org/info/rfc4960,200
rfc9330.xml,https://www.rfc-editor.org/info/rfc5033,200
rfc9330.xml,https://www.rfc-editor.org/info/rfc5033,200
rfc9330.xml,https://www.rfc-editor.org/info/rfc5348,200
rfc9330.xml,https://www.rfc-editor.org/info/rfc5348,200
rfc9330.xml,https://www.rfc-editor.org/info/rfc5670,200
rfc9330.xml,https://www.rfc-editor.org/info/rfc5670,200
rfc9330.xml,https://www.rfc-editor.org/info/rfc5681,200
rfc9330.xml,https://www.rfc-editor.org/info/rfc5681,200
rfc9330.xml,https://www.rfc-editor.org/info/rfc6040,200
rfc9330.xml,https://www.rfc-editor.org/info/rfc6040,200
rfc9330.xml,https://www.rfc-editor.org/info/rfc6679,200
rfc9330.xml,https://www.rfc-editor.org/info/rfc6679,200
rfc9330.xml,https://www.rfc-editor.org/info/rfc6817,200
rfc9330.xml,https://www.rfc-editor.org/info/rfc6817,200
rfc9330.xml,https://www.rfc-editor.org/info/rfc6973,200
rfc9330.xml,https://www.rfc-editor.org/info/rfc6973,200
rfc9330.xml,https://www.rfc-editor.org/info/rfc7560,200
rfc9330.xml,https://www.rfc-editor.org/info/rfc7560,200
rfc9330.xml,https://www.rfc-editor.org/info/rfc7567,200
rfc9330.xml,https://www.rfc-editor.org/info/rfc7567,200
rfc9330.xml,https://www.rfc-editor.org/info/rfc7665,200
rfc9330.xml,https://www.rfc-editor.org/info/rfc7665,200
rfc9330.xml,https://www.rfc-editor.org/info/rfc7713,200
rfc9330.xml,https://www.rfc-editor.org/info/rfc7713,200
rfc9330.xml,https://www.rfc-editor.org/info/rfc8033,200
rfc9330.xml,https://www.rfc-editor.org/info/rfc8033,200
rfc9330.xml,https://www.rfc-editor.org/info/rfc8034,200
rfc9330.xml,https://www.rfc-editor.org/info/rfc8034,200
rfc9330.xml,https://www.rfc-editor.org/info/rfc8170,200
rfc9330.xml,https://www.rfc-editor.org/info/rfc8170,200
rfc9330.xml,https://www.rfc-editor.org/info/rfc8257,200
rfc9330.xml,https://www.rfc-editor.org/info/rfc8257,200
rfc9330.xml,https://www.rfc-editor.org/info/rfc8290,200
rfc9330.xml,https://www.rfc-editor.org/info/rfc8290,200
rfc9330.xml,https://www.rfc-editor.org/info/rfc8298,200
rfc9330.xml,https://www.rfc-editor.org/info/rfc8298,200
rfc9330.xml,https://www.rfc-editor.org/info/rfc8311,200
rfc9330.xml,https://www.rfc-editor.org/info/rfc8311,200
rfc9330.xml,https://www.rfc-editor.org/info/rfc8312,200
rfc9330.xml,https://www.rfc-editor.org/info/rfc8312,200
rfc9330.xml,https://www.rfc-editor.org/info/rfc8404,200
rfc9330.xml,https://www.rfc-editor.org/info/rfc8404,200
rfc9330.xml,https://www.rfc-editor.org/info/rfc8511,200
rfc9330.xml,https://www.rfc-editor.org/info/rfc8511,200
rfc9330.xml,https://www.rfc-editor.org/info/rfc8888,200
rfc9330.xml,https://www.rfc-editor.org/info/rfc8888,200
rfc9330.xml,https://www.rfc-editor.org/info/rfc8985,200
rfc9330.xml,https://www.rfc-editor.org/info/rfc8985,200
rfc9330.xml,https://www.rfc-editor.org/info/rfc9000,200
rfc9330.xml,https://www.rfc-editor.org/info/rfc9000,200
rfc9330.xml,https://www.rfc-editor.org/info/rfc9113,200
rfc9330.xml,https://www.rfc-editor.org/info/rfc9113,200
rfc9330.xml,https://www.rfc-editor.org/info/rfc9331,200
rfc9330.xml,https://www.rfc-editor.org/info/rfc9332,200
rfc9330.xml,https://github.com/EricssonResearch/scream,200
rfc9330.xml,https://ee.lbl.gov/papers/congavoid.pdf,200
rfc9330.xml,https://ee.lbl.gov/papers/congavoid.pdf,200
rfc8778.xml,https://datatracker.ietf.org/doc/draft-ietf-cose-hash-sig-09,200
rfc8778.xml,https://dx.doi.org/10.17487/rfc8778,200
rfc8778.xml,https://www.rfc-editor.org/info/rfc8778,200
rfc8778.xml,https://trustee.ietf.org/license-info,200
rfc8778.xml,https://www.rfc-editor.org/info/rfc8554,200
rfc8778.xml,https://www.rfc-editor.org/info/rfc2119,200
rfc8778.xml,https://www.rfc-editor.org/info/rfc8152,200
rfc8778.xml,https://www.rfc-editor.org/info/rfc8174,200
rfc8778.xml,https://doi.org/10.6028/NIST.FIPS.180-4,200
rfc8778.xml,https://media.blackhat.com/us-13/us-13-Stamos-The-Factoring-Dead.pdf,Connection error: HTTP Error 403: Forbidden
rfc8778.xml,https://doi.org/10.6028/NIST.FIPS.186-4,200
rfc8778.xml,https://www.iana.org/assignments/cose,200
rfc8778.xml,https://doi.org/10.1007/3-540-48184-2_32,200
rfc8778.xml,https://doi.org/10.1007/0-387-34805-0_21,200
rfc8778.xml,https://doi.org/10.1007/0-387-34805-0_40,200
rfc8778.xml,http://dx.doi.org/10.17226/25196,200
rfc8778.xml,http://www.pqcrypto.org/www.springer.com/cda/content/document/cda_downloaddocument/9783540887010-c1.pdf,200
rfc8778.xml,https://www.rfc-editor.org/info/rfc4086,200
rfc8778.xml,https://www.rfc-editor.org/info/rfc5280,200
rfc8778.xml,https://www.rfc-editor.org/info/rfc8017,200
rfc8778.xml,https://www.rfc-editor.org/info/rfc8032,200
rfc8778.xml,https://www.rfc-editor.org/info/rfc8610,200
rfc8778.xml,https://github.com/cose-wg/Examples,200
rfc9170.xml,https://datatracker.ietf.org/doc/draft-iab-use-it-or-lose-it-04,200
rfc9170.xml,https://dx.doi.org/10.17487/rfc9170,200
rfc9170.xml,https://www.rfc-editor.org/info/rfc9170,200
rfc9170.xml,https://trustee.ietf.org/license-info,200
rfc9170.xml,https://www.rfc-editor.org/info/rfc7696,200
rfc9170.xml,https://www.rfc-editor.org/info/rfc7301,200
rfc9170.xml,https://www.rfc-editor.org/info/rfc7838,200
rfc9170.xml,https://www.rfc-editor.org/info/rfc6733,200
rfc9170.xml,https://www.rfc-editor.org/info/rfc7489,200
rfc9170.xml,https://dnsflagday.net/2019/,200
rfc9170.xml,https://www.rfc-editor.org/info/rfc6891,200
rfc9170.xml,https://doi.org/10.1145/2068816.2068834,Connection error: HTTP Error 403: Forbidden
rfc9170.xml,https://www.rfc-editor.org/info/rfc6709,200
rfc9170.xml,https://www.rfc-editor.org/info/rfc8701,200
rfc9170.xml,https://www.cs.columbia.edu/~smb/papers/new-hash.pdf,200
rfc9170.xml,https://datatracker.ietf.org/doc/html/draft-ietf-httpbis-semantics-19,200
rfc9170.xml,https://www.rfc-editor.org/info/rfc8941,200
rfc9170.xml,https://datatracker.ietf.org/doc/html/draft-ietf-httpbis-messaging-19,200
rfc9170.xml,https://mailarchive.ietf.org/arch/msg/tls/bOJ2JQc3HjAHFFWCiNTIb0JuMZc,200
rfc9170.xml,https://www.rfc-editor.org/info/rfc8684,200
rfc9170.xml,https://www.usenix.org/conference/nsdi12/technical-sessions/presentation/raiciu,200
rfc9170.xml,https://doi.org/10.1016/j.comnet.2020.107211,200
rfc9170.xml,https://www.rfc-editor.org/info/rfc8558,200
rfc9170.xml,https://www.rfc-editor.org/info/rfc9000,200
rfc9170.xml,https://www.rfc-editor.org/info/rfc8999,200
rfc9170.xml,https://www.rfc-editor.org/info/rfc2113,200
rfc9170.xml,https://www.rfc-editor.org/info/rfc2711,200
rfc9170.xml,https://www.rfc-editor.org/info/rfc791,200
rfc9170.xml,https://www.rfc-editor.org/info/rfc1112,200
rfc9170.xml,https://www.rfc-editor.org/info/rfc2464,200
rfc9170.xml,https://www.rfc-editor.org/info/rfc5704,200
rfc9170.xml,https://www.rfc-editor.org/info/rfc3597,200
rfc9170.xml,https://www.rfc-editor.org/info/rfc3261,200
rfc9170.xml,https://www.rfc-editor.org/info/rfc5321,200
rfc9170.xml,https://www.rfc-editor.org/info/rfc8460,200
rfc9170.xml,https://mailarchive.ietf.org/arch/msg/tls/1t79gzNItZd71DwwoaqcQQ_4Yxc,200
rfc9170.xml,https://www.rfc-editor.org/info/rfc1157,200
rfc9170.xml,https://www.rfc-editor.org/info/rfc7208,200
rfc9170.xml,https://www.rfc-editor.org/info/rfc5218,200
rfc9170.xml,https://www.rfc-editor.org/info/rfc793,200
rfc9170.xml,https://www.rfc-editor.org/info/rfc7413,200
rfc9170.xml,https://www.rfc-editor.org/info/rfc6066,200
rfc9170.xml,https://www.rfc-editor.org/info/rfc5246,200
rfc9170.xml,https://www.rfc-editor.org/info/rfc8446,200
rfc9170.xml,https://www.rfc-editor.org/info/rfc8170,200
rfc8669.xml,https://datatracker.ietf.org/doc/draft-ietf-idr-bgp-prefix-sid-27,200
rfc8669.xml,https://dx.doi.org/10.17487/rfc8669,200
rfc8669.xml,https://www.rfc-editor.org/info/rfc8669,200
rfc8669.xml,https://trustee.ietf.org/license-info,200
rfc8669.xml,https://www.rfc-editor.org/info/rfc2119,200
rfc8669.xml,https://www.rfc-editor.org/info/rfc4271,200
rfc8669.xml,https://www.rfc-editor.org/info/rfc4364,200
rfc8669.xml,https://www.rfc-editor.org/info/rfc4760,200
rfc8669.xml,https://www.rfc-editor.org/info/rfc7606,200
rfc8669.xml,https://www.rfc-editor.org/info/rfc7911,200
rfc8669.xml,https://www.rfc-editor.org/info/rfc8126,200
rfc8669.xml,https://www.rfc-editor.org/info/rfc8174,200
rfc8669.xml,https://www.rfc-editor.org/info/rfc8205,200
rfc8669.xml,https://www.rfc-editor.org/info/rfc8277,200
rfc8669.xml,https://www.rfc-editor.org/info/rfc8402,200
rfc8669.xml,https://www.rfc-editor.org/info/rfc8660,200
rfc8669.xml,https://tools.ietf.org/html/draft-ietf-idr-bgpls-segment-routing-epe-19,200
rfc8669.xml,http://www.ietf.org/internet-drafts/draft-ietf-idr-bgpls-segment-routing-epe-19.txt,Connection error: HTTP Error 404: Not Found
rfc8669.xml,https://tools.ietf.org/html/draft-ietf-idr-bgp-ls-segment-routing-ext-16,200
rfc8669.xml,http://www.ietf.org/internet-drafts/draft-ietf-idr-bgp-ls-segment-routing-ext-16.txt,Connection error: HTTP Error 404: Not Found
rfc8669.xml,https://tools.ietf.org/html/draft-ietf-6man-segment-routing-header-26,200
rfc8669.xml,http://www.ietf.org/internet-drafts/draft-ietf-6man-segment-routing-header-26.txt,Connection error: HTTP Error 404: Not Found
rfc8669.xml,https://www.rfc-editor.org/info/rfc3032,200
rfc8669.xml,https://www.rfc-editor.org/info/rfc5004,200
rfc8669.xml,https://www.rfc-editor.org/info/rfc7752,200
rfc8669.xml,https://www.rfc-editor.org/info/rfc8670,200
rfc8807.xml,https://datatracker.ietf.org/doc/draft-ietf-regext-login-security-10,200
rfc8807.xml,https://dx.doi.org/10.17487/rfc8807,200
rfc8807.xml,https://www.rfc-editor.org/info/rfc8807,200
rfc8807.xml,https://trustee.ietf.org/license-info,200
rfc8807.xml,https://www.iana.org/assignments/tls-parameters/tls-parameters.xhtml#tls-parameters-4,200
rfc8807.xml,https://pages.nist.gov/800-63-3/sp800-63b.html,200
rfc8807.xml,https://www.rfc-editor.org/info/rfc2119,200
rfc8807.xml,https://www.rfc-editor.org/info/rfc3688,200
rfc8807.xml,https://www.rfc-editor.org/info/rfc5234,200
rfc8807.xml,https://www.rfc-editor.org/info/rfc5730,200
rfc8807.xml,https://www.rfc-editor.org/info/rfc8174,200
rfc8807.xml,http://www.w3.org/TR/2004/REC-xmlschema-2-20041028,200
rfc8807.xml,https://www.rfc-editor.org/info/rfc7451,200
rfc8807.xml,https://www.rfc-editor.org/info/rfc8265,200
rfc9138.xml,https://datatracker.ietf.org/doc/draft-irtf-icnrg-nrs-requirements-06,200
rfc9138.xml,https://dx.doi.org/10.17487/rfc9138,200
rfc9138.xml,https://www.rfc-editor.org/info/rfc9138,200
rfc9138.xml,https://trustee.ietf.org/license-info,200
rfc9138.xml,https://www.rfc-editor.org/info/rfc7927,200
rfc9138.xml,https://doi.org/10.1109/INFCOMW.2015.7179398,Connection error: HTTP Error 418: Unknown Code
rfc9138.xml,https://doi.org/10.1109/MCOM.2012.6231276,Connection error: HTTP Error 418: Unknown Code
rfc9138.xml,https://doi.org/10.1109/EuCNC.2014.6882665,Connection error: HTTP Error 418: Unknown Code
rfc9138.xml,https://doi.org/10.1109/MNET.2016.7437030,Connection error: HTTP Error 418: Unknown Code
rfc9138.xml,https://doi.org/10.1145/2660129.2660144,Connection error: HTTP Error 403: Forbidden
rfc9138.xml,https://doi.org/10.1109/MCOM.2012.6384450,Connection error: HTTP Error 418: Unknown Code
rfc9138.xml,https://doi.org/10.1145/2984356.2984372,Connection error: HTTP Error 403: Forbidden
rfc9138.xml,https://wiki.fd.io/view/Cicn,200
rfc9138.xml,https://doi.org/10.1016/j.comcom.2013.01.009,200
rfc9138.xml,https://datatracker.ietf.org/doc/html/draft-irtf-icnrg-flic-03,200
rfc9138.xml,https://www.ietf.org/archive/id/draft-irtf-icnrg-flic-03.txt,200
rfc9138.xml,https://datatracker.ietf.org/doc/html/draft-irtf-icnrg-icniot-03,200
rfc9138.xml,https://www.ietf.org/archive/id/draft-irtf-icnrg-icniot-03.txt,200
rfc9138.xml,https://doi.org/10.4218/etrij.15.2415.0045,Connection error: HTTP Error 403: Forbidden
rfc9138.xml,https://doi.org/10.1145/1282380.1282402,Connection error: HTTP Error 403: Forbidden
rfc9138.xml,http://mobilityfirst.winlab.rutgers.edu,Connection error: HTTP Error 403: Forbidden
rfc9138.xml,https://datatracker.ietf.org/meeting/interim-2016-icnrg-01/materials/slides-interim-2016-icnrg-1-7.pdf,200
rfc9138.xml,http://www.named-data.net,200
rfc9138.xml,https://doi.org/10.1109/ICIN.2018.8401595,Connection error: HTTP Error 418: Unknown Code
rfc9138.xml,https://datatracker.ietf.org/doc/html/draft-irtf-icnrg-nrsarch-considerations-06,200
rfc9138.xml,https://www.ietf.org/archive/id/draft-irtf-icnrg-nrsarch-considerations-06.txt,200
rfc9138.xml,https://www.fp7-pursuit.eu/,Connection error: HTTP Error 403: Forbidden
rfc9138.xml,https://doi.org/GLOCOM.2014.7037227,Connection error: HTTP Error 404: Not Found
rfc9138.xml,https://datatracker.ietf.org/doc/html/draft-ravi-icnrg-ccn-forwarding-label-02,200
rfc9138.xml,https://www.ietf.org/archive/id/draft-ravi-icnrg-ccn-forwarding-label-02.txt,200
rfc9138.xml,https://www.rfc-editor.org/info/rfc6920,200
rfc9138.xml,https://www.rfc-editor.org/info/rfc8569,200
rfc9138.xml,https://www.rfc-editor.org/info/rfc9064,200
rfc9138.xml,http://www.3gpp.org/ftp/tsg_sa/TSG_SA/TSGS_82/Docs/SP-181120.zip,200
rfc9138.xml,http://www.sail-project.eu/,200
rfc9138.xml,https://doi.org/10.1145/2810156.2812614,Connection error: HTTP Error 403: Forbidden
rfc9138.xml,https://doi.org/10.1109/SURV.2013.070813.00063,Connection error: HTTP Error 418: Unknown Code
rfc9138.xml,https://doi.org/10.1109/INFCOMW.2016.7562050,Connection error: HTTP Error 418: Unknown Code
rfc9275.xml,https://datatracker.ietf.org/doc/draft-ietf-alto-path-vector-25,200
rfc9275.xml,https://dx.doi.org/10.17487/rfc9275,200
rfc9275.xml,https://www.rfc-editor.org/info/rfc9275,200
rfc9275.xml,https://trustee.ietf.org/license-info,200
rfc9275.xml,https://www.rfc-editor.org/info/rfc2046,200
rfc9275.xml,https://www.rfc-editor.org/info/rfc2119,200
rfc9275.xml,https://www.rfc-editor.org/info/rfc2387,200
rfc9275.xml,https://www.rfc-editor.org/info/rfc5322,200
rfc9275.xml,https://www.rfc-editor.org/info/rfc7285,200
rfc9275.xml,https://www.rfc-editor.org/info/rfc8174,200
rfc9275.xml,https://www.rfc-editor.org/info/rfc8189,200
rfc9275.xml,https://www.rfc-editor.org/info/rfc8895,200
rfc9275.xml,https://www.rfc-editor.org/info/rfc8896,200
rfc9275.xml,https://www.rfc-editor.org/info/rfc9240,200
rfc9275.xml,https://www.rfc-editor.org/info/rfc9274,200
rfc9275.xml,https://datatracker.ietf.org/doc/html/draft-ietf-alto-performance-metrics-28,200
rfc9275.xml,https://onlinelibrary.wiley.com/doi/10.1002/jgt.3190010306,Connection error: HTTP Error 403: Forbidden
rfc9275.xml,https://ojs.aaai.org//index.php/AAAI/article/view/3984,Connection error: HTTP Error 403: Forbidden
rfc9275.xml,https://dl.acm.org/doi/abs/10.5555/3026877.3026911,Connection error: HTTP Error 403: Forbidden
rfc9275.xml,https://dl.acm.org/doi/10.1145/3366707,Connection error: HTTP Error 403: Forbidden
rfc9275.xml,https://dl.acm.org/doi/10.5555/2930611.2930638,Connection error: HTTP Error 403: Forbidden
rfc9275.xml,https://datatracker.ietf.org/doc/html/draft-irtf-nmrg-ibn-concepts-definitions-09,200
rfc9275.xml,https://www.jsoniq.org/,200
rfc9275.xml,https://ieeexplore.ieee.org/document/8756056,Connection error: HTTP Error 418: Unknown Code
rfc9275.xml,https://dl.acm.org/doi/10.1145/3405672.3409489,Connection error: HTTP Error 403: Forbidden
rfc9275.xml,https://doi.org/10.1109/TNET.2019.2899905,Connection error: HTTP Error 418: Unknown Code
rfc9275.xml,https://ieeexplore.ieee.org/document/8665783,Connection error: HTTP Error 418: Unknown Code
rfc9275.xml,https://www.rfc-editor.org/info/rfc2216,200
rfc9275.xml,https://www.rfc-editor.org/info/rfc4271,200
rfc9275.xml,https://www.rfc-editor.org/info/rfc9113,200
rfc9275.xml,https://www.rfc-editor.org/info/rfc9114,200
rfc9275.xml,https://www.es.net/network-r-and-d/sense/,Connection error: HTTP Error 403: Forbidden
rfc9275.xml,https://ieeexplore.ieee.org/document/9110342,Connection error: HTTP Error 418: Unknown Code
rfc9275.xml,https://dl.acm.org/doi/10.1145/2486001.2486012,Connection error: HTTP Error 403: Forbidden
rfc9275.xml,https://www.sciencedirect.com/science/article/abs/pii/S0167739X18302413?via%3Dihub,Connection error: HTTP Error 403: Forbidden
rfc9275.xml,https://www.w3.org/TR/xquery-31/,200
rfc9708.xml,https://datatracker.ietf.org/doc/draft-ietf-lamps-rfc8708bis-03,200
rfc9708.xml,https://dx.doi.org/10.17487/rfc9708,200
rfc9708.xml,https://www.rfc-editor.org/info/rfc9708,200
rfc9708.xml,https://trustee.ietf.org/license-info,200
rfc9708.xml,https://www.itu.int/rec/T-REC-X.680-202102-I,200
rfc9708.xml,https://www.itu.int/rec/T-REC-X.690-202102-I,200
rfc9708.xml,https://www.rfc-editor.org/info/rfc5652,200
rfc9708.xml,https://www.rfc-editor.org/info/rfc8554,200
rfc9708.xml,https://www.rfc-editor.org/info/rfc2119,200
rfc9708.xml,https://www.rfc-editor.org/info/rfc5280,200
rfc9708.xml,https://www.rfc-editor.org/info/rfc8174,200
rfc9708.xml,https://www.rfc-editor.org/info/rfc8692,200
rfc9708.xml,https://doi.org/10.6028/NIST.FIPS.202,200
rfc9708.xml,https://doi.org/10.6028/NIST.FIPS.180-4,200
rfc9708.xml,https://media.blackhat.com/us-13/us-13-Stamos-The-Factoring-Dead.pdf,Connection error: HTTP Error 403: Forbidden
rfc9708.xml,https://www.rfc-editor.org/info/rfc5911,200
rfc9708.xml,https://www.rfc-editor.org/info/rfc6268,200
rfc9708.xml,https://www.rfc-editor.org/errata/eid7960,200
rfc9708.xml,https://www.rfc-editor.org/errata/eid7963,200
rfc9708.xml,https://www.rfc-editor.org/info/rfc4108,200
rfc9708.xml,https://www.iana.org/assignments/leighton-micali-signatures/,200
rfc9708.xml,https://doi.org/10.1007/3-540-48184-2_32,200
rfc9708.xml,https://doi.org/10.1007/0-387-34805-0_21,200
rfc9708.xml,https://doi.org/10.1007/0-387-34805-0_40,200
rfc9708.xml,https://doi.org/10.17226/25196,200
rfc9708.xml,https://www.rfc-editor.org/info/rfc5912,200
rfc9708.xml,https://doi.org/10.1007/978-3-540-88702-7_1,200
rfc9708.xml,https://www.rfc-editor.org/info/rfc4086,200
rfc9708.xml,https://datatracker.ietf.org/doc/html/draft-ietf-lamps-x509-shbs-13,200
rfc9229.xml,https://datatracker.ietf.org/doc/draft-ietf-babel-v4viav6-08,200
rfc9229.xml,https://dx.doi.org/10.17487/rfc9229,200
rfc9229.xml,https://www.rfc-editor.org/info/rfc9229,200
rfc9229.xml,https://trustee.ietf.org/license-info,200
rfc9229.xml,https://www.rfc-editor.org/info/rfc792,200
rfc9229.xml,https://www.rfc-editor.org/info/rfc2119,200
rfc9229.xml,https://www.rfc-editor.org/info/rfc8174,200
rfc9229.xml,https://www.rfc-editor.org/info/rfc8966,200
rfc9229.xml,https://www.rfc-editor.org/info/rfc826,200
rfc9229.xml,https://www.rfc-editor.org/info/rfc1191,200
rfc9229.xml,https://www.rfc-editor.org/info/rfc4821,200
rfc9229.xml,https://www.rfc-editor.org/info/rfc4861,200
rfc9229.xml,https://www.rfc-editor.org/info/rfc5549,200
rfc9229.xml,https://www.rfc-editor.org/info/rfc7404,200
rfc9229.xml,https://www.rfc-editor.org/info/rfc7600,200
rfc9227.xml,https://datatracker.ietf.org/doc/draft-smyslov-esp-gost-14,200
rfc9227.xml,https://dx.doi.org/10.17487/rfc9227,200
rfc9227.xml,https://www.rfc-editor.org/info/rfc9227,200
rfc9227.xml,https://trustee.ietf.org/license-info,200
rfc9227.xml,https://www.rfc-editor.org/info/rfc2119,200
rfc9227.xml,https://www.rfc-editor.org/info/rfc8174,200
rfc9227.xml,https://www.rfc-editor.org/info/rfc4303,200
rfc9227.xml,https://www.rfc-editor.org/info/rfc7296,200
rfc9227.xml,https://www.rfc-editor.org/info/rfc7383,200
rfc9227.xml,https://www.rfc-editor.org/info/rfc6986,200
rfc9227.xml,https://www.rfc-editor.org/info/rfc7801,200
rfc9227.xml,https://www.rfc-editor.org/info/rfc8891,200
rfc9227.xml,https://www.rfc-editor.org/info/rfc9058,200
rfc9227.xml,https://www.rfc-editor.org/info/rfc7836,200
rfc9227.xml,https://www.rfc-editor.org/info/rfc2104,200
rfc9227.xml,https://www.rfc-editor.org/info/rfc4106,200
rfc9227.xml,https://www.rfc-editor.org/info/rfc4543,200
rfc9227.xml,https://www.rfc-editor.org/info/rfc5282,200
rfc9227.xml,https://www.rfc-editor.org/info/rfc8645,200
rfc9227.xml,https://eprint.iacr.org/2019/123.pdf,200
rfc9227.xml,https://nvlpubs.nist.gov/nistpubs/SpecialPublications/NIST.SP.800-67r2.pdf,200
rfc9227.xml,https://datatracker.ietf.org/doc/html/draft-irtf-cfrg-aead-limits-04,200
rfc9683.xml,https://datatracker.ietf.org/doc/draft-ietf-rats-tpm-based-network-device-attest-14,200
rfc9683.xml,https://dx.doi.org/10.17487/rfc9683,200
rfc9683.xml,https://www.rfc-editor.org/info/rfc9683,200
rfc9683.xml,https://trustee.ietf.org/license-info,200
rfc9683.xml,https://trustedcomputinggroup.org/wp-content/uploads/TCG_IWG_CEL_v1_r0p41_pub.pdf,Connection error: HTTP Error 403: Forbidden
rfc9683.xml,https://doi.org/10.1109/IEEESTD.2018.8423794,Connection error: HTTP Error 418: Unknown Code
rfc9683.xml,https://www.kernel.org/doc/html/v6.11/admin-guide/device-mapper/dm-ima.html,200
rfc9683.xml,https://docs.kernel.org/admin-guide/device-mapper/dm-ima.html,200
rfc9683.xml,https://trustedcomputinggroup.org/resource/pc-client-specific-platform-firmware-profile-specification/,Connection error: HTTP Error 403: Forbidden
rfc9683.xml,https://trustedcomputinggroup.org/resource/tcg-efi-platform-specification/,Connection error: HTTP Error 403: Forbidden
rfc9683.xml,https://trustedcomputinggroup.org/resource/tcg-pc-client-reference-integrity-manifest-specification/,Connection error: HTTP Error 403: Forbidden
rfc9683.xml,https://trustedcomputinggroup.org/resource/tpm-2-0-keys-for-device-identity-and-attestation/,Connection error: HTTP Error 403: Forbidden
rfc9683.xml,https://trustedcomputinggroup.org/resource/tpm-keys-for-platform-identity-for-tpm-1-2-2/,Connection error: HTTP Error 403: Forbidden
rfc9683.xml,https://www.rfc-editor.org/info/rfc2119,200
rfc9683.xml,https://www.rfc-editor.org/info/rfc4253,200
rfc9683.xml,https://www.rfc-editor.org/info/rfc5280,200
rfc9683.xml,https://www.rfc-editor.org/info/rfc6241,200
rfc9683.xml,https://www.rfc-editor.org/info/rfc8174,200
rfc9683.xml,https://www.rfc-editor.org/info/rfc8446,200
rfc9683.xml,https://www.rfc-editor.org/info/rfc9334,200
rfc9683.xml,https://www.rfc-editor.org/info/rfc9393,200
rfc9683.xml,https://www.rfc-editor.org/info/rfc9684,200
rfc9683.xml,https://trustedcomputinggroup.org/resource/tcg-reference-integrity-manifest-rim-information-model/,Connection error: HTTP Error 403: Forbidden
rfc9683.xml,https://www.iso.org/standard/65666.html,200
rfc9683.xml,https://trustedcomputinggroup.org/wp-content/uploads/TNC_TAP_Information_Model_v1.00_r0.36-FINAL.pdf,Connection error: HTTP Error 403: Forbidden
rfc9683.xml,https://trustedcomputinggroup.org/resource/tcg-infrastructure-working-group-a-cmc-profile-for-aik-certificate-enrollment/,Connection error: HTTP Error 403: Forbidden
rfc9683.xml,https://doi.org/10.1109/IEEESTD.2018.8585421,Connection error: HTTP Error 418: Unknown Code
rfc9683.xml,https://doi.org/10.1109/IEEESTD.2020.9018454,Connection error: HTTP Error 418: Unknown Code
rfc9683.xml,https://doi.org/10.1109/IEEESTD.2016.7433915,Connection error: HTTP Error 418: Unknown Code
rfc9683.xml,https://trustedcomputinggroup.org/resource/tcg-guidance-securing-network-equipment/,Connection error: HTTP Error 403: Forbidden
rfc9683.xml,https://nvlpubs.nist.gov/nistpubs/ir/2016/NIST.IR.8060.pdf,200
rfc9683.xml,https://trustedcomputinggroup.org/resource/tcg-platform-attribute-credential-profile/,Connection error: HTTP Error 403: Forbidden
rfc9683.xml,https://trustedcomputinggroup.org/wp-content/uploads/TCG-TPM-v2.0-Provisioning-Guidance-Published-v1r1.pdf,Connection error: HTTP Error 403: Forbidden
rfc9683.xml,https://datatracker.ietf.org/doc/html/draft-ietf-rats-eat-31,200
rfc9683.xml,https://datatracker.ietf.org/doc/html/draft-ietf-rats-reference-interaction-models-11,200
rfc9683.xml,https://datatracker.ietf.org/doc/html/draft-ietf-rats-network-device-subscription-05,200
rfc9683.xml,https://datatracker.ietf.org/doc/html/draft-birkholz-rats-tuda-07,200
rfc9683.xml,https://datatracker.ietf.org/doc/html/draft-richardson-rats-usecases-08,200
rfc9683.xml,https://www.rfc-editor.org/info/rfc3748,200
rfc9683.xml,https://www.rfc-editor.org/info/rfc6813,200
rfc9683.xml,https://www.rfc-editor.org/info/rfc7950,200
rfc9683.xml,https://www.rfc-editor.org/info/rfc8572,200
rfc9683.xml,https://www.rfc-editor.org/info/rfc8995,200
rfc9683.xml,https://www.rfc-editor.org/info/rfc9525,200
rfc9683.xml,https://csrc.nist.gov/files/pubs/sp/800/155/ipd/docs/draft-sp800-155_dec2011.pdf,200
rfc9683.xml,https://nvlpubs.nist.gov/nistpubs/SpecialPublications/NIST.SP.800-193.pdf,200
rfc9683.xml,https://github.com/Labs64/swid-maven-plugin,200
rfc9683.xml,https://trustedcomputinggroup.org/wp-content/uploads/TCG_Roots_of_Trust_Specification_v0p20_PUBLIC_REVIEW.pdf,Connection error: HTTP Error 403: Forbidden
rfc9683.xml,https://trustedcomputinggroup.org/resource/tpm-main-specification/,Connection error: HTTP Error 403: Forbidden
rfc9683.xml,https://trustedcomputinggroup.org/resource/tpm-library-specification/,Connection error: HTTP Error 403: Forbidden
rfc8908.xml,https://datatracker.ietf.org/doc/draft-ietf-capport-api-08,200
rfc8908.xml,https://dx.doi.org/10.17487/rfc8908,200
rfc8908.xml,https://www.rfc-editor.org/info/rfc8908,200
rfc8908.xml,https://trustee.ietf.org/license-info,200
rfc8908.xml,https://www.rfc-editor.org/info/rfc2119,200
rfc8908.xml,https://www.rfc-editor.org/info/rfc2818,200
rfc8908.xml,https://www.rfc-editor.org/info/rfc5280,200
rfc8908.xml,https://www.rfc-editor.org/info/rfc5905,200
rfc8908.xml,https://www.rfc-editor.org/info/rfc6066,200
rfc8908.xml,https://www.rfc-editor.org/info/rfc6125,200
rfc8908.xml,https://www.rfc-editor.org/info/rfc6960,200
rfc8908.xml,https://www.rfc-editor.org/info/rfc7234,200
rfc8908.xml,https://www.rfc-editor.org/info/rfc8126,200
rfc8908.xml,https://www.rfc-editor.org/info/rfc8174,200
rfc8908.xml,https://www.rfc-editor.org/info/rfc8259,200
rfc8908.xml,https://tools.ietf.org/html/draft-ietf-capport-architecture-08,200
rfc8908.xml,http://www.ietf.org/internet-drafts/draft-ietf-capport-architecture-08.txt,Connection error: HTTP Error 404: Not Found
rfc8908.xml,https://www.rfc-editor.org/info/rfc7525,200
rfc8908.xml,https://www.rfc-editor.org/info/rfc8264,200
rfc8908.xml,https://www.rfc-editor.org/info/rfc8910,200
rfc9247.xml,https://datatracker.ietf.org/doc/draft-ietf-idr-bgp-ls-sbfd-extensions-10,200
rfc9247.xml,https://dx.doi.org/10.17487/rfc9247,200
rfc9247.xml,https://www.rfc-editor.org/info/rfc9247,200
rfc9247.xml,https://trustee.ietf.org/license-info,200
rfc9247.xml,https://www.rfc-editor.org/info/rfc2119,200
rfc9247.xml,https://www.rfc-editor.org/info/rfc7752,200
rfc9247.xml,https://www.rfc-editor.org/info/rfc7880,200
rfc9247.xml,https://www.rfc-editor.org/info/rfc7883,200
rfc9247.xml,https://www.rfc-editor.org/info/rfc7884,200
rfc9247.xml,https://www.rfc-editor.org/info/rfc8174,200
rfc9247.xml,https://www.rfc-editor.org/info/rfc5880,200
rfc9106.xml,https://datatracker.ietf.org/doc/draft-irtf-cfrg-argon2-13,200
rfc9106.xml,https://dx.doi.org/10.17487/rfc9106,200
rfc9106.xml,https://www.rfc-editor.org/info/rfc9106,200
rfc9106.xml,https://trustee.ietf.org/license-info,200
rfc9106.xml,https://www.rfc-editor.org/info/rfc7693,200
rfc9106.xml,https://www.rfc-editor.org/info/rfc2119,200
rfc9106.xml,https://www.rfc-editor.org/info/rfc8174,200
rfc9106.xml,https://eprint.iacr.org/2015/227.pdf,200
rfc9106.xml,https://eprint.iacr.org/2016/115.pdf,200
rfc9106.xml,https://www.cryptolux.org/images/0/0d/Argon2.pdf,200
rfc9106.xml,https://www.cryptolux.org/images/d/d0/Argon2ESP.pdf,200
rfc9106.xml,https://eprint.iacr.org/2017/442.pdf,200
rfc9106.xml,https://eprint.iacr.org/2016/027.pdf,200
rfc9106.xml,https://eprint.iacr.org/2014/238.pdf,200
rfc8722.xml,https://datatracker.ietf.org/doc/draft-ietf-iasa2-rfc6220bis-04,200
rfc8722.xml,https://dx.doi.org/10.17487/rfc8722,200
rfc8722.xml,https://www.rfc-editor.org/info/rfc8722,200
rfc8722.xml,https://trustee.ietf.org/license-info,200
rfc8722.xml,https://www.rfc-editor.org/info/bcp9,200
rfc8722.xml,https://www.rfc-editor.org/info/rfc2026,200
rfc8722.xml,https://www.rfc-editor.org/info/rfc5657,200
rfc8722.xml,https://www.rfc-editor.org/info/rfc6410,200
rfc8722.xml,https://www.rfc-editor.org/info/rfc7100,200
rfc8722.xml,https://www.rfc-editor.org/info/rfc7127,200
rfc8722.xml,https://www.rfc-editor.org/info/rfc7475,200
rfc8722.xml,https://www.ietf.org/media/documents/FINAL_2019-IETF_MoU_Supplemental_Agreement_Signed_31July19.pdf,200
rfc8722.xml,https://www.rfc-editor.org/info/rfc2860,200
rfc8722.xml,https://www.rfc-editor.org/info/rfc4371,200
rfc8722.xml,https://www.rfc-editor.org/info/rfc5226,200
rfc8722.xml,https://www.rfc-editor.org/info/rfc8126,200
rfc8722.xml,https://www.rfc-editor.org/info/rfc8711,200
rfc8722.xml,https://www.rfc-editor.org/info/rfc8714,200
rfc8722.xml,https://www.rfc-editor.org/info/rfc8729,200
rfc8722.xml,https://www.rfc-editor.org/info/rfc8729,200
rfc8652.xml,https://datatracker.ietf.org/doc/draft-ietf-pim-igmp-mld-yang-15,200
rfc8652.xml,https://dx.doi.org/10.17487/rfc8652,200
rfc8652.xml,https://www.rfc-editor.org/info/rfc8652,200
rfc8652.xml,https://trustee.ietf.org/license-info,200
rfc8652.xml,https://www.rfc-editor.org/info/rfc1112,200
rfc8652.xml,https://www.rfc-editor.org/info/rfc2119,200
rfc8652.xml,https://www.rfc-editor.org/info/rfc2236,200
rfc8652.xml,https://www.rfc-editor.org/info/rfc2710,200
rfc8652.xml,https://www.rfc-editor.org/info/rfc3376,200
rfc8652.xml,https://www.rfc-editor.org/info/rfc3688,200
rfc8652.xml,https://www.rfc-editor.org/info/rfc3810,200
rfc8652.xml,https://www.rfc-editor.org/info/rfc4607,200
rfc8652.xml,https://www.rfc-editor.org/info/rfc6020,200
rfc8652.xml,https://www.rfc-editor.org/info/rfc6241,200
rfc8652.xml,https://www.rfc-editor.org/info/rfc6242,200
rfc8652.xml,https://www.rfc-editor.org/info/rfc6991,200
rfc8652.xml,https://www.rfc-editor.org/info/rfc7950,200
rfc8652.xml,https://www.rfc-editor.org/info/rfc8040,200
rfc8652.xml,https://www.rfc-editor.org/info/rfc8174,200
rfc8652.xml,https://www.rfc-editor.org/info/rfc8294,200
rfc8652.xml,https://www.rfc-editor.org/info/rfc8341,200
rfc8652.xml,https://www.rfc-editor.org/info/rfc8342,200
rfc8652.xml,https://www.rfc-editor.org/info/rfc8343,200
rfc8652.xml,https://www.rfc-editor.org/info/rfc8344,200
rfc8652.xml,https://www.rfc-editor.org/info/rfc8349,200
rfc8652.xml,https://www.rfc-editor.org/info/rfc8446,200
rfc8652.xml,https://www.rfc-editor.org/info/rfc8519,200
rfc8652.xml,https://www.rfc-editor.org/info/rfc3569,200
rfc8652.xml,https://www.rfc-editor.org/info/rfc4541,200
rfc8652.xml,https://www.rfc-editor.org/info/rfc4605,200
rfc8652.xml,https://www.rfc-editor.org/info/rfc5790,200
rfc8652.xml,https://www.rfc-editor.org/info/rfc6636,200
rfc8652.xml,https://www.rfc-editor.org/info/rfc8340,200
rfc8652.xml,https://www.rfc-editor.org/info/rfc8407,200
rfc8652.xml,https://www.rfc-editor.org/info/rfc8639,200
rfc8652.xml,https://www.rfc-editor.org/info/rfc8641,200
rfc9235.xml,https://datatracker.ietf.org/doc/draft-ietf-tcpm-ao-test-vectors-09,200
rfc9235.xml,https://dx.doi.org/10.17487/rfc9235,200
rfc9235.xml,https://www.rfc-editor.org/info/rfc9235,200
rfc9235.xml,https://trustee.ietf.org/license-info,200
rfc9235.xml,https://www.rfc-editor.org/info/rfc791,200
rfc9235.xml,https://www.rfc-editor.org/info/rfc793,200
rfc9235.xml,https://www.rfc-editor.org/info/rfc2018,200
rfc9235.xml,https://www.rfc-editor.org/info/rfc2119,200
rfc9235.xml,https://www.rfc-editor.org/info/rfc5925,200
rfc9235.xml,https://www.rfc-editor.org/info/rfc5926,200
rfc9235.xml,https://www.rfc-editor.org/info/rfc6978,200
rfc9235.xml,https://www.rfc-editor.org/info/rfc7323,200
rfc9235.xml,https://www.rfc-editor.org/info/rfc8174,200
rfc9235.xml,https://www.rfc-editor.org/info/rfc8200,200
rfc9235.xml,https://www.rfc-editor.org/info/rfc2202,200
rfc9235.xml,https://www.rfc-editor.org/info/rfc4493,200
rfc9235.xml,https://www.rfc-editor.org/info/rfc9187,200
rfc9306.xml,https://datatracker.ietf.org/doc/draft-ietf-lisp-vendor-lcaf-12,200
rfc9306.xml,https://dx.doi.org/10.17487/rfc9306,200
rfc9306.xml,https://www.rfc-editor.org/info/rfc9306,200
rfc9306.xml,https://trustee.ietf.org/license-info,200
rfc9306.xml,https://ieeexplore.ieee.org/document/6847097,Connection error: HTTP Error 418: Unknown Code
rfc9306.xml,https://www.rfc-editor.org/info/rfc2119,200
rfc9306.xml,https://www.rfc-editor.org/info/rfc8060,200
rfc9306.xml,https://www.rfc-editor.org/info/rfc8126,200
rfc9306.xml,https://www.rfc-editor.org/info/rfc8174,200
rfc9306.xml,https://www.rfc-editor.org/info/rfc9300,200
rfc9306.xml,https://www.rfc-editor.org/info/rfc9301,200
rfc8976.xml,https://datatracker.ietf.org/doc/draft-ietf-dnsop-dns-zone-digest-14,200
rfc8976.xml,https://dx.doi.org/10.17487/rfc8976,200
rfc8976.xml,https://www.rfc-editor.org/info/rfc8976,200
rfc8976.xml,https://trustee.ietf.org/license-info,200
rfc8976.xml,https://www.rfc-editor.org/info/rfc1034,200
rfc8976.xml,https://www.rfc-editor.org/info/rfc1035,200
rfc8976.xml,https://www.rfc-editor.org/info/rfc2119,200
rfc8976.xml,https://www.rfc-editor.org/info/rfc4034,200
rfc8976.xml,https://www.rfc-editor.org/info/rfc6234,200
rfc8976.xml,https://www.rfc-editor.org/info/rfc8174,200
rfc8976.xml,https://www.rfc-editor.org/info/bcp201,200
rfc8976.xml,https://www.rfc-editor.org/info/rfc7696,200
rfc8976.xml,https://czds.icann.org/,200
rfc8976.xml,https://web.archive.org/web/20100618032705/https://www.denic.de/en/denic-in-dialogue/news/2733.html,200
rfc8976.xml,https://github.com/niclabs/dns-tools,200
rfc8976.xml,https://tools.ietf.org/html/draft-ietf-dprive-xfr-over-tls-05,200
rfc8976.xml,https://www.ietf.org/internet-drafts/draft-ietf-dprive-xfr-over-tls-05.txt,Connection error: HTTP Error 404: Not Found
rfc8976.xml,ftp://ftp.internic.net/domain/,
rfc8976.xml,https://github.com/verisign/ldns-zone-digest,200
rfc8976.xml,https://www.rfc-editor.org/info/rfc1995,200
rfc8976.xml,https://www.rfc-editor.org/info/rfc2065,200
rfc8976.xml,https://www.rfc-editor.org/info/rfc2136,200
rfc8976.xml,https://www.rfc-editor.org/info/rfc2535,200
rfc8976.xml,https://www.rfc-editor.org/info/rfc2931,200
rfc8976.xml,https://www.rfc-editor.org/info/rfc3258,200
rfc8976.xml,https://www.rfc-editor.org/info/rfc4033,200
rfc8976.xml,https://www.rfc-editor.org/info/rfc4035,200
rfc8976.xml,https://www.rfc-editor.org/info/rfc4880,200
rfc8976.xml,https://www.rfc-editor.org/info/rfc5155,200
rfc8976.xml,https://www.rfc-editor.org/info/rfc5936,200
rfc8976.xml,https://www.rfc-editor.org/info/rfc8126,200
rfc8976.xml,https://www.rfc-editor.org/info/rfc8484,200
rfc8976.xml,https://www.rfc-editor.org/info/rfc8499,200
rfc8976.xml,https://www.rfc-editor.org/info/rfc8551,200
rfc8976.xml,https://www.rfc-editor.org/info/rfc8806,200
rfc8976.xml,https://www.rfc-editor.org/info/rfc8901,200
rfc8976.xml,https://www.rfc-editor.org/info/rfc8945,200
rfc8976.xml,https://www.root-servers.org/,"Connection error: <urlopen error [SSL: CERTIFICATE_VERIFY_FAILED] certificate verify failed: Hostname mismatch, certificate is not valid for 'www.root-servers.org'. (_ssl.c:1006)>"
rfc8976.xml,https://en.wikipedia.org/w/index.php?title=Response_policy_zone&oldid=960043728,200
rfc8976.xml,https://github.com/shane-kerr/ZoneDigestHackathon,200
rfc8976.xml,https://trac.ietf.org/trac/dnsop/wiki/RFC8976ZONEMDTestCases,200
rfc9302.xml,https://datatracker.ietf.org/doc/draft-ietf-lisp-6834bis-14,200
rfc9302.xml,https://dx.doi.org/10.17487/rfc9302,200
rfc9302.xml,https://www.rfc-editor.org/info/rfc9302,200
rfc9302.xml,https://trustee.ietf.org/license-info,200
rfc9302.xml,https://www.rfc-editor.org/info/rfc2119,200
rfc9302.xml,https://www.rfc-editor.org/info/rfc8174,200
rfc9302.xml,https://www.rfc-editor.org/info/rfc9300,200
rfc9302.xml,https://www.rfc-editor.org/info/rfc9301,200
rfc9302.xml,https://www.rfc-editor.org/info/rfc1982,200
rfc9302.xml,https://www.rfc-editor.org/info/rfc6832,200
rfc9302.xml,https://www.rfc-editor.org/info/rfc6834,200
rfc9302.xml,https://www.rfc-editor.org/info/rfc7835,200
rfc9302.xml,https://www.rfc-editor.org/info/rfc9299,200
rfc8661.xml,https://datatracker.ietf.org/doc/draft-ietf-spring-segment-routing-ldp-interop-15,200
rfc8661.xml,https://dx.doi.org/10.17487/rfc8661,200
rfc8661.xml,https://www.rfc-editor.org/info/rfc8661,200
rfc8661.xml,https://trustee.ietf.org/license-info,200
rfc8661.xml,https://www.rfc-editor.org/info/rfc2119,200
rfc8661.xml,https://www.rfc-editor.org/info/rfc5036,200
rfc8661.xml,https://www.rfc-editor.org/info/rfc8174,200
rfc8661.xml,https://www.rfc-editor.org/info/rfc8402,200
rfc8661.xml,https://www.rfc-editor.org/info/rfc8660,200
rfc8661.xml,https://www.rfc-editor.org/info/rfc3031,200
rfc8661.xml,https://www.rfc-editor.org/info/rfc3209,200
rfc8661.xml,https://www.rfc-editor.org/info/rfc4364,200
rfc8661.xml,https://www.rfc-editor.org/info/rfc5304,200
rfc8661.xml,https://www.rfc-editor.org/info/rfc5709,200
rfc8661.xml,https://www.rfc-editor.org/info/rfc5960,200
rfc8661.xml,https://www.rfc-editor.org/info/rfc7490,200
rfc8661.xml,https://www.rfc-editor.org/info/rfc8277,200
rfc8661.xml,https://www.rfc-editor.org/info/rfc8287,200
rfc8661.xml,https://www.rfc-editor.org/info/rfc8355,200
rfc8661.xml,https://doi.org/10.17487/RFC8665,200
rfc8661.xml,https://doi.org/10.17487/RFC8666,200
rfc8661.xml,https://doi.org/10.17487/RFC8667,200
rfc9475.xml,https://datatracker.ietf.org/doc/draft-ietf-stir-messaging-08,200
rfc9475.xml,https://dx.doi.org/10.17487/rfc9475,200
rfc9475.xml,https://www.rfc-editor.org/info/rfc9475,200
rfc9475.xml,https://trustee.ietf.org/license-info,200
rfc9475.xml,https://www.iana.org/assignments/cose,200
rfc9475.xml,https://www.rfc-editor.org/info/rfc2119,200
rfc9475.xml,https://www.rfc-editor.org/info/rfc3261,200
rfc9475.xml,https://www.rfc-editor.org/info/rfc3428,200
rfc9475.xml,https://www.rfc-editor.org/info/rfc3862,200
rfc9475.xml,https://www.rfc-editor.org/info/rfc4648,200
rfc9475.xml,https://www.rfc-editor.org/info/rfc6234,200
rfc9475.xml,https://www.rfc-editor.org/info/rfc8174,200
rfc9475.xml,https://www.rfc-editor.org/info/rfc8224,200
rfc9475.xml,https://www.rfc-editor.org/info/rfc8225,200
rfc9475.xml,https://www.rfc-editor.org/info/rfc8226,200
rfc9475.xml,https://datatracker.ietf.org/doc/html/draft-ietf-stir-rfc4916-update-04,200
rfc9475.xml,https://www.gsma.com/futurenetworks/wp-content/uploads/2019/09/RCC.07-v9.0.pdf,Connection error: HTTP Error 403: Forbidden
rfc9475.xml,https://www.gsma.com/newsroom/wp-content/uploads//RCC.15-v7.0.pdf,Connection error: HTTP Error 403: Forbidden
rfc9475.xml,https://www.rfc-editor.org/info/rfc4103,200
rfc9475.xml,https://www.rfc-editor.org/info/rfc4975,200
rfc9475.xml,https://www.rfc-editor.org/info/rfc5194,200
rfc9475.xml,https://www.rfc-editor.org/info/rfc7340,200
rfc9475.xml,https://www.rfc-editor.org/info/rfc7489,200
rfc9475.xml,https://www.rfc-editor.org/info/rfc7519,200
rfc9475.xml,https://www.rfc-editor.org/info/rfc8591,200
rfc9475.xml,https://www.rfc-editor.org/info/rfc8816,200
rfc9475.xml,https://www.rfc-editor.org/info/rfc8862,200
rfc9475.xml,https://www.rfc-editor.org/info/rfc8876,200
rfc9475.xml,https://www.rfc-editor.org/info/rfc8946,200
rfc9475.xml,http://csrc.nist.gov/publications/fips/fips180-3/fips180-3_final.pdf,200
rfc9475.xml,https://smpp.org/SMPP_v5.pdf,200
rfc8853.xml,https://datatracker.ietf.org/doc/draft-ietf-mmusic-sdp-simulcast-14,200
rfc8853.xml,https://dx.doi.org/10.17487/rfc8853,200
rfc8853.xml,https://www.rfc-editor.org/info/rfc8853,200
rfc8853.xml,https://trustee.ietf.org/license-info,200
rfc8853.xml,https://www.rfc-editor.org/info/rfc2119,200
rfc8853.xml,https://www.rfc-editor.org/info/rfc3264,200
rfc8853.xml,https://www.rfc-editor.org/info/rfc3550,200
rfc8853.xml,https://www.rfc-editor.org/info/rfc4566,200
rfc8853.xml,https://www.rfc-editor.org/info/rfc5234,200
rfc8853.xml,https://www.rfc-editor.org/info/rfc7405,200
rfc8853.xml,https://www.rfc-editor.org/info/rfc7728,200
rfc8853.xml,https://www.rfc-editor.org/info/rfc8174,200
rfc8853.xml,https://www.rfc-editor.org/info/rfc8843,200
rfc8853.xml,https://www.rfc-editor.org/info/rfc8851,200
rfc8853.xml,https://www.rfc-editor.org/info/rfc8852,200
rfc8853.xml,https://www.rfc-editor.org/info/rfc8859,200
rfc8853.xml,https://www.rfc-editor.org/info/rfc2198,200
rfc8853.xml,https://www.rfc-editor.org/info/rfc3389,200
rfc8853.xml,https://www.rfc-editor.org/info/rfc4588,200
rfc8853.xml,https://www.rfc-editor.org/info/rfc4733,200
rfc8853.xml,https://www.rfc-editor.org/info/rfc5104,200
rfc8853.xml,https://www.rfc-editor.org/info/rfc5109,200
rfc8853.xml,https://www.rfc-editor.org/info/rfc5583,200
rfc8853.xml,https://www.rfc-editor.org/info/rfc6184,200
rfc8853.xml,https://www.rfc-editor.org/info/rfc6190,200
rfc8853.xml,https://www.rfc-editor.org/info/rfc6236,200
rfc8853.xml,https://www.rfc-editor.org/info/rfc6464,200
rfc8853.xml,https://www.rfc-editor.org/info/rfc7104,200
rfc8853.xml,https://www.rfc-editor.org/info/rfc7656,200
rfc8853.xml,https://www.rfc-editor.org/info/rfc7667,200
rfc8853.xml,https://www.rfc-editor.org/info/rfc7741,200
rfc8853.xml,https://www.rfc-editor.org/info/rfc7941,200
rfc8853.xml,https://www.rfc-editor.org/info/rfc8108,200
rfc8853.xml,https://www.rfc-editor.org/info/rfc8627,200
rfc8853.xml,https://www.rfc-editor.org/info/rfc8872,200
rfc9050.xml,https://datatracker.ietf.org/doc/draft-ietf-pce-pcep-extension-for-pce-controller-14,200
rfc9050.xml,https://dx.doi.org/10.17487/rfc9050,200
rfc9050.xml,https://www.rfc-editor.org/info/rfc9050,200
rfc9050.xml,https://trustee.ietf.org/license-info,200
rfc9050.xml,https://www.rfc-editor.org/info/rfc2119,200
rfc9050.xml,https://www.rfc-editor.org/info/rfc5440,200
rfc9050.xml,https://www.rfc-editor.org/info/rfc5511,200
rfc9050.xml,https://www.rfc-editor.org/info/rfc7525,200
rfc9050.xml,https://www.rfc-editor.org/info/rfc8126,200
rfc9050.xml,https://www.rfc-editor.org/info/rfc8174,200
rfc9050.xml,https://www.rfc-editor.org/info/rfc8231,200
rfc9050.xml,https://www.rfc-editor.org/info/rfc8253,200
rfc9050.xml,https://www.rfc-editor.org/info/rfc8281,200
rfc9050.xml,https://www.rfc-editor.org/info/rfc8408,200
rfc9050.xml,https://www.rfc-editor.org/info/rfc8664,200
rfc9050.xml,https://www.rfc-editor.org/info/rfc8779,200
rfc9050.xml,https://www.rfc-editor.org/info/rfc4655,200
rfc9050.xml,https://www.rfc-editor.org/info/rfc7025,200
rfc9050.xml,https://www.rfc-editor.org/info/rfc7399,200
rfc9050.xml,https://www.rfc-editor.org/info/rfc7420,200
rfc9050.xml,https://www.rfc-editor.org/info/rfc7491,200
rfc9050.xml,https://www.rfc-editor.org/info/rfc8232,200
rfc9050.xml,https://www.rfc-editor.org/info/rfc8283,200
rfc9050.xml,https://www.rfc-editor.org/info/rfc8741,200
rfc9050.xml,https://datatracker.ietf.org/doc/html/draft-ietf-teas-pcecc-use-cases-07,200
rfc9050.xml,https://www.ietf.org/archive/id/draft-ietf-teas-pcecc-use-cases-07.txt,200
rfc9050.xml,https://datatracker.ietf.org/doc/html/draft-ietf-pce-pcep-yang-16,200
rfc9050.xml,http://www.ietf.org/internet-drafts/draft-ietf-pce-pcep-yang-16.txt,Connection error: HTTP Error 404: Not Found
rfc9050.xml,https://datatracker.ietf.org/doc/html/draft-ietf-pce-pcep-extension-pce-controller-sr-02,200
rfc9050.xml,https://www.ietf.org/archive/id/draft-ietf-pce-pcep-extension-pce-controller-sr-02.txt,200
rfc9050.xml,https://datatracker.ietf.org/doc/html/draft-dhody-pce-pcep-extension-pce-controller-srv6-06,200
rfc9050.xml,https://www.ietf.org/archive/id/draft-dhody-pce-pcep-extension-pce-controller-srv6-06.txt,200
rfc9050.xml,https://datatracker.ietf.org/doc/html/draft-li-pce-controlled-id-space-08,200
rfc9050.xml,https://www.ietf.org/archive/id/draft-li-pce-controlled-id-space-08.txt,200
rfc9050.xml,https://datatracker.ietf.org/doc/html/draft-gont-numeric-ids-sec-considerations-06,200
rfc9050.xml,https://www.ietf.org/archive/id/draft-gont-numeric-ids-sec-considerations-06.txt,200
rfc9401.xml,https://datatracker.ietf.org/doc/draft-deathflag-01,200
rfc9401.xml,https://dx.doi.org/10.17487/rfc9401,200
rfc9401.xml,https://www.rfc-editor.org/info/rfc9401,200
rfc9401.xml,https://trustee.ietf.org/license-info,200
rfc9401.xml,https://www.rfc-editor.org/info/rfc2119,200
rfc9401.xml,https://www.rfc-editor.org/info/rfc3514,200
rfc9401.xml,https://www.rfc-editor.org/info/rfc6093,200
rfc9401.xml,https://www.rfc-editor.org/info/rfc8174,200
rfc9401.xml,https://www.rfc-editor.org/info/rfc9293,200
rfc9401.xml,https://www.cbr.com/anime-death-hints-signs/,200
rfc9401.xml,https://en.wikipedia.org/w/index.php?title=Light_novel&oldid=1136814877,200
rfc9401.xml,https://www.rfc-editor.org/info/rfc9110,200
rfc9401.xml,https://en.wikipedia.org/w/index.php?title=List_of_Fist_of_the_North_Star_characters&oldid=1145633265,200
rfc9483.xml,https://datatracker.ietf.org/doc/draft-ietf-lamps-lightweight-cmp-profile-21,200
rfc9483.xml,https://dx.doi.org/10.17487/rfc9483,200
rfc9483.xml,https://www.rfc-editor.org/info/rfc9483,200
rfc9483.xml,https://trustee.ietf.org/license-info,200
rfc9483.xml,https://www.iana.org/assignments/cmp,200
rfc9483.xml,https://www.rfc-editor.org/info/rfc2119,200
rfc9483.xml,https://www.rfc-editor.org/info/rfc2986,200
rfc9483.xml,https://www.rfc-editor.org/info/rfc4210,200
rfc9483.xml,https://www.rfc-editor.org/info/rfc4211,200
rfc9483.xml,https://www.rfc-editor.org/info/rfc5280,200
rfc9483.xml,https://www.rfc-editor.org/info/rfc5652,200
rfc9483.xml,https://www.rfc-editor.org/info/rfc5958,200
rfc9483.xml,https://www.rfc-editor.org/info/rfc6712,200
rfc9483.xml,https://www.rfc-editor.org/info/rfc8174,200
rfc9483.xml,https://www.rfc-editor.org/info/rfc8615,200
rfc9483.xml,https://www.rfc-editor.org/info/rfc8933,200
rfc9483.xml,https://www.rfc-editor.org/info/rfc9045,200
rfc9483.xml,https://www.rfc-editor.org/info/rfc9110,200
rfc9483.xml,https://www.rfc-editor.org/info/rfc9325,200
rfc9483.xml,https://www.rfc-editor.org/info/rfc9480,200
rfc9483.xml,https://www.rfc-editor.org/info/rfc9481,200
rfc9483.xml,https://www.rfc-editor.org/info/rfc9482,200
rfc9483.xml,https://datatracker.ietf.org/doc/html/draft-ietf-anima-brski-ae-05,200
rfc9483.xml,https://datatracker.ietf.org/doc/html/draft-ietf-anima-brski-prm-10,200
rfc9483.xml,http://www.3gpp.org/ftp/Specs/html-info/33310.htm,Connection error: HTTP Error 403: Forbidden: Access is denied.
rfc9483.xml,https://www.etsi.org/deliver/etsi_en/319400_319499/31941101/01.03.01_60/en_31941101v010301p.pdf,200
rfc9483.xml,https://datatracker.ietf.org/doc/html/draft-ietf-lamps-rfc6712bis-03,200
rfc9483.xml,https://webstore.iec.ch/publication/7033,200
rfc9483.xml,https://ieeexplore.ieee.org/document/8423794,Connection error: HTTP Error 418: Unknown Code
rfc9483.xml,http://nvlpubs.nist.gov/nistpubs/CSWP/NIST.CSWP.04162018.pdf,200
rfc9483.xml,https://doi.org/10.6028/NIST.SP.800-57pt1r5,200
rfc9483.xml,https://datatracker.ietf.org/doc/html/draft-ietf-lamps-rfc4210bis-07,200
rfc9483.xml,https://www.rfc-editor.org/info/rfc3647,200
rfc9483.xml,https://www.rfc-editor.org/info/rfc5246,200
rfc9483.xml,https://www.rfc-editor.org/info/rfc5753,200
rfc9483.xml,https://www.rfc-editor.org/info/rfc7030,200
rfc9483.xml,https://www.rfc-editor.org/info/rfc7252,200
rfc9483.xml,https://www.rfc-editor.org/info/rfc8366,200
rfc9483.xml,https://www.rfc-editor.org/info/rfc8446,200
rfc9483.xml,https://www.rfc-editor.org/info/rfc8551,200
rfc9483.xml,https://www.rfc-editor.org/info/rfc8572,200
rfc9483.xml,https://www.rfc-editor.org/info/rfc8649,200
rfc9483.xml,https://www.rfc-editor.org/info/rfc8995,200
rfc9483.xml,https://datatracker.ietf.org/doc/html/draft-ietf-netconf-sztp-csr-14,200
rfc9483.xml,https://www.era.europa.eu/system/files/2023-01/sos3_index083_-_subset-137_v100.pdf,200
rfc9548.xml,https://datatracker.ietf.org/doc/draft-pkcs12-gost-08,200
rfc9548.xml,https://dx.doi.org/10.17487/rfc9548,200
rfc9548.xml,https://www.rfc-editor.org/info/rfc9548,200
rfc9548.xml,https://trustee.ietf.org/license-info,200
rfc9548.xml,https://www.rfc-editor.org/info/rfc2104,200
rfc9548.xml,https://www.rfc-editor.org/info/rfc2119,200
rfc9548.xml,https://www.rfc-editor.org/info/rfc5652,200
rfc9548.xml,https://www.rfc-editor.org/info/rfc5958,200
rfc9548.xml,https://www.rfc-editor.org/info/rfc6986,200
rfc9548.xml,https://www.rfc-editor.org/info/rfc7292,200
rfc9548.xml,https://www.rfc-editor.org/info/rfc7836,200
rfc9548.xml,https://www.rfc-editor.org/info/rfc8174,200
rfc9548.xml,https://www.rfc-editor.org/info/rfc9215,200
rfc9548.xml,https://www.rfc-editor.org/info/rfc9337,200
rfc9548.xml,https://www.itu.int/rec/T-REC-X.680,200
rfc9548.xml,https://www.itu.int/rec/T-REC-X.690,200
rfc9548.xml,https://www.iso.org/standard/44226.html,200
rfc9491.xml,https://datatracker.ietf.org/doc/draft-ietf-spring-nsh-sr-15,200
rfc9491.xml,https://dx.doi.org/10.17487/rfc9491,200
rfc9491.xml,https://www.rfc-editor.org/info/rfc9491,200
rfc9491.xml,https://trustee.ietf.org/license-info,200
rfc9491.xml,https://www.iana.org/assignments/protocol-numbers/,200
rfc9491.xml,https://www.rfc-editor.org/info/rfc2119,200
rfc9491.xml,https://www.rfc-editor.org/info/rfc3031,200
rfc9491.xml,https://www.rfc-editor.org/info/rfc8174,200
rfc9491.xml,https://www.rfc-editor.org/info/rfc8200,200
rfc9491.xml,https://www.rfc-editor.org/info/rfc8300,200
rfc9491.xml,https://www.rfc-editor.org/info/rfc8402,200
rfc9491.xml,https://www.rfc-editor.org/info/rfc8660,200
rfc9491.xml,https://www.rfc-editor.org/info/rfc8663,200
rfc9491.xml,https://www.rfc-editor.org/info/rfc8665,200
rfc9491.xml,https://www.rfc-editor.org/info/rfc8667,200
rfc9491.xml,https://www.rfc-editor.org/info/rfc8754,200
rfc9491.xml,https://www.rfc-editor.org/info/rfc7498,200
rfc9491.xml,https://www.rfc-editor.org/info/rfc7665,200
rfc9491.xml,https://www.rfc-editor.org/info/rfc8596,200
rfc9491.xml,https://datatracker.ietf.org/doc/html/draft-ietf-spring-sr-service-programming-08,200
rfc8680.xml,https://datatracker.ietf.org/doc/draft-ietf-tsvwg-fecframe-ext-08,200
rfc8680.xml,https://dx.doi.org/10.17487/rfc8680,200
rfc8680.xml,https://www.rfc-editor.org/info/rfc8680,200
rfc8680.xml,https://trustee.ietf.org/license-info,200
rfc8680.xml,https://www.rfc-editor.org/info/rfc2119,200
rfc8680.xml,https://www.rfc-editor.org/info/rfc6363,200
rfc8680.xml,https://www.rfc-editor.org/info/rfc8174,200
rfc8680.xml,http://ftp.3gpp.org/specs/html-info/26346.htm,Connection error: HTTP Error 403: Forbidden: Access is denied.
rfc8680.xml,https://www.rfc-editor.org/info/rfc5052,200
rfc8680.xml,https://www.rfc-editor.org/info/rfc6364,200
rfc8680.xml,https://www.rfc-editor.org/info/rfc6681,200
rfc8680.xml,https://www.rfc-editor.org/info/rfc6816,200
rfc8680.xml,https://www.rfc-editor.org/info/rfc6865,200
rfc8680.xml,https://www.rfc-editor.org/info/rfc8406,200
rfc8680.xml,https://www.rfc-editor.org/info/rfc8681,200
rfc9009.xml,https://datatracker.ietf.org/doc/draft-ietf-roll-efficient-npdao-18,200
rfc9009.xml,https://dx.doi.org/10.17487/rfc9009,200
rfc9009.xml,https://www.rfc-editor.org/info/rfc9009,200
rfc9009.xml,https://trustee.ietf.org/license-info,200
rfc9009.xml,https://www.rfc-editor.org/info/rfc2119,200
rfc9009.xml,https://www.rfc-editor.org/info/rfc6550,200
rfc9009.xml,https://www.rfc-editor.org/info/rfc8126,200
rfc9009.xml,https://www.rfc-editor.org/info/rfc8174,200
rfc9009.xml,https://www.rfc-editor.org/info/rfc8505,200
rfc9009.xml,https://www.rfc-editor.org/info/rfc9010,200
rfc9132.xml,https://datatracker.ietf.org/doc/draft-ietf-dots-rfc8782-bis-08,200
rfc9132.xml,https://dx.doi.org/10.17487/rfc9132,200
rfc9132.xml,https://www.rfc-editor.org/info/rfc9132,200
rfc9132.xml,https://trustee.ietf.org/license-info,200
rfc9132.xml,https://www.iana.org/assignments/service-names-port-numbers/,200
rfc9132.xml,https://www.rfc-editor.org/info/rfc791,200
rfc9132.xml,https://www.rfc-editor.org/info/rfc1122,200
rfc9132.xml,https://www.rfc-editor.org/info/rfc2119,200
rfc9132.xml,https://www.rfc-editor.org/info/rfc3688,200
rfc9132.xml,https://www.rfc-editor.org/info/rfc3986,200
rfc9132.xml,https://www.rfc-editor.org/info/rfc4279,200
rfc9132.xml,https://www.rfc-editor.org/info/rfc4632,200
rfc9132.xml,https://www.rfc-editor.org/info/rfc4648,200
rfc9132.xml,https://www.rfc-editor.org/info/rfc5246,200
rfc9132.xml,https://www.rfc-editor.org/info/rfc5280,200
rfc9132.xml,https://www.rfc-editor.org/info/rfc6020,200
rfc9132.xml,https://www.rfc-editor.org/info/rfc6066,200
rfc9132.xml,https://www.rfc-editor.org/info/rfc6125,200
rfc9132.xml,https://www.rfc-editor.org/info/rfc6347,200
rfc9132.xml,https://www.rfc-editor.org/info/rfc6991,200
rfc9132.xml,https://www.rfc-editor.org/info/rfc7250,200
rfc9132.xml,https://www.rfc-editor.org/info/rfc7252,200
rfc9132.xml,https://www.rfc-editor.org/info/rfc7525,200
rfc9132.xml,https://www.rfc-editor.org/info/rfc7641,200
rfc9132.xml,https://www.rfc-editor.org/info/rfc7918,200
rfc9132.xml,https://www.rfc-editor.org/info/rfc7924,200
rfc9132.xml,https://www.rfc-editor.org/info/rfc7950,200
rfc9132.xml,https://www.rfc-editor.org/info/rfc7959,200
rfc9132.xml,https://www.rfc-editor.org/info/rfc8085,200
rfc9132.xml,https://www.rfc-editor.org/info/rfc8126,200
rfc9132.xml,https://www.rfc-editor.org/info/rfc8174,200
rfc9132.xml,https://www.rfc-editor.org/info/rfc8200,200
rfc9132.xml,https://www.rfc-editor.org/info/rfc8305,200
rfc9132.xml,https://www.rfc-editor.org/info/rfc8323,200
rfc9132.xml,https://www.rfc-editor.org/info/rfc8446,200
rfc9132.xml,https://www.rfc-editor.org/info/rfc8615,200
rfc9132.xml,https://www.rfc-editor.org/info/rfc8768,200
rfc9132.xml,https://www.rfc-editor.org/info/rfc8783,200
rfc9132.xml,https://www.rfc-editor.org/info/rfc8791,200
rfc9132.xml,https://www.rfc-editor.org/info/rfc8949,200
rfc9132.xml,https://datatracker.ietf.org/doc/html/draft-ietf-core-comi-11,200
rfc9132.xml,https://www.ietf.org/internet-drafts/draft-ietf-core-comi-11.txt,Connection error: HTTP Error 404: Not Found
rfc9132.xml,https://datatracker.ietf.org/doc/html/draft-ietf-core-yang-cbor-16,200
rfc9132.xml,https://www.ietf.org/internet-drafts/draft-ietf-core-yang-cbor-16.txt,Connection error: HTTP Error 404: Not Found
rfc9132.xml,https://datatracker.ietf.org/doc/html/draft-boucadair-dots-earlydata-00,200
rfc9132.xml,https://www.ietf.org/archive/id/draft-boucadair-dots-earlydata-00.txt,200
rfc9132.xml,https://datatracker.ietf.org/doc/html/draft-ietf-dots-multihoming-07,200
rfc9132.xml,https://www.ietf.org/archive/id/draft-ietf-dots-multihoming-07.txt,200
rfc9132.xml,https://datatracker.ietf.org/doc/html/draft-ietf-dots-telemetry-16,200
rfc9132.xml,https://www.ietf.org/internet-drafts/draft-ietf-dots-telemetry-16.txt,Connection error: HTTP Error 404: Not Found
rfc9132.xml,https://www.iana.org/assignments/cbor-tags,200
rfc9132.xml,https://www.iana.org/assignments/core-parameters,200
rfc9132.xml,https://www.iana.org/assignments/media-types,200
rfc9132.xml,https://www.iana.org/assignments/protocol-numbers,200
rfc9132.xml,https://www.iana.org/assignments/dots,200
rfc9132.xml,https://www.rfc-editor.org/info/rfc3022,200
rfc9132.xml,https://www.rfc-editor.org/info/rfc4034,200
rfc9132.xml,https://www.rfc-editor.org/info/rfc4122,200
rfc9132.xml,https://www.rfc-editor.org/info/rfc4340,200
rfc9132.xml,https://www.rfc-editor.org/info/rfc4732,200
rfc9132.xml,https://www.rfc-editor.org/info/rfc4787,200
rfc9132.xml,https://www.rfc-editor.org/info/rfc4960,200
rfc9132.xml,https://www.rfc-editor.org/info/rfc4987,200
rfc9132.xml,https://www.rfc-editor.org/info/rfc5925,200
rfc9132.xml,https://www.rfc-editor.org/info/rfc6052,200
rfc9132.xml,https://www.rfc-editor.org/info/rfc6146,200
rfc9132.xml,https://www.rfc-editor.org/info/rfc6234,200
rfc9132.xml,https://www.rfc-editor.org/info/rfc6296,200
rfc9132.xml,https://www.rfc-editor.org/info/rfc6724,200
rfc9132.xml,https://www.rfc-editor.org/info/rfc6838,200
rfc9132.xml,https://www.rfc-editor.org/info/rfc6887,200
rfc9132.xml,https://www.rfc-editor.org/info/rfc6888,200
rfc9132.xml,https://www.rfc-editor.org/info/rfc7030,200
rfc9132.xml,https://www.rfc-editor.org/info/rfc7413,200
rfc9132.xml,https://www.rfc-editor.org/info/rfc7452,200
rfc9132.xml,https://www.rfc-editor.org/info/rfc7589,200
rfc9132.xml,https://www.rfc-editor.org/info/rfc7858,200
rfc9132.xml,https://www.rfc-editor.org/info/rfc7951,200
rfc9132.xml,https://www.rfc-editor.org/info/rfc8340,200
rfc9132.xml,https://www.rfc-editor.org/info/rfc8484,200
rfc9132.xml,https://www.rfc-editor.org/info/rfc8489,200
rfc9132.xml,https://www.rfc-editor.org/info/rfc8499,200
rfc9132.xml,https://www.rfc-editor.org/info/rfc8612,200
rfc9132.xml,https://www.rfc-editor.org/info/rfc8782,200
rfc9132.xml,https://www.rfc-editor.org/info/rfc8811,200
rfc9132.xml,https://www.rfc-editor.org/info/rfc8903,200
rfc9132.xml,https://www.rfc-editor.org/info/rfc8973,200
rfc9132.xml,https://datatracker.ietf.org/doc/html/draft-ietf-tls-dtls13-43,200
rfc9132.xml,https://www.ietf.org/archive/id/draft-ietf-tls-dtls13-43.txt,200
rfc9132.xml,https://www.iana.org/assignments/well-known-uris,200
rfc8704.xml,https://datatracker.ietf.org/doc/draft-ietf-opsec-urpf-improvements-04,200
rfc8704.xml,https://dx.doi.org/10.17487/rfc8704,200
rfc8704.xml,https://www.rfc-editor.org/info/rfc8704,200
rfc8704.xml,https://trustee.ietf.org/license-info,200
rfc8704.xml,https://www.rfc-editor.org/info/rfc2119,200
rfc8704.xml,https://www.rfc-editor.org/info/rfc2827,200
rfc8704.xml,https://www.rfc-editor.org/info/rfc3704,200
rfc8704.xml,https://www.rfc-editor.org/info/rfc4271,200
rfc8704.xml,https://www.rfc-editor.org/info/rfc8174,200
rfc8704.xml,https://spoofer.caida.org/as.php?asn=174,200
rfc8704.xml,https://www.cisco.com/c/en/us/support/docs/routers/asr-9000-series-aggregation-services-routers/116999-problem-line-card-00.html,200
rfc8704.xml,https://www.cisco.com/c/en/us/td/docs/switches/datacenter/sw/5_x/nx-os/unicast/configuration/guide/l3_cli_nxos/l3_NewChange.html,200
rfc8704.xml,https://www.3gpp.org/technologies/keywords-acronyms/100-the-evolved-packet-core,200
rfc8704.xml,https://www.internetsociety.org/resources/doc/2015/addressing-the-challenge-of-ip-spoofing/,Connection error: HTTP Error 403: Forbidden
rfc8704.xml,https://www.juniper.net/documentation/en_US/junos/topics/topic-map/l3-vpns-routes-vrf-tables.html#id-understanding-virtual-routing-and-forwarding-tables,200
rfc8704.xml,https://dl.acm.org/doi/10.1145/2504730.2504735,Connection error: HTTP Error 403: Forbidden
rfc8704.xml,https://www.rfc-editor.org/info/rfc4036,200
rfc8704.xml,https://www.rfc-editor.org/info/rfc4364,200
rfc8704.xml,https://www.rfc-editor.org/info/rfc6482,200
rfc8704.xml,https://www.rfc-editor.org/info/rfc6811,200
rfc8704.xml,https://www.rfc-editor.org/info/rfc7454,200
rfc8704.xml,https://www.iana.org/assignments/iana-ipv4-special-registry/,200
rfc8704.xml,https://www.iana.org/assignments/iana-ipv6-special-registry/,200
rfc8704.xml,http://www.ietf.org/proceedings/83/slides/slides-83-sidr-7.pdf,200
rfc8704.xml,https://datatracker.ietf.org/meeting/101/materials/slides-101-opsec-draft-sriram-opsec-urpf-improvements-00,200
rfc9328.xml,https://datatracker.ietf.org/doc/draft-ietf-avtcore-rtp-vvc-18,200
rfc9328.xml,https://dx.doi.org/10.17487/rfc9328,200
rfc9328.xml,https://www.rfc-editor.org/info/rfc9328,200
rfc9328.xml,https://trustee.ietf.org/license-info,200
rfc9328.xml,https://www.iso.org/standard/73022.html,200
rfc9328.xml,https://www.rfc-editor.org/info/rfc2119,200
rfc9328.xml,https://www.rfc-editor.org/info/rfc2119,200
rfc9328.xml,https://www.rfc-editor.org/info/rfc3264,200
rfc9328.xml,https://www.rfc-editor.org/info/rfc3264,200
rfc9328.xml,https://www.rfc-editor.org/info/rfc3550,200
rfc9328.xml,https://www.rfc-editor.org/info/rfc3550,200
rfc9328.xml,https://www.rfc-editor.org/info/rfc3551,200
rfc9328.xml,https://www.rfc-editor.org/info/rfc3551,200
rfc9328.xml,https://www.rfc-editor.org/info/rfc3711,200
rfc9328.xml,https://www.rfc-editor.org/info/rfc3711,200
rfc9328.xml,https://www.rfc-editor.org/info/rfc4585,200
rfc9328.xml,https://www.rfc-editor.org/info/rfc4585,200
rfc9328.xml,https://www.rfc-editor.org/info/rfc4648,200
rfc9328.xml,https://www.rfc-editor.org/info/rfc4648,200
rfc9328.xml,https://www.rfc-editor.org/info/rfc5104,200
rfc9328.xml,https://www.rfc-editor.org/info/rfc5104,200
rfc9328.xml,https://www.rfc-editor.org/info/rfc5124,200
rfc9328.xml,https://www.rfc-editor.org/info/rfc5124,200
rfc9328.xml,https://www.rfc-editor.org/info/rfc5576,200
rfc9328.xml,https://www.rfc-editor.org/info/rfc5576,200
rfc9328.xml,https://www.rfc-editor.org/info/rfc8082,200
rfc9328.xml,https://www.rfc-editor.org/info/rfc8082,200
rfc9328.xml,https://www.rfc-editor.org/info/rfc8174,200
rfc9328.xml,https://www.rfc-editor.org/info/rfc8174,200
rfc9328.xml,https://www.rfc-editor.org/info/rfc8866,200
rfc9328.xml,https://www.rfc-editor.org/info/rfc8866,200
rfc9328.xml,https://www.itu.int/rec/T-REC-H.274,200
rfc9328.xml,http://www.itu.int/rec/T-REC-H.266,200
rfc9328.xml,https://doi.org/10.1109/TCSVT.2012.2223055,Connection error: HTTP Error 418: Unknown Code
rfc9328.xml,https://www.itu.int/rec/T-REC-H.265,200
rfc9328.xml,https://www.rfc-editor.org/info/rfc2974,200
rfc9328.xml,https://www.rfc-editor.org/info/rfc2974,200
rfc9328.xml,https://www.rfc-editor.org/info/rfc6184,200
rfc9328.xml,https://www.rfc-editor.org/info/rfc6184,200
rfc9328.xml,https://www.rfc-editor.org/info/rfc6190,200
rfc9328.xml,https://www.rfc-editor.org/info/rfc6190,200
rfc9328.xml,https://www.rfc-editor.org/info/rfc7201,200
rfc9328.xml,https://www.rfc-editor.org/info/rfc7201,200
rfc9328.xml,https://www.rfc-editor.org/info/rfc7202,200
rfc9328.xml,https://www.rfc-editor.org/info/rfc7202,200
rfc9328.xml,https://www.rfc-editor.org/info/rfc7656,200
rfc9328.xml,https://www.rfc-editor.org/info/rfc7656,200
rfc9328.xml,https://www.rfc-editor.org/info/rfc7667,200
rfc9328.xml,https://www.rfc-editor.org/info/rfc7667,200
rfc9328.xml,https://www.rfc-editor.org/info/rfc7798,200
rfc9328.xml,https://www.rfc-editor.org/info/rfc7798,200
rfc9328.xml,https://www.rfc-editor.org/info/rfc7826,200
rfc9328.xml,https://www.rfc-editor.org/info/rfc7826,200
rfc8915.xml,https://datatracker.ietf.org/doc/draft-ietf-ntp-using-nts-for-ntp-28,200
rfc8915.xml,https://dx.doi.org/10.17487/rfc8915,200
rfc8915.xml,https://www.rfc-editor.org/info/rfc8915,200
rfc8915.xml,https://trustee.ietf.org/license-info,200
rfc8915.xml,https://www.iana.org/assignments/aead-parameters/,200
rfc8915.xml,https://www.rfc-editor.org/info/rfc20,200
rfc8915.xml,https://www.rfc-editor.org/info/rfc2119,200
rfc8915.xml,https://www.rfc-editor.org/info/rfc4291,200
rfc8915.xml,https://www.rfc-editor.org/info/rfc5116,200
rfc8915.xml,https://www.rfc-editor.org/info/rfc5280,200
rfc8915.xml,https://www.rfc-editor.org/info/rfc5297,200
rfc8915.xml,https://www.rfc-editor.org/info/rfc5705,200
rfc8915.xml,https://www.rfc-editor.org/info/rfc5869,200
rfc8915.xml,https://www.rfc-editor.org/info/rfc5890,200
rfc8915.xml,https://www.rfc-editor.org/info/rfc5905,200
rfc8915.xml,https://www.rfc-editor.org/info/rfc6125,200
rfc8915.xml,https://www.rfc-editor.org/info/rfc6335,200
rfc8915.xml,https://www.rfc-editor.org/info/rfc6874,200
rfc8915.xml,https://www.rfc-editor.org/info/rfc7301,200
rfc8915.xml,https://www.rfc-editor.org/info/rfc7525,200
rfc8915.xml,https://www.rfc-editor.org/info/rfc7822,200
rfc8915.xml,https://www.rfc-editor.org/info/rfc8174,200
rfc8915.xml,https://www.rfc-editor.org/info/rfc8446,200
rfc8915.xml,https://doi.org/10.1109/ISPCS.2012.6336612,Connection error: HTTP Error 418: Unknown Code
rfc8915.xml,https://tools.ietf.org/html/draft-ietf-ntp-data-minimization-04,200
rfc8915.xml,https://www.ietf.org/internet-drafts/draft-ietf-ntp-data-minimization-04.txt,Connection error: HTTP Error 404: Not Found
rfc8915.xml,https://www.rfc-editor.org/info/rfc4086,200
rfc8915.xml,https://www.rfc-editor.org/info/rfc5077,200
rfc8915.xml,https://www.rfc-editor.org/info/rfc7384,200
rfc8915.xml,https://www.rfc-editor.org/info/rfc8573,200
rfc8915.xml,https://doi.org/10.1109/ISPCS.2013.6644754,Connection error: HTTP Error 418: Unknown Code
rfc9345.xml,https://datatracker.ietf.org/doc/draft-ietf-tls-subcerts-15,200
rfc9345.xml,https://dx.doi.org/10.17487/rfc9345,200
rfc9345.xml,https://www.rfc-editor.org/info/rfc9345,200
rfc9345.xml,https://trustee.ietf.org/license-info,200
rfc9345.xml,https://www.rfc-editor.org/info/rfc2119,200
rfc9345.xml,https://www.rfc-editor.org/info/rfc5280,200
rfc9345.xml,https://www.rfc-editor.org/info/rfc8174,200
rfc9345.xml,https://www.rfc-editor.org/info/rfc8446,200
rfc9345.xml,https://www.rfc-editor.org/info/rfc9147,200
rfc9345.xml,https://www.itu.int/rec/T-REC-X.680,200
rfc9345.xml,https://www.itu.int/rec/T-REC-X.690,200
rfc9345.xml,https://link.springer.com/chapter/10.1007/BFb0055716,200
rfc9345.xml,https://ieeexplore.ieee.org/document/7345293,Connection error: HTTP Error 418: Unknown Code
rfc9345.xml,https://www.rfc-editor.org/info/rfc3820,200
rfc9345.xml,https://www.rfc-editor.org/info/rfc5246,200
rfc9345.xml,https://www.rfc-editor.org/info/rfc5912,200
rfc9345.xml,https://www.rfc-editor.org/info/rfc8032,200
rfc9345.xml,https://www.rfc-editor.org/info/rfc8555,200
rfc9345.xml,https://www.usenix.org/conference/usenixsecurity18/presentation/bock,200
rfc9345.xml,https://dl.acm.org/doi/10.1145/2810103.2813657,Connection error: HTTP Error 403: Forbidden
rfc8953.xml,https://datatracker.ietf.org/doc/draft-moriarty-caris2-04,200
rfc8953.xml,https://dx.doi.org/10.17487/rfc8953,200
rfc8953.xml,https://www.rfc-editor.org/info/rfc8953,200
rfc8953.xml,https://trustee.ietf.org/license-info,200
rfc8953.xml,https://www.internetsociety.org/events/caris2,Connection error: HTTP Error 403: Forbidden
rfc8953.xml,https://cybersecurityventures.com/jobs/,Connection error: HTTP Error 403: Forbidden
rfc8953.xml,https://datatracker.ietf.org/wg/i2nsf/about,200
rfc8953.xml,https://www.ieee802.org/11/,200
rfc8953.xml,https://www.misp-project.org/,200
rfc8953.xml,https://www.internetsociety.org/events/caris2,Connection error: HTTP Error 403: Forbidden
rfc8953.xml,https://arxiv.org/abs/1707.03900,200
rfc8953.xml,https://tools.ietf.org/html/draft-ietf-quic-transport-33,200
rfc8953.xml,https://www.ietf.org/internet-drafts/draft-ietf-quic-transport-33.txt,Connection error: HTTP Error 404: Not Found
rfc8953.xml,https://www.rfc-editor.org/info/rfc4949,200
rfc8953.xml,https://www.rfc-editor.org/info/rfc7970,200
rfc8953.xml,https://www.rfc-editor.org/info/rfc8073,200
rfc8953.xml,https://www.rfc-editor.org/info/rfc8446,200
rfc8953.xml,https://www.rfc-editor.org/info/rfc8520,200
rfc8953.xml,https://www.rfc-editor.org/info/rfc8548,200
rfc8953.xml,https://datatracker.ietf.org/group/smart/about/,200
rfc9477.xml,https://datatracker.ietf.org/doc/draft-benecke-cfbl-address-header-13,200
rfc9477.xml,https://dx.doi.org/10.17487/rfc9477,200
rfc9477.xml,https://www.rfc-editor.org/info/rfc9477,200
rfc9477.xml,https://trustee.ietf.org/license-info,200
rfc9477.xml,https://github.com/jpbede/rfc-cfbl-address-header/,200
rfc9477.xml,https://www.rfc-editor.org/info/rfc5965,200
rfc9477.xml,https://www.rfc-editor.org/info/rfc6376,200
rfc9477.xml,https://www.rfc-editor.org/info/rfc2119,200
rfc9477.xml,https://www.rfc-editor.org/info/rfc5234,200
rfc9477.xml,https://www.rfc-editor.org/info/rfc5322,200
rfc9477.xml,https://www.rfc-editor.org/info/rfc6449,200
rfc9477.xml,https://www.rfc-editor.org/info/rfc6532,200
rfc9477.xml,https://www.rfc-editor.org/info/rfc7405,200
rfc9477.xml,https://www.rfc-editor.org/info/rfc8174,200
rfc9477.xml,https://github.com/abusix/xarf,200
rfc9477.xml,https://www.rfc-editor.org/info/rfc2104,200
rfc9477.xml,https://www.rfc-editor.org/info/rfc3864,200
rfc9477.xml,https://www.rfc-editor.org/info/rfc6590,200
rfc9477.xml,https://www.rfc-editor.org/info/rfc8058,200
rfc9273.xml,https://datatracker.ietf.org/doc/draft-irtf-nwcrg-nwc-ccn-reqs-09,200
rfc9273.xml,https://dx.doi.org/10.17487/rfc9273,200
rfc9273.xml,https://www.rfc-editor.org/info/rfc9273,200
rfc9273.xml,https://trustee.ietf.org/license-info,200
rfc9273.xml,https://doi.org/10.1145/1658939.1658941,Connection error: HTTP Error 403: Forbidden
rfc9273.xml,https://doi.org/10.1145/2656877.2656887,Connection error: HTTP Error 403: Forbidden
rfc9273.xml,https://doi.org/10.1109/INFOCOM.2006.233,Connection error: HTTP Error 418: Unknown Code
rfc9273.xml,https://doi.org/10.1109/ISIT.2002.1023595,Connection error: HTTP Error 418: Unknown Code
rfc9273.xml,https://doi.org/10.1109/JSAC.2010.100409,Connection error: HTTP Error 418: Unknown Code
rfc9273.xml,https://doi.org/10.48550/arXiv.0807.0610,200
rfc9273.xml,https://doi.org/10.1109/TNET.2003.818197,Connection error: HTTP Error 418: Unknown Code
rfc9273.xml,https://doi.org/10.1109/ISIT.2009.5206077,Connection error: HTTP Error 418: Unknown Code
rfc9273.xml,https://doi.org/10.1109/ISIT.2004.1365182,Connection error: HTTP Error 418: Unknown Code
rfc9273.xml,https://doi.org/10.1109/TIT.2006.881746,Connection error: HTTP Error 418: Unknown Code
rfc9273.xml,https://doi.org/10.1109/TIT.2010.2054295,Connection error: HTTP Error 418: Unknown Code
rfc9273.xml,https://doi.org/10.1109/INFCOM.2005.1498511,Connection error: HTTP Error 418: Unknown Code
rfc9273.xml,https://doi.org/10.1109/PACKET.2007.4397041,Connection error: HTTP Error 418: Unknown Code
rfc9273.xml,https://doi.org/10.1145/2248361.2248370,Connection error: HTTP Error 403: Forbidden
rfc9273.xml,https://www.rfc-editor.org/info/rfc8406,200
rfc9273.xml,https://www.rfc-editor.org/info/rfc8793,200
rfc9273.xml,https://www.rfc-editor.org/info/rfc8569,200
rfc9273.xml,https://www.rfc-editor.org/info/rfc8609,200
rfc9273.xml,https://www.rfc-editor.org/info/rfc7927,200
rfc9273.xml,https://doi.org/10.1109/JSAC.2016.2577321,Connection error: HTTP Error 418: Unknown Code
rfc9273.xml,https://doi.org/10.1109/INFOCOM.2016.7524382,Connection error: HTTP Error 418: Unknown Code
rfc9273.xml,https://doi.org/10.1109/IFIPNetworking.2014.6857127,Connection error: HTTP Error 418: Unknown Code
rfc9273.xml,https://doi.org/10.1016/j.comnet.2016.08.004,200
rfc9273.xml,https://doi.org/10.1109/ISM.2016.0054,Connection error: HTTP Error 418: Unknown Code
rfc9273.xml,https://doi.org/10.1145/2984356.2984361,Connection error: HTTP Error 403: Forbidden
rfc9273.xml,https://doi.org/10.1109/INFOCOM.2017.8057026,Connection error: HTTP Error 418: Unknown Code
rfc9273.xml,https://www.rfc-editor.org/info/rfc6363,200
rfc9273.xml,https://doi.org/10.1109/LCOMM.2012.092812.121661,Connection error: HTTP Error 418: Unknown Code
rfc9273.xml,https://doi.org/10.48550/arXiv.1404.6620,200
rfc9273.xml,https://datatracker.ietf.org/doc/html/draft-irtf-icnrg-flic-03,200
rfc9273.xml,https://www.ietf.org/archive/id/draft-irtf-icnrg-flic-03.txt,200
rfc9273.xml,https://doi.org/10.1109/MCOM.2016.7537173,Connection error: HTTP Error 418: Unknown Code
rfc9273.xml,https://doi.org/10.1145/2018584.2018596,Connection error: HTTP Error 403: Forbidden
rfc9273.xml,https://doi.org/10.1145/954339.954341,Connection error: HTTP Error 403: Forbidden
rfc9273.xml,https://doi.org/10.1016/j.comcom.2013.01.008,200
rfc9273.xml,https://doi.org/10.1145/2984356.2984365,Connection error: HTTP Error 403: Forbidden
rfc9273.xml,https://doi.org/10.1109/TMM.2011.2126564,Connection error: HTTP Error 418: Unknown Code
rfc9273.xml,https://www.rfc-editor.org/info/rfc9265,200
rfc9273.xml,https://www.rfc-editor.org/info/rfc7945,200
rfc9273.xml,https://doi.org/10.1109/TNSE.2018.2872049,Connection error: HTTP Error 418: Unknown Code
rfc9667.xml,https://datatracker.ietf.org/doc/draft-ietf-lsr-dynamic-flooding-18,200
rfc9667.xml,https://dx.doi.org/10.17487/rfc9667,200
rfc9667.xml,https://www.rfc-editor.org/info/rfc9667,200
rfc9667.xml,https://trustee.ietf.org/license-info,200
rfc9667.xml,https://www.iso.org/standard/30932.html,200
rfc9667.xml,https://www.rfc-editor.org/info/rfc2119,200
rfc9667.xml,https://www.rfc-editor.org/info/rfc2328,200
rfc9667.xml,https://www.rfc-editor.org/info/rfc4552,200
rfc9667.xml,https://www.rfc-editor.org/info/rfc5029,200
rfc9667.xml,https://www.rfc-editor.org/info/rfc5250,200
rfc9667.xml,https://www.rfc-editor.org/info/rfc5304,200
rfc9667.xml,https://www.rfc-editor.org/info/rfc5310,200
rfc9667.xml,https://www.rfc-editor.org/info/rfc5340,200
rfc9667.xml,https://www.rfc-editor.org/info/rfc5613,200
rfc9667.xml,https://www.rfc-editor.org/info/rfc7356,200
rfc9667.xml,https://www.rfc-editor.org/info/rfc7474,200
rfc9667.xml,https://www.rfc-editor.org/info/rfc7684,200
rfc9667.xml,https://www.rfc-editor.org/info/rfc7770,200
rfc9667.xml,https://www.rfc-editor.org/info/rfc7981,200
rfc9667.xml,https://www.rfc-editor.org/info/rfc8126,200
rfc9667.xml,https://www.rfc-editor.org/info/rfc8174,200
rfc9667.xml,https://www.rfc-editor.org/info/rfc8362,200
rfc9667.xml,https://www.zib.de/groetschel/teaching/WS1314/BondyMurtyGTWA.pdf,200
rfc9667.xml,https://doi.org/10.1002/j.1538-7305.1953.tb01433.x,Connection error: HTTP Error 418: Unknown Code
rfc9667.xml,https://doi.org/10.1109/TC.1985.6312192,Connection error: HTTP Error 418: Unknown Code
rfc9667.xml,https://www.rfc-editor.org/info/rfc2973,200
rfc9667.xml,https://www.rfc-editor.org/info/rfc3630,200
rfc9667.xml,https://www.rfc-editor.org/info/rfc4811,200
rfc9667.xml,https://www.rfc-editor.org/info/rfc7370,200
rfc9667.xml,https://www.rfc-editor.org/info/rfc7938,200
rfc9280.xml,https://datatracker.ietf.org/doc/draft-iab-rfcefdp-rfced-model-13,200
rfc9280.xml,https://dx.doi.org/10.17487/rfc9280,200
rfc9280.xml,https://www.rfc-editor.org/info/rfc9280,200
rfc9280.xml,https://trustee.ietf.org/license-info,200
rfc9280.xml,https://www.ietf.org/about/groups/iesg/statements/interim-meetings-guidance-2016-01-16/,200
rfc9280.xml,https://www.ietf.org/about/groups/iesg/statements/anti-harassment-policy/,200
rfc9280.xml,https://www.ietf.org/ipr/,200
rfc9280.xml,https://www.rfc-editor.org/info/bcp9,200
rfc9280.xml,https://www.rfc-editor.org/info/rfc2026,200
rfc9280.xml,https://www.rfc-editor.org/info/rfc5657,200
rfc9280.xml,https://www.rfc-editor.org/info/rfc6410,200
rfc9280.xml,https://www.rfc-editor.org/info/rfc7100,200
rfc9280.xml,https://www.rfc-editor.org/info/rfc7127,200
rfc9280.xml,https://www.rfc-editor.org/info/rfc7475,200
rfc9280.xml,https://www.rfc-editor.org/info/rfc8789,200
rfc9280.xml,https://www.rfc-editor.org/info/bcp78,200
rfc9280.xml,https://www.rfc-editor.org/info/rfc5378,200
rfc9280.xml,https://www.rfc-editor.org/info/bcp79,200
rfc9280.xml,https://www.rfc-editor.org/info/rfc8179,200
rfc9280.xml,https://www.rfc-editor.org/info/rfc2418,200
rfc9280.xml,https://www.rfc-editor.org/info/rfc7154,200
rfc9280.xml,https://www.rfc-editor.org/info/rfc7322,200
rfc9280.xml,https://www.rfc-editor.org/info/rfc7776,200
rfc9280.xml,https://www.rfc-editor.org/info/rfc7841,200
rfc9280.xml,https://www.rfc-editor.org/info/rfc8716,200
rfc9280.xml,https://www.rfc-editor.org/info/rfc8729,200
rfc9280.xml,https://www.rfc-editor.org/info/rfc8730,200
rfc9280.xml,https://www.rfc-editor.org/info/rfc2850,200
rfc9280.xml,https://www.rfc-editor.org/info/rfc5620,200
rfc9280.xml,https://www.rfc-editor.org/info/rfc6635,200
rfc9280.xml,https://www.rfc-editor.org/info/rfc7991,200
rfc9280.xml,https://www.rfc-editor.org/info/rfc8700,200
rfc9280.xml,https://www.rfc-editor.org/info/rfc8711,200
rfc9280.xml,https://www.rfc-editor.org/info/rfc8728,200
rfc9280.xml,https://www.rfc-editor.org/info/rfc8874,200
rfc9280.xml,https://www.rfc-editor.org/info/rfc9283,200
rfc9280.xml,https://www.rfc-editor.org/styleguide/,200
rfc8812.xml,https://datatracker.ietf.org/doc/draft-ietf-cose-webauthn-algorithms-08,200
rfc8812.xml,https://dx.doi.org/10.17487/rfc8812,200
rfc8812.xml,https://www.rfc-editor.org/info/rfc8812,200
rfc8812.xml,https://trustee.ietf.org/license-info,200
rfc8812.xml,https://doi.org/10.6028/NIST.FIPS.186-4,200
rfc8812.xml,https://www.rfc-editor.org/info/rfc2119,200
rfc8812.xml,https://www.rfc-editor.org/info/rfc6194,200
rfc8812.xml,https://www.rfc-editor.org/info/rfc7515,200
rfc8812.xml,https://www.rfc-editor.org/info/rfc7517,200
rfc8812.xml,https://www.rfc-editor.org/info/rfc7518,200
rfc8812.xml,https://www.rfc-editor.org/info/rfc8017,200
rfc8812.xml,https://www.rfc-editor.org/info/rfc8152,200
rfc8812.xml,https://www.rfc-editor.org/info/rfc8174,200
rfc8812.xml,https://www.rfc-editor.org/info/rfc8230,200
rfc8812.xml,https://www.secg.org/sec1-v2.pdf,200
rfc8812.xml,https://www.secg.org/sec2-v2.pdf,200
rfc8812.xml,https://fidoalliance.org/specs/fido-v2.0-ps-20190130/fido-client-to-authenticator-protocol-v2.0-ps-20190130.html,Connection error: HTTP Error 403: Forbidden
rfc8812.xml,https://ieeexplore.ieee.org/document/8406609,Connection error: HTTP Error 418: Unknown Code
rfc8812.xml,https://www.iana.org/assignments/cose,200
rfc8812.xml,https://www.iana.org/assignments/cose,200
rfc8812.xml,https://www.iana.org/assignments/jose,200
rfc8812.xml,https://www.iana.org/assignments/jose,200
rfc8812.xml,https://research.kudelskisecurity.com/2017/10/04/defeating-eddsa-with-faults/,200
rfc8812.xml,https://www.rfc-editor.org/info/rfc6979,200
rfc8812.xml,https://www.w3.org/TR/2019/REC-webauthn-1-20190304/,200
rfc9373.xml,https://datatracker.ietf.org/doc/draft-moskowitz-ipsecme-ipseckey-eddsa-09,200
rfc9373.xml,https://dx.doi.org/10.17487/rfc9373,200
rfc9373.xml,https://www.rfc-editor.org/info/rfc9373,200
rfc9373.xml,https://trustee.ietf.org/license-info,200
rfc9373.xml,https://www.iana.org/assignments/ipseckey-rr-parameters,200
rfc9373.xml,https://www.rfc-editor.org/info/rfc8080,200
rfc9373.xml,https://www.rfc-editor.org/info/rfc2536,200
rfc9373.xml,https://www.rfc-editor.org/info/rfc3110,200
rfc9373.xml,https://www.rfc-editor.org/info/rfc4025,200
rfc9373.xml,https://www.rfc-editor.org/info/rfc6605,200
rfc9373.xml,https://www.rfc-editor.org/info/rfc8005,200
rfc9575.xml,https://datatracker.ietf.org/doc/draft-ietf-drip-auth-49,200
rfc9575.xml,https://dx.doi.org/10.17487/rfc9575,200
rfc9575.xml,https://www.rfc-editor.org/info/rfc9575,200
rfc9575.xml,https://trustee.ietf.org/license-info,200
rfc9575.xml,https://www.iana.org/assignments/drip,200
rfc9575.xml,https://www.astm.org/f3411-22a.html,200
rfc9575.xml,https://nvlpubs.nist.gov/nistpubs/SpecialPublications/NIST.SP.800-185.pdf,200
rfc9575.xml,https://www.rfc-editor.org/info/rfc2119,200
rfc9575.xml,https://www.rfc-editor.org/info/rfc8174,200
rfc9575.xml,https://www.rfc-editor.org/info/rfc9153,200
rfc9575.xml,https://www.rfc-editor.org/info/rfc9374,200
rfc9575.xml,https://www.rfc-editor.org/info/rfc9434,200
rfc9575.xml,https://www.icao.int/airnavigation/IATF/Pages/ASTM-Remote-ID.aspx,200
rfc9575.xml,https://datatracker.ietf.org/doc/html/draft-ietf-drip-registries-16,200
rfc9575.xml,https://www.govinfo.gov/content/pkg/FR-2021-01-15/pdf/2020-28948.pdf,200
rfc9575.xml,https://www.rfc-editor.org/info/rfc8126,200
rfc9575.xml,https://www.rfc-editor.org/info/rfc9364,200
rfc9556.xml,https://datatracker.ietf.org/doc/draft-irtf-t2trg-iot-edge-10,200
rfc9556.xml,https://dx.doi.org/10.17487/rfc9556,200
rfc9556.xml,https://www.rfc-editor.org/info/rfc9556,200
rfc9556.xml,https://trustee.ietf.org/license-info,200
rfc9556.xml,https://github.com/InterDigitalInc/AdvantEDGE,200
rfc9556.xml,https://doi.org/10.1109/IOTM.2019.1800024,Connection error: HTTP Error 418: Unknown Code
rfc9556.xml,https://doi.org/10.1109/fmec.2018.8364054,Connection error: HTTP Error 418: Unknown Code
rfc9556.xml,http://www.itrco.jp/libraries/RFIDjournal-That%20Internet%20of%20Things%20Thing.pdf,200
rfc9556.xml,https://medium.com/@bakarykumba1996/the-future-of-autonomous-driving-systems-with-edge-computing-8c919597c4ee,Connection error: HTTP Error 403: Forbidden
rfc9556.xml,https://doi.org/10.1109/jiot.2017.2666783,Connection error: HTTP Error 418: Unknown Code
rfc9556.xml,https://www.bigrentz.com/blog/construction-safety-statistics,Connection error: HTTP Error 403: Forbidden
rfc9556.xml,https://doi.org/10.1016/j.future.2015.09.021,200
rfc9556.xml,https://doi.org/10.3390/app12189124,200
rfc9556.xml,https://doi.org/10.1145/3434770.3459741,Connection error: HTTP Error 403: Forbidden
rfc9556.xml,https://certmagic.medium.com/digital-twin-technology-simulating-real-world-scenarios-for-enhanced-decision-making-8844c51e856d,Connection error: HTTP Error 403: Forbidden
rfc9556.xml,https://doi.org/10.1109/mcom.2018.1701231,Connection error: HTTP Error 418: Unknown Code
rfc9556.xml,https://doi.org/10.1109/jiot.2016.2584538,Connection error: HTTP Error 418: Unknown Code
rfc9556.xml,https://doi.org/10.1145/3405656.3420231,Connection error: HTTP Error 403: Forbidden
rfc9556.xml,https://doi.org/10.1109/mprv.2009.82,Connection error: HTTP Error 418: Unknown Code
rfc9556.xml,https://datatracker.ietf.org/doc/html/draft-sarathchandra-coin-appcentres-04,200
rfc9556.xml,https://datatracker.ietf.org/doc/html/draft-ietf-core-groupcomm-bis-10,200
rfc9556.xml,https://doi.org/10.1109/sec.2016.27,Connection error: HTTP Error 418: Unknown Code
rfc9556.xml,https://datatracker.ietf.org/doc/html/draft-defoy-t2trg-iot-edge-computing-background-00,200
rfc9556.xml,https://datatracker.ietf.org/doc/html/draft-mcbride-edge-data-discovery-overview-05,200
rfc9556.xml,https://doi.org/10.1016/j.energy.2014.10.025,200
rfc9556.xml,https://www.etsi.org/deliver/etsi_gs/MEC/001_099/001/02.01.01_60/gs_MEC001v020101p.pdf,200
rfc9556.xml,https://www.etsi.org/deliver/etsi_gs/MEC/001_099/003/02.01.01_60/gs_MEC003v020101p.pdf,200
rfc9556.xml,https://www.etsi.org/deliver/etsi_gs/MEC/001_099/033/03.01.01_60/gs_MEC033v030101p.pdf,200
rfc9556.xml,https://portal.etsi.org/webapp/WorkProgram/Report_WorkItem.asp?WKI_ID=57671,200
rfc9556.xml,https://doi.org/10.1109/icc.2017.7996722,Connection error: HTTP Error 418: Unknown Code
rfc9556.xml,https://doi.org/10.18420/inf2019_19,200
rfc9556.xml,https://doi.org/10.1145/3098208.3098210,Connection error: HTTP Error 403: Forbidden
rfc9556.xml,https://doi.org/10.1145/3229556.3229558,Connection error: HTTP Error 403: Forbidden
rfc9556.xml,https://grouper.ieee.org/groups/802/1/files/public/docs2018/60802-industrial-use-cases-0918-v13.pdf,200
rfc9556.xml,https://www.iso.org/standard/53284.html,200
rfc9556.xml,https://doi.org/10.1145/3434770.3459730,Connection error: HTTP Error 403: Forbidden
rfc9556.xml,https://doi.org/10.1109/fwc.2017.8368528,Connection error: HTTP Error 418: Unknown Code
rfc9556.xml,https://doi.org/10.1016/j.cirpj.2020.02.002,200
rfc9556.xml,https://campustechnology.com/articles/2015/04/15/internet-of-things-data-to-top-1-6-zettabytes-by-2020.aspx,Connection error: HTTP Error 403: Forbidden
rfc9556.xml,https://doi.org/10.1109/jiot.2020.2987070,Connection error: HTTP Error 418: Unknown Code
rfc9556.xml,https://doi.org/10.1145/3517212.3558083,Connection error: HTTP Error 403: Forbidden
rfc9556.xml,https://doi.org/10.1145/3378679.3394537,Connection error: HTTP Error 403: Forbidden
rfc9556.xml,https://www.lfedge.org/projects/eve,200
rfc9556.xml,https://doi.org/10.1109/icdcs.2017.54,Connection error: HTTP Error 418: Unknown Code
rfc9556.xml,https://doi.org/10.1109/jiot.2017.2683200,Connection error: HTTP Error 418: Unknown Code
rfc9556.xml,https://doi.org/10.1109/twc.2017.2737015,Connection error: HTTP Error 418: Unknown Code
rfc9556.xml,https://doi.org/10.3390/systems7010007,200
rfc9556.xml,https://doi.org/10.1109/mc.2017.9,Connection error: HTTP Error 418: Unknown Code
rfc9556.xml,https://doi.org/10.1155/2021/5524025,Connection error: HTTP Error 403: Forbidden
rfc9556.xml,https://www.usenix.org/conference/hotedge18/presentation/mortazavi,200
rfc9556.xml,https://docs.oasis-open.org/mqtt/mqtt/v5.0/mqtt-v5.0.html,200
rfc9556.xml,https://doi.org/10.1145/3469029,Connection error: HTTP Error 403: Forbidden
rfc9556.xml,https://datatracker.ietf.org/doc/html/draft-irtf-nmrg-network-digital-twin-arch-05,200
rfc9556.xml,https://doi.org/10.1145/3434770.3459731,Connection error: HTTP Error 403: Forbidden
rfc9556.xml,https://doi.org/10.6028/nist.sp.800-145,200
rfc9556.xml,https://devblogs.nvidia.com/training-self-driving-vehicles-challenge-scale/,200
rfc9556.xml,https://doi.org/10.1016/j.aiia.2019.12.001,200
rfc9556.xml,https://member.onem2m.org/Application/documentapp/downloadLatestRevision/default.aspx?docID=28153,200
rfc9556.xml,https://member.onem2m.org/Application/documentapp/downloadLatestRevision/default.aspx?docID=29334,200
rfc9556.xml,https://member.onem2m.org/Application/documentapp/downloadLatestRevision/default.aspx?docID=31410,200
rfc9556.xml,https://member.onem2m.org/Application/documentapp/downloadLatestRevision/default.aspx?docID=32633,200
rfc9556.xml,https://member.onem2m.org/Application/documentapp/downloadLatestRevision/default.aspx?docID=29274,200
rfc9556.xml,https://iiconsortium.org/pdf/OpenFog_Reference_Architecture_2_09_17.pdf,Connection error: HTTP Error 403: Forbidden
rfc9556.xml,https://doi.org/10.1109/mcom.2017.1700328,Connection error: HTTP Error 418: Unknown Code
rfc9556.xml,https://doi.org/10.1109/icfec.2017.18,Connection error: HTTP Error 418: Unknown Code
rfc9556.xml,https://datatracker.ietf.org/doc/html/draft-hsingh-coinrg-reqs-p4comp-03,200
rfc9556.xml,https://datatracker.ietf.org/doc/html/draft-irtf-t2trg-rest-iot-13,200
rfc9556.xml,https://www.rfc-editor.org/info/rfc6291,200
rfc9556.xml,https://www.rfc-editor.org/info/rfc7252,200
rfc9556.xml,https://www.rfc-editor.org/info/rfc7390,200
rfc9556.xml,https://www.rfc-editor.org/info/rfc8578,200
rfc9556.xml,https://doi.org/10.1109/icdcsw.2016.22,Connection error: HTTP Error 418: Unknown Code
rfc9556.xml,https://doi.org/10.1145/3434770.3459737,Connection error: HTTP Error 403: Forbidden
rfc9556.xml,https://datatracker.ietf.org/doc/html/draft-bernardos-sfc-fog-ran-10,200
rfc9556.xml,https://doi.org/10.1109/jiot.2016.2579198,Connection error: HTTP Error 418: Unknown Code
rfc9556.xml,https://doi.org/10.3390/fi11030055,200
rfc9556.xml,https://doi.org/10.1145/3434770.3459735,Connection error: HTTP Error 403: Forbidden
rfc9556.xml,https://doi.org/10.1109/AIC55036.2022.9848948,Connection error: HTTP Error 418: Unknown Code
rfc9556.xml,https://doi.org/10.1109/icc.2014.6883918,Connection error: HTTP Error 418: Unknown Code
rfc9556.xml,https://doi.org/10.1109/lanman.2016.7548853,Connection error: HTTP Error 418: Unknown Code
rfc9556.xml,https://doi.org/10.1109/tit.2018.2871079,Connection error: HTTP Error 418: Unknown Code
rfc9556.xml,https://doi.org/10.1016/j.sysarc.2019.02.009,200
rfc9556.xml,https://doi.org/10.3389/fenrg.2022.900298,200
rfc9556.xml,https://doi.org/10.1109/hotweb.2016.12,Connection error: HTTP Error 418: Unknown Code
rfc9556.xml,https://doi.org/10.1109/access.2018.2820162,Connection error: HTTP Error 418: Unknown Code
rfc8989.xml,https://datatracker.ietf.org/doc/draft-carpenter-eligibility-expand-10,200
rfc8989.xml,https://dx.doi.org/10.17487/rfc8989,200
rfc8989.xml,https://www.rfc-editor.org/info/rfc8989,200
rfc8989.xml,https://trustee.ietf.org/license-info,200
rfc8989.xml,https://www.rfc-editor.org/info/rfc3933,200
rfc8989.xml,https://www.rfc-editor.org/info/rfc8713,200
rfc8989.xml,https://www.rfc-editor.org/info/rfc8788,200
rfc9116.xml,https://datatracker.ietf.org/doc/draft-foudil-securitytxt-12,200
rfc9116.xml,https://dx.doi.org/10.17487/rfc9116,200
rfc9116.xml,https://www.rfc-editor.org/info/rfc9116,200
rfc9116.xml,https://trustee.ietf.org/license-info,200
rfc9116.xml,https://www.rfc-editor.org/info/rfc2046,200
rfc9116.xml,https://www.rfc-editor.org/info/rfc2119,200
rfc9116.xml,https://www.rfc-editor.org/info/rfc2142,200
rfc9116.xml,https://www.rfc-editor.org/info/rfc2277,200
rfc9116.xml,https://www.rfc-editor.org/info/rfc3339,200
rfc9116.xml,https://www.rfc-editor.org/info/rfc3629,200
rfc9116.xml,https://www.rfc-editor.org/info/rfc3966,200
rfc9116.xml,https://www.rfc-editor.org/info/rfc3986,200
rfc9116.xml,https://www.rfc-editor.org/info/rfc4880,200
rfc9116.xml,https://www.rfc-editor.org/info/rfc5198,200
rfc9116.xml,https://www.rfc-editor.org/info/rfc5234,200
rfc9116.xml,https://www.rfc-editor.org/info/rfc5322,200
rfc9116.xml,https://www.rfc-editor.org/info/rfc5646,200
rfc9116.xml,https://www.rfc-editor.org/info/rfc6068,200
rfc9116.xml,https://www.rfc-editor.org/info/rfc6125,200
rfc9116.xml,https://www.rfc-editor.org/info/rfc6960,200
rfc9116.xml,https://www.rfc-editor.org/info/rfc7230,200
rfc9116.xml,https://www.rfc-editor.org/info/rfc7231,200
rfc9116.xml,https://www.rfc-editor.org/info/rfc7405,200
rfc9116.xml,https://www.rfc-editor.org/info/rfc8174,200
rfc9116.xml,https://www.rfc-editor.org/info/rfc8615,200
rfc9116.xml,https://www.rfc-editor.org/info/rfc793,200
rfc9116.xml,https://www.rfc-editor.org/info/rfc2196,200
rfc9116.xml,https://www.rfc-editor.org/info/rfc2350,200
rfc9116.xml,https://www.rfc-editor.org/info/rfc3013,200
rfc9116.xml,https://www.rfc-editor.org/info/rfc7485,200
rfc9116.xml,https://www.rfc-editor.org/info/rfc8126,200
rfc9606.xml,https://datatracker.ietf.org/doc/draft-ietf-add-resolver-info-13,200
rfc9606.xml,https://dx.doi.org/10.17487/rfc9606,200
rfc9606.xml,https://www.rfc-editor.org/info/rfc9606,200
rfc9606.xml,https://trustee.ietf.org/license-info,200
rfc9606.xml,https://www.iana.org/assignments/dns-parameters/,200
rfc9606.xml,https://www.rfc-editor.org/info/rfc1035,200
rfc9606.xml,https://www.rfc-editor.org/info/rfc2119,200
rfc9606.xml,https://www.rfc-editor.org/info/rfc6763,200
rfc9606.xml,https://www.rfc-editor.org/info/rfc8126,200
rfc9606.xml,https://www.rfc-editor.org/info/rfc8174,200
rfc9606.xml,https://www.rfc-editor.org/info/rfc8914,200
rfc9606.xml,https://www.rfc-editor.org/info/rfc9156,200
rfc9606.xml,https://www.rfc-editor.org/info/rfc9462,200
rfc9606.xml,https://www.rfc-editor.org/info/rfc9463,200
rfc9606.xml,https://www.iana.org/assignments/dns-parameters/,200
rfc9606.xml,https://datatracker.ietf.org/doc/html/draft-pp-add-resinfo-02,200
rfc9606.xml,https://www.rfc-editor.org/info/rfc7070,200
rfc9606.xml,https://www.rfc-editor.org/info/rfc7858,200
rfc9606.xml,https://www.rfc-editor.org/info/rfc8484,200
rfc9606.xml,https://www.rfc-editor.org/info/rfc9250,200
rfc9606.xml,https://www.rfc-editor.org/info/rfc9499,200
rfc9606.xml,https://www.iana.org/assignments/dns-parameters/,200
rfc8918.xml,https://datatracker.ietf.org/doc/draft-ietf-lsr-isis-invalid-tlv-03,200
rfc8918.xml,https://dx.doi.org/10.17487/rfc8918,200
rfc8918.xml,https://www.rfc-editor.org/info/rfc8918,200
rfc8918.xml,https://trustee.ietf.org/license-info,200
rfc8918.xml,https://www.rfc-editor.org/info/rfc2119,200
rfc8918.xml,https://www.rfc-editor.org/info/rfc3563,200
rfc8918.xml,https://www.rfc-editor.org/info/rfc5304,200
rfc8918.xml,https://www.rfc-editor.org/info/rfc5305,200
rfc8918.xml,https://www.rfc-editor.org/info/rfc5310,200
rfc8918.xml,https://www.rfc-editor.org/info/rfc6232,200
rfc8918.xml,https://www.rfc-editor.org/info/rfc6233,200
rfc8918.xml,https://www.rfc-editor.org/info/rfc8174,200
rfc8918.xml,https://www.iana.org/assignments/isis-tlv-codepoints/,200
rfc8918.xml,https://www.rfc-editor.org/info/rfc3359,200
rfc8918.xml,https://www.rfc-editor.org/info/rfc7356,200
rfc9164.xml,https://datatracker.ietf.org/doc/draft-ietf-cbor-network-addresses-13,200
rfc9164.xml,https://dx.doi.org/10.17487/rfc9164,200
rfc9164.xml,https://www.rfc-editor.org/info/rfc9164,200
rfc9164.xml,https://trustee.ietf.org/license-info,200
rfc9164.xml,https://www.rfc-editor.org/info/rfc2119,200
rfc9164.xml,https://www.rfc-editor.org/info/rfc8126,200
rfc9164.xml,https://www.rfc-editor.org/info/rfc8174,200
rfc9164.xml,https://www.rfc-editor.org/info/rfc8610,200
rfc9164.xml,https://www.rfc-editor.org/info/rfc8949,200
rfc9164.xml,https://www.iana.org/assignments/cbor-tags,200
rfc9164.xml,https://www.rfc-editor.org/info/rfc4001,200
rfc9164.xml,https://www.rfc-editor.org/info/rfc4007,200
rfc9164.xml,https://www.rfc-editor.org/info/rfc6991,200
rfc9164.xml,https://www.rfc-editor.org/info/rfc7042,200
rfc9534.xml,https://datatracker.ietf.org/doc/draft-ietf-ippm-stamp-on-lag-06,200
rfc9534.xml,https://dx.doi.org/10.17487/rfc9534,200
rfc9534.xml,https://www.rfc-editor.org/info/rfc9534,200
rfc9534.xml,https://trustee.ietf.org/license-info,200
rfc9534.xml,https://www.rfc-editor.org/info/rfc2119,200
rfc9534.xml,https://www.rfc-editor.org/info/rfc8174,200
rfc9534.xml,https://www.rfc-editor.org/info/rfc8762,200
rfc9534.xml,https://www.rfc-editor.org/info/rfc8972,200
rfc9534.xml,https://ieeexplore.ieee.org/document/9105034,Connection error: HTTP Error 418: Unknown Code
rfc9534.xml,https://www.rfc-editor.org/info/rfc4656,200
rfc9534.xml,https://www.rfc-editor.org/info/rfc5357,200
rfc9534.xml,https://www.rfc-editor.org/info/rfc7799,200
rfc9534.xml,https://www.rfc-editor.org/info/rfc8668,200
rfc9534.xml,https://datatracker.ietf.org/doc/html/draft-ietf-ippm-stamp-yang-12,200
rfc8795.xml,https://datatracker.ietf.org/doc/draft-ietf-teas-yang-te-topo-22,200
rfc8795.xml,https://dx.doi.org/10.17487/rfc8795,200
rfc8795.xml,https://www.rfc-editor.org/info/rfc8795,200
rfc8795.xml,https://trustee.ietf.org/license-info,200
rfc8795.xml,https://www.rfc-editor.org/info/rfc2119,200
rfc8795.xml,https://www.rfc-editor.org/info/rfc3688,200
rfc8795.xml,https://www.rfc-editor.org/info/rfc3945,200
rfc8795.xml,https://www.rfc-editor.org/info/rfc6020,200
rfc8795.xml,https://www.rfc-editor.org/info/rfc6241,200
rfc8795.xml,https://www.rfc-editor.org/info/rfc6242,200
rfc8795.xml,https://www.rfc-editor.org/info/rfc6991,200
rfc8795.xml,https://www.rfc-editor.org/info/rfc7926,200
rfc8795.xml,https://www.rfc-editor.org/info/rfc7950,200
rfc8795.xml,https://www.rfc-editor.org/info/rfc8040,200
rfc8795.xml,https://www.rfc-editor.org/info/rfc8174,200
rfc8795.xml,https://www.rfc-editor.org/info/rfc8341,200
rfc8795.xml,https://www.rfc-editor.org/info/rfc8342,200
rfc8795.xml,https://www.rfc-editor.org/info/rfc8345,200
rfc8795.xml,https://www.rfc-editor.org/info/rfc8446,200
rfc8795.xml,https://www.rfc-editor.org/info/rfc8776,200
rfc8795.xml,https://www.itu.int/rec/T-REC-G.709/,200
rfc8795.xml,https://www.itu.int/rec/T-REC-G.805/en,200
rfc8795.xml,https://www.itu.int/rec/T-REC-G.8080/en,200
rfc8795.xml,https://www.itu.int/rec/T-REC-G.872/en,200
rfc8795.xml,https://www.rfc-editor.org/info/rfc1195,200
rfc8795.xml,https://www.rfc-editor.org/info/rfc2702,200
rfc8795.xml,https://www.rfc-editor.org/info/rfc3209,200
rfc8795.xml,https://www.rfc-editor.org/info/rfc3272,200
rfc8795.xml,https://www.rfc-editor.org/info/rfc3471,200
rfc8795.xml,https://www.rfc-editor.org/info/rfc3630,200
rfc8795.xml,https://www.rfc-editor.org/info/rfc3785,200
rfc8795.xml,https://www.rfc-editor.org/info/rfc4201,200
rfc8795.xml,https://www.rfc-editor.org/info/rfc4202,200
rfc8795.xml,https://www.rfc-editor.org/info/rfc4203,200
rfc8795.xml,https://www.rfc-editor.org/info/rfc4206,200
rfc8795.xml,https://www.rfc-editor.org/info/rfc4872,200
rfc8795.xml,https://www.rfc-editor.org/info/rfc5152,200
rfc8795.xml,https://www.rfc-editor.org/info/rfc5212,200
rfc8795.xml,https://www.rfc-editor.org/info/rfc5305,200
rfc8795.xml,https://www.rfc-editor.org/info/rfc5316,200
rfc8795.xml,https://www.rfc-editor.org/info/rfc5392,200
rfc8795.xml,https://www.rfc-editor.org/info/rfc6001,200
rfc8795.xml,https://www.rfc-editor.org/info/rfc7308,200
rfc8795.xml,https://www.rfc-editor.org/info/rfc7471,200
rfc8795.xml,https://www.rfc-editor.org/info/rfc7579,200
rfc8795.xml,https://www.rfc-editor.org/info/rfc7752,200
rfc8795.xml,https://www.rfc-editor.org/info/rfc8340,200
rfc8795.xml,https://www.rfc-editor.org/info/rfc8639,200
rfc8795.xml,https://www.rfc-editor.org/info/rfc8641,200
rfc8795.xml,https://tools.ietf.org/html/draft-ietf-teas-te-topo-and-tunnel-modeling-06,200
rfc8795.xml,http://www.ietf.org/internet-drafts/draft-ietf-teas-te-topo-and-tunnel-modeling-06.txt,Connection error: HTTP Error 404: Not Found
rfc8795.xml,http://www.ietf.org/internet-drafts/draft-ietf-teas-te-topo-and-tunnel-modeling-06.pdf,Connection error: HTTP Error 404: Not Found
rfc8795.xml,https://tools.ietf.org/html/draft-liu-netmod-yang-schedule-05,200
rfc8795.xml,https://tools.ietf.org/html/draft-ietf-teas-yang-l3-te-topo-08,200
rfc8795.xml,https://tools.ietf.org/html/draft-ietf-ccamp-otn-topo-yang-10,200
rfc8795.xml,https://tools.ietf.org/html/draft-ietf-ccamp-wson-yang-25,200
rfc9638.xml,https://datatracker.ietf.org/doc/draft-ietf-nvo3-encap-12,200
rfc9638.xml,https://dx.doi.org/10.17487/rfc9638,200
rfc9638.xml,https://www.rfc-editor.org/info/rfc9638,200
rfc9638.xml,https://trustee.ietf.org/license-info,200
rfc9638.xml,https://www.ieee.org/,Connection error: HTTP Error 418: Unknown Code
rfc9638.xml,https://www.rfc-editor.org/info/rfc2119,200
rfc9638.xml,https://www.rfc-editor.org/info/rfc8174,200
rfc9638.xml,https://datatracker.ietf.org/doc/html/draft-ietf-intarea-gue-09,200
rfc9638.xml,https://datatracker.ietf.org/doc/html/draft-hy-nvo3-gue-4-nvo-04,200
rfc9638.xml,https://datatracker.ietf.org/doc/html/draft-ietf-intarea-gue-extensions-06,200
rfc9638.xml,https://doi.org/10.1109/IEEESTD.2022.10004498,Connection error: HTTP Error 418: Unknown Code
rfc9638.xml,https://p4.org/p4-spec/docs/INT_v2_1.pdf,200
rfc9638.xml,https://www.openvswitch.org/,200
rfc9638.xml,https://www.rfc-editor.org/info/rfc2104,200
rfc9638.xml,https://www.rfc-editor.org/info/rfc2418,200
rfc9638.xml,https://www.rfc-editor.org/info/rfc3985,200
rfc9638.xml,https://www.rfc-editor.org/info/rfc6071,200
rfc9638.xml,https://www.rfc-editor.org/info/rfc6291,200
rfc9638.xml,https://www.rfc-editor.org/info/rfc7348,200
rfc9638.xml,https://www.rfc-editor.org/info/rfc7637,200
rfc9638.xml,https://www.rfc-editor.org/info/rfc8300,200
rfc9638.xml,https://www.rfc-editor.org/info/rfc8365,200
rfc9638.xml,https://www.rfc-editor.org/info/rfc8394,200
rfc9638.xml,https://www.rfc-editor.org/info/rfc8926,200
rfc9638.xml,https://www.rfc-editor.org/info/rfc9147,200
rfc9638.xml,https://www.rfc-editor.org/info/rfc9197,200
rfc9638.xml,https://www.rfc-editor.org/info/rfc9542,200
rfc9638.xml,https://datatracker.ietf.org/doc/html/draft-ietf-nvo3-vxlan-gpe-13,200
rfc9638.xml,https://datatracker.ietf.org/doc/html/draft-smith-vxlan-group-policy-05,200
rfc9236.xml,https://datatracker.ietf.org/doc/draft-irtf-icnrg-nrsarch-considerations-07,200
rfc9236.xml,https://dx.doi.org/10.17487/rfc9236,200
rfc9236.xml,https://www.rfc-editor.org/info/rfc9236,200
rfc9236.xml,https://trustee.ietf.org/license-info,200
rfc9236.xml,https://www.rfc-editor.org/info/rfc7927,200
rfc9236.xml,https://www.rfc-editor.org/info/rfc8569,200
rfc9236.xml,https://www.rfc-editor.org/info/rfc8609,200
rfc9236.xml,https://www.rfc-editor.org/info/rfc9138,200
rfc9236.xml,https://doi.org/10.1109/INFCOMW.2015.7179398,Connection error: HTTP Error 418: Unknown Code
rfc9236.xml,https://doi.org/10.1145/2984356.2984372,Connection error: HTTP Error 403: Forbidden
rfc9236.xml,https://wiki.fd.io/view/Cicn,200
rfc9236.xml,https://datatracker.ietf.org/doc/html/draft-hong-icnrg-ccnx-nrs-02,200
rfc9236.xml,https://www.ietf.org/archive/id/draft-hong-icnrg-ccnx-nrs-02.txt,200
rfc9236.xml,https://doi.org/10.1016/j.comcom.2013.01.009,200
rfc9236.xml,https://doi.org/10.1016/j.comcom.2013.01.014,200
rfc9236.xml,https://doi.org/10.1145/2810156.2812617,Connection error: HTTP Error 403: Forbidden
rfc9236.xml,http://mobilityfirst.cs.umass.edu/,200
rfc9236.xml,https://www.named-data.net,200
rfc9236.xml,https://datatracker.ietf.org/doc/html/draft-ravi-icnrg-ccn-forwarding-label-02,200
rfc9236.xml,https://www.ietf.org/archive/id/draft-ravi-icnrg-ccn-forwarding-label-02.txt,200
rfc9236.xml,https://www.sail-project.eu/,200
rfc9082.xml,https://datatracker.ietf.org/doc/draft-ietf-regext-rfc7482bis-03,200
rfc9082.xml,https://dx.doi.org/10.17487/rfc9082,200
rfc9082.xml,https://www.rfc-editor.org/info/rfc9082,200
rfc9082.xml,https://trustee.ietf.org/license-info,200
rfc9082.xml,https://www.rfc-editor.org/info/rfc952,200
rfc9082.xml,https://www.rfc-editor.org/info/rfc1035,200
rfc9082.xml,https://www.rfc-editor.org/info/rfc1123,200
rfc9082.xml,https://www.rfc-editor.org/info/rfc1166,200
rfc9082.xml,https://www.rfc-editor.org/info/rfc2119,200
rfc9082.xml,https://www.rfc-editor.org/info/rfc3986,200
rfc9082.xml,https://www.rfc-editor.org/info/rfc4291,200
rfc9082.xml,https://www.rfc-editor.org/info/rfc4632,200
rfc9082.xml,https://www.rfc-editor.org/info/rfc4918,200
rfc9082.xml,https://www.rfc-editor.org/info/rfc5396,200
rfc9082.xml,https://www.rfc-editor.org/info/rfc5730,200
rfc9082.xml,https://www.rfc-editor.org/info/rfc5733,200
rfc9082.xml,https://www.rfc-editor.org/info/rfc5890,200
rfc9082.xml,https://www.rfc-editor.org/info/rfc5891,200
rfc9082.xml,https://www.rfc-editor.org/info/rfc5952,200
rfc9082.xml,https://www.rfc-editor.org/info/rfc7230,200
rfc9082.xml,https://www.rfc-editor.org/info/rfc7231,200
rfc9082.xml,https://www.rfc-editor.org/info/rfc7480,200
rfc9082.xml,https://www.rfc-editor.org/info/rfc7481,200
rfc9082.xml,https://www.rfc-editor.org/info/rfc7484,200
rfc9082.xml,https://www.rfc-editor.org/info/rfc8174,200
rfc9082.xml,https://www.rfc-editor.org/info/rfc8499,200
rfc9082.xml,https://www.rfc-editor.org/info/rfc9083,200
rfc9082.xml,https://www.unicode.org/reports/tr15/,200
rfc9082.xml,https://www.ics.uci.edu/~fielding/pubs/dissertation/fielding_dissertation.pdf,200
rfc9082.xml,https://www.rfc-editor.org/info/rfc3912,200
rfc9082.xml,https://www.rfc-editor.org/info/rfc4007,200
rfc9082.xml,https://www.rfc-editor.org/info/rfc4290,200
rfc9082.xml,https://www.rfc-editor.org/info/rfc6874,200
rfc9082.xml,https://www.rfc-editor.org/info/rfc6927,200
rfc9082.xml,https://www.rfc-editor.org/info/rfc8521,200
rfc9020.xml,https://datatracker.ietf.org/doc/draft-ietf-spring-sr-yang-30,200
rfc9020.xml,https://dx.doi.org/10.17487/rfc9020,200
rfc9020.xml,https://www.rfc-editor.org/info/rfc9020,200
rfc9020.xml,https://trustee.ietf.org/license-info,200
rfc9020.xml,https://www.rfc-editor.org/info/rfc2119,200
rfc9020.xml,https://www.rfc-editor.org/info/rfc3688,200
rfc9020.xml,https://www.rfc-editor.org/info/rfc6020,200
rfc9020.xml,https://www.rfc-editor.org/info/rfc6241,200
rfc9020.xml,https://www.rfc-editor.org/info/rfc6242,200
rfc9020.xml,https://www.rfc-editor.org/info/rfc6991,200
rfc9020.xml,https://www.rfc-editor.org/info/rfc7950,200
rfc9020.xml,https://www.rfc-editor.org/info/rfc8040,200
rfc9020.xml,https://www.rfc-editor.org/info/rfc8174,200
rfc9020.xml,https://www.rfc-editor.org/info/rfc8294,200
rfc9020.xml,https://www.rfc-editor.org/info/rfc8341,200
rfc9020.xml,https://www.rfc-editor.org/info/rfc8342,200
rfc9020.xml,https://www.rfc-editor.org/info/rfc8343,200
rfc9020.xml,https://www.rfc-editor.org/info/rfc8349,200
rfc9020.xml,https://www.rfc-editor.org/info/rfc8402,200
rfc9020.xml,https://www.rfc-editor.org/info/rfc8446,200
rfc9020.xml,https://www.rfc-editor.org/info/rfc8660,200
rfc9020.xml,https://www.rfc-editor.org/info/rfc8661,200
rfc9020.xml,https://www.rfc-editor.org/info/rfc8665,200
rfc9020.xml,https://www.rfc-editor.org/info/rfc8667,200
rfc9020.xml,https://www.rfc-editor.org/info/rfc8669,200
rfc9020.xml,https://www.rfc-editor.org/info/rfc8814,200
rfc9020.xml,https://www.w3.org/TR/2006/REC-xml11-20060816,200
rfc9020.xml,https://www.w3.org/TR/2006/REC-xml11-20060816,200
rfc9020.xml,https://www.rfc-editor.org/info/rfc8340,200
rfc9020.xml,https://www.rfc-editor.org/info/rfc8792,200
rfc8870.xml,https://datatracker.ietf.org/doc/draft-ietf-perc-srtp-ekt-diet-13,200
rfc8870.xml,https://dx.doi.org/10.17487/rfc8870,200
rfc8870.xml,https://www.rfc-editor.org/info/rfc8870,200
rfc8870.xml,https://trustee.ietf.org/license-info,200
rfc8870.xml,https://www.rfc-editor.org/info/rfc2119,200
rfc8870.xml,https://www.rfc-editor.org/info/rfc3264,200
rfc8870.xml,https://www.rfc-editor.org/info/rfc3711,200
rfc8870.xml,https://www.rfc-editor.org/info/rfc5234,200
rfc8870.xml,https://www.rfc-editor.org/info/rfc5649,200
rfc8870.xml,https://www.rfc-editor.org/info/rfc5764,200
rfc8870.xml,https://www.rfc-editor.org/info/rfc6347,200
rfc8870.xml,https://www.rfc-editor.org/info/rfc8126,200
rfc8870.xml,https://www.rfc-editor.org/info/rfc8174,200
rfc8870.xml,https://www.rfc-editor.org/info/rfc8446,200
rfc8870.xml,https://www.rfc-editor.org/info/rfc4086,200
rfc8870.xml,https://www.rfc-editor.org/info/rfc8723,200
rfc8870.xml,https://www.rfc-editor.org/info/rfc8871,200
rfc8870.xml,https://tools.ietf.org/html/draft-ietf-tls-dtls13-39,200
rfc8870.xml,https://www.ietf.org/internet-drafts/draft-ietf-tls-dtls13-39.txt,Connection error: HTTP Error 404: Not Found
rfc9581.xml,https://datatracker.ietf.org/doc/draft-ietf-cbor-time-tag-12,200
rfc9581.xml,https://dx.doi.org/10.17487/rfc9581,200
rfc9581.xml,https://www.rfc-editor.org/info/rfc9581,200
rfc9581.xml,https://trustee.ietf.org/license-info,200
rfc9581.xml,https://www.rfc-editor.org/info/bcp26,200
rfc9581.xml,https://www.rfc-editor.org/info/rfc8126,200
rfc9581.xml,https://www.bipm.org/en/publications/guides/gum.html,200
rfc9581.xml,https://www.iana.org/assignments/cbor-tags,200
rfc9581.xml,https://standards.ieee.org/ieee/1588/4355/,Connection error: HTTP Error 403: Forbidden
rfc9581.xml,https://standards.ieee.org/ieee/1588/6825/,Connection error: HTTP Error 403: Forbidden
rfc9581.xml,https://www.rfc-editor.org/info/rfc2119,200
rfc9581.xml,https://www.rfc-editor.org/info/rfc8174,200
rfc9581.xml,https://www.rfc-editor.org/info/rfc8575,200
rfc9581.xml,https://www.rfc-editor.org/info/rfc8610,200
rfc9581.xml,https://www.rfc-editor.org/info/rfc8949,200
rfc9581.xml,https://www.rfc-editor.org/info/rfc9557,200
rfc9581.xml,https://www.iso.org/standard/64974.html,200
rfc9581.xml,http://pubs.opengroup.org/onlinepubs/9699919799/basedefs/V1_chap04.html#tag_04_16,200
rfc9581.xml,https://www.iso.org/standard/74528.html,200
rfc9581.xml,https://www.open-std.org/jtc1/sc22/wg14/www/docs/n2310.pdf,200
rfc9581.xml,https://ieeexplore.ieee.org/document/8766229,Connection error: HTTP Error 418: Unknown Code
rfc9581.xml,https://www.iso.org/standard/70907.html,200
rfc9581.xml,https://www.iso.org/standard/15903.html,200
rfc9581.xml,https://nvlpubs.nist.gov/nistpubs/Legacy/FIPS/fipspub4-1-1991.pdf,200
rfc9581.xml,https://www.rfc-editor.org/info/rfc3161,200
rfc9581.xml,https://www.rfc-editor.org/info/rfc3339,200
rfc9581.xml,https://www.rfc-editor.org/info/rfc5905,200
rfc8801.xml,https://datatracker.ietf.org/doc/draft-ietf-intarea-provisioning-domains-11,200
rfc8801.xml,https://dx.doi.org/10.17487/rfc8801,200
rfc8801.xml,https://www.rfc-editor.org/info/rfc8801,200
rfc8801.xml,https://trustee.ietf.org/license-info,200
rfc8801.xml,https://www.rfc-editor.org/info/rfc1035,200
rfc8801.xml,https://www.rfc-editor.org/info/rfc2119,200
rfc8801.xml,https://www.rfc-editor.org/info/rfc2818,200
rfc8801.xml,https://www.rfc-editor.org/info/rfc3339,200
rfc8801.xml,https://www.rfc-editor.org/info/rfc4191,200
rfc8801.xml,https://www.rfc-editor.org/info/rfc4343,200
rfc8801.xml,https://www.rfc-editor.org/info/rfc4861,200
rfc8801.xml,https://www.rfc-editor.org/info/rfc4941,200
rfc8801.xml,https://www.rfc-editor.org/info/rfc6724,200
rfc8801.xml,https://www.rfc-editor.org/info/rfc6980,200
rfc8801.xml,https://www.rfc-editor.org/info/rfc7493,200
rfc8801.xml,https://www.rfc-editor.org/info/rfc7525,200
rfc8801.xml,https://www.rfc-editor.org/info/rfc7556,200
rfc8801.xml,https://www.rfc-editor.org/info/rfc8028,200
rfc8801.xml,https://www.rfc-editor.org/info/rfc8126,200
rfc8801.xml,https://www.rfc-editor.org/info/rfc8174,200
rfc8801.xml,https://www.rfc-editor.org/info/rfc8259,200
rfc8801.xml,https://www.rfc-editor.org/info/rfc8615,200
rfc8801.xml,https://www.iana.org/assignments/urn-namespaces/,200
rfc8801.xml,https://ieeexplore.ieee.org/document/9018454,Connection error: HTTP Error 418: Unknown Code
rfc8801.xml,https://tools.ietf.org/html/draft-kline-mif-mpvd-api-reqs-00,200
rfc8801.xml,http://www.ietf.org/internet-drafts/draft-kline-mif-mpvd-api-reqs-00.txt,Connection error: HTTP Error 404: Not Found
rfc8801.xml,https://tools.ietf.org/html/draft-stenberg-mif-mpvd-dns-00,200
rfc8801.xml,http://www.ietf.org/internet-drafts/draft-stenberg-mif-mpvd-dns-00.txt,Connection error: HTTP Error 404: Not Found
rfc8801.xml,https://www.rfc-editor.org/info/rfc2131,200
rfc8801.xml,https://www.rfc-editor.org/info/rfc3646,200
rfc8801.xml,https://www.rfc-editor.org/info/rfc3971,200
rfc8801.xml,https://www.rfc-editor.org/info/rfc4389,200
rfc8801.xml,https://www.rfc-editor.org/info/rfc6105,200
rfc8801.xml,https://www.rfc-editor.org/info/rfc6125,200
rfc8801.xml,https://www.rfc-editor.org/info/rfc6146,200
rfc8801.xml,https://www.rfc-editor.org/info/rfc6147,200
rfc8801.xml,https://www.rfc-editor.org/info/rfc6296,200
rfc8801.xml,https://www.rfc-editor.org/info/rfc6960,200
rfc8801.xml,https://www.rfc-editor.org/info/rfc7049,200
rfc8801.xml,https://www.rfc-editor.org/info/rfc7278,200
rfc8801.xml,https://www.rfc-editor.org/info/rfc7540,200
rfc8801.xml,https://www.rfc-editor.org/info/rfc8106,200
rfc8801.xml,https://www.rfc-editor.org/info/rfc8415,200
rfc8986.xml,https://datatracker.ietf.org/doc/draft-ietf-spring-srv6-network-programming-28,200
rfc8986.xml,https://dx.doi.org/10.17487/rfc8986,200
rfc8986.xml,https://www.rfc-editor.org/info/rfc8986,200
rfc8986.xml,https://trustee.ietf.org/license-info,200
rfc8986.xml,https://www.iana.org/assignments/protocol-numbers/,200
rfc8986.xml,https://www.iana.org/assignments/segment-routing/,200
rfc8986.xml,https://ieeexplore.ieee.org/document/8457469,Connection error: HTTP Error 418: Unknown Code
rfc8986.xml,https://www.rfc-editor.org/info/rfc2119,200
rfc8986.xml,https://www.rfc-editor.org/info/rfc2473,200
rfc8986.xml,https://www.rfc-editor.org/info/rfc6437,200
rfc8986.xml,https://www.rfc-editor.org/info/rfc8174,200
rfc8986.xml,https://www.rfc-editor.org/info/rfc8200,200
rfc8986.xml,https://www.rfc-editor.org/info/rfc8402,200
rfc8986.xml,https://www.rfc-editor.org/info/rfc8754,200
rfc8986.xml,https://www.rfc-editor.org/info/rfc4193,200
rfc8986.xml,https://www.rfc-editor.org/info/rfc4364,200
rfc8986.xml,https://www.rfc-editor.org/info/rfc4664,200
rfc8986.xml,https://www.rfc-editor.org/info/rfc4761,200
rfc8986.xml,https://www.rfc-editor.org/info/rfc4762,200
rfc8986.xml,https://www.rfc-editor.org/info/rfc7432,200
rfc8986.xml,https://www.rfc-editor.org/info/rfc8126,200
rfc8986.xml,https://www.rfc-editor.org/info/rfc8214,200
rfc8986.xml,https://www.rfc-editor.org/info/rfc8317,200
rfc8986.xml,https://tools.ietf.org/html/draft-ietf-rtgwg-segment-routing-ti-lfa-06,200
rfc8986.xml,https://www.ietf.org/internet-drafts/draft-ietf-rtgwg-segment-routing-ti-lfa-06.txt,Connection error: HTTP Error 404: Not Found
rfc8986.xml,https://tools.ietf.org/html/draft-filsfils-spring-srv6-net-pgm-illustration-03,200
rfc8986.xml,http://www.ietf.org/internet-drafts/draft-filsfils-spring-srv6-net-pgm-illustration-03.txt,Connection error: HTTP Error 404: Not Found
rfc9565.xml,https://datatracker.ietf.org/doc/draft-ietf-opsawg-rfc7125-update-07,200
rfc9565.xml,https://dx.doi.org/10.17487/rfc9565,200
rfc9565.xml,https://www.rfc-editor.org/info/rfc9565,200
rfc9565.xml,https://trustee.ietf.org/license-info,200
rfc9565.xml,https://www.rfc-editor.org/info/rfc2119,200
rfc9565.xml,https://www.rfc-editor.org/info/rfc7011,200
rfc9565.xml,https://www.rfc-editor.org/info/rfc8174,200
rfc9565.xml,https://www.rfc-editor.org/info/rfc9293,200
rfc9565.xml,https://www.iana.org/assignments/tcp-parameters/,200
rfc9565.xml,https://www.iana.org/assignments/ipfix/,200
rfc9565.xml,https://www.rfc-editor.org/info/rfc793,200
rfc9565.xml,https://www.rfc-editor.org/info/rfc3168,200
rfc9565.xml,https://www.rfc-editor.org/info/rfc5102,200
rfc9565.xml,https://www.rfc-editor.org/info/rfc7125,200
rfc9565.xml,https://www.rfc-editor.org/info/rfc8311,200
rfc9565.xml,https://www.rfc-editor.org/info/rfc9487,200
rfc9251.xml,https://datatracker.ietf.org/doc/draft-ietf-bess-evpn-igmp-mld-proxy-21,200
rfc9251.xml,https://dx.doi.org/10.17487/rfc9251,200
rfc9251.xml,https://www.rfc-editor.org/info/rfc9251,200
rfc9251.xml,https://trustee.ietf.org/license-info,200
rfc9251.xml,https://www.rfc-editor.org/info/rfc2119,200
rfc9251.xml,https://www.rfc-editor.org/info/rfc2236,200
rfc9251.xml,https://www.rfc-editor.org/info/rfc2710,200
rfc9251.xml,https://www.rfc-editor.org/info/rfc3376,200
rfc9251.xml,https://www.rfc-editor.org/info/rfc3810,200
rfc9251.xml,https://www.rfc-editor.org/info/rfc4364,200
rfc9251.xml,https://www.rfc-editor.org/info/rfc4684,200
rfc9251.xml,https://www.rfc-editor.org/info/rfc6513,200
rfc9251.xml,https://www.rfc-editor.org/info/rfc6514,200
rfc9251.xml,https://www.rfc-editor.org/info/rfc6625,200
rfc9251.xml,https://www.rfc-editor.org/info/rfc7432,200
rfc9251.xml,https://www.rfc-editor.org/info/rfc7606,200
rfc9251.xml,https://www.rfc-editor.org/info/rfc8174,200
rfc9251.xml,https://datatracker.ietf.org/doc/html/draft-ietf-bess-evpn-bum-procedure-updates-14,200
rfc9251.xml,https://www.ietf.org/archive/id/draft-ietf-bess-evpn-bum-procedure-updates-14.txt,200
rfc9251.xml,https://www.rfc-editor.org/info/rfc4541,200
rfc9251.xml,https://www.rfc-editor.org/info/rfc8126,200
rfc9705.xml,https://datatracker.ietf.org/doc/draft-ietf-mpls-ri-rsvp-frr-22,200
rfc9705.xml,https://dx.doi.org/10.17487/rfc9705,200
rfc9705.xml,https://www.rfc-editor.org/info/rfc9705,200
rfc9705.xml,https://trustee.ietf.org/license-info,200
rfc9705.xml,http://www.iana.org/assignments/rsvp-parameters/,200
rfc9705.xml,https://www.rfc-editor.org/info/rfc2119,200
rfc9705.xml,https://www.rfc-editor.org/info/rfc2205,200
rfc9705.xml,https://www.rfc-editor.org/info/rfc2747,200
rfc9705.xml,https://www.rfc-editor.org/info/rfc2961,200
rfc9705.xml,https://www.rfc-editor.org/info/rfc3209,200
rfc9705.xml,https://www.rfc-editor.org/info/rfc3473,200
rfc9705.xml,https://www.rfc-editor.org/info/rfc4090,200
rfc9705.xml,https://www.rfc-editor.org/info/rfc4558,200
rfc9705.xml,https://www.rfc-editor.org/info/rfc5063,200
rfc9705.xml,https://www.rfc-editor.org/info/rfc8126,200
rfc9705.xml,https://www.rfc-editor.org/info/rfc8174,200
rfc9705.xml,https://www.rfc-editor.org/info/rfc8370,200
rfc9705.xml,https://www.rfc-editor.org/info/rfc8796,200
rfc9705.xml,https://nvlpubs.nist.gov/nistpubs/FIPS/NIST.FIPS.180-4.pdf,200
rfc9705.xml,https://www.rfc-editor.org/info/rfc2104,200
rfc9705.xml,https://www.rfc-editor.org/info/rfc5920,200
rfc9238.xml,https://datatracker.ietf.org/doc/draft-richardson-mud-qrcode-07,200
rfc9238.xml,https://dx.doi.org/10.17487/rfc9238,200
rfc9238.xml,https://www.rfc-editor.org/info/rfc9238,200
rfc9238.xml,https://trustee.ietf.org/license-info,200
rfc9238.xml,https://www.rfc-editor.org/info/rfc2119,200
rfc9238.xml,https://www.rfc-editor.org/info/rfc8174,200
rfc9238.xml,https://www.rfc-editor.org/info/rfc8520,200
rfc9238.xml,https://rla.org/resource/12n-documentation,200
rfc9238.xml,https://en.wikipedia.org/w/index.php?title=Chicken_or_the_egg&oldid=1081728488,200
rfc9238.xml,https://ieeexplore.ieee.org/document/7460875,Connection error: HTTP Error 418: Unknown Code
rfc9238.xml,https://standards.ieee.org/ieee/802.1AR/6995/,Connection error: HTTP Error 403: Forbidden
rfc9238.xml,https://webstore.ansi.org/Standards/MHIA/ANSIMH102016,Connection error: HTTP Error 403: Forbidden
rfc9238.xml,https://datatracker.ietf.org/doc/html/draft-ietf-opsawg-mud-acceptable-urls-04,200
rfc9238.xml,https://www.ietf.org/archive/id/draft-ietf-opsawg-mud-acceptable-urls-04.txt,200
rfc9238.xml,https://iotanalytics.unsw.edu.au/mud/,Connection error: HTTP Error 404: Not Found
rfc9238.xml,https://github.com/ayyoob/mudgee,200
rfc9238.xml,https://en.wikipedia.org/w/index.php?title=QR_code&oldid=1082559657,200
rfc9238.xml,https://github.com/fukuchi/libqrencode,200
rfc9238.xml,https://www.rfc-editor.org/info/rfc3986,200
rfc9238.xml,https://www.rfc-editor.org/info/rfc8259,200
rfc9238.xml,https://www.rfc-editor.org/info/rfc8995,200
rfc9238.xml,https://en.wikipedia.org/w/index.php?title=URL_shorteningg&oldid=1084979184,200
rfc9402.xml,https://datatracker.ietf.org/doc/draft-glax-concat-01,200
rfc9402.xml,https://dx.doi.org/10.17487/rfc9402,200
rfc9402.xml,https://www.rfc-editor.org/info/rfc9402,200
rfc9402.xml,https://trustee.ietf.org/license-info,200
rfc9402.xml,https://www.rfc-editor.org/info/rfc20,200
rfc9402.xml,https://www.rfc-editor.org/info/rfc2119,200
rfc9402.xml,https://www.rfc-editor.org/info/rfc5234,200
rfc9402.xml,https://www.rfc-editor.org/info/rfc8174,200
rfc9414.xml,https://datatracker.ietf.org/doc/draft-irtf-pearg-numeric-ids-history-11,200
rfc9414.xml,https://dx.doi.org/10.17487/rfc9414,200
rfc9414.xml,https://www.rfc-editor.org/info/rfc9414,200
rfc9414.xml,https://trustee.ietf.org/license-info,200
rfc9414.xml,https://www.rfc-editor.org/info/rfc768,200
rfc9414.xml,https://www.rfc-editor.org/info/rfc791,200
rfc9414.xml,https://www.rfc-editor.org/info/rfc793,200
rfc9414.xml,https://www.rfc-editor.org/info/rfc1323,200
rfc9414.xml,https://www.rfc-editor.org/info/rfc1883,200
rfc9414.xml,https://www.rfc-editor.org/info/rfc1884,200
rfc9414.xml,https://www.rfc-editor.org/info/rfc2073,200
rfc9414.xml,https://www.rfc-editor.org/info/rfc2374,200
rfc9414.xml,https://www.rfc-editor.org/info/rfc2460,200
rfc9414.xml,https://www.rfc-editor.org/info/rfc3041,200
rfc9414.xml,https://www.rfc-editor.org/info/rfc3587,200
rfc9414.xml,https://www.rfc-editor.org/info/rfc4291,200
rfc9414.xml,https://www.rfc-editor.org/info/rfc4862,200
rfc9414.xml,https://www.rfc-editor.org/info/rfc4941,200
rfc9414.xml,https://www.rfc-editor.org/info/rfc5452,200
rfc9414.xml,https://www.rfc-editor.org/info/rfc6056,200
rfc9414.xml,https://www.rfc-editor.org/info/rfc6528,200
rfc9414.xml,https://www.rfc-editor.org/info/rfc7217,200
rfc9414.xml,https://www.rfc-editor.org/info/rfc7323,200
rfc9414.xml,https://www.rfc-editor.org/info/rfc8200,200
rfc9414.xml,https://www.rfc-editor.org/info/rfc8415,200
rfc9414.xml,https://www.rfc-editor.org/info/rfc9293,200
rfc9414.xml,http://www.openbsd.org/advisories/sni_12_resolverid.txt,200
rfc9414.xml,https://www.cs.columbia.edu/~smb/papers/ipext.pdf,200
rfc9414.xml,https://www.cs.columbia.edu/~smb/papers/fnat.pdf,200
rfc9414.xml,https://resources.sei.cmu.edu/asset_files/WhitePaper/2001_019_001_496192.pdf,200
rfc9414.xml,https://www.ietf.org/archive/id/draft-cooper-6man-ipv6-address-generation-privacy-00.txt,200
rfc9414.xml,https://www.ietf.org/archive/id/draft-eddy-rfc793bis-04.txt,200
rfc9414.xml,https://www.ietf.org/archive/id/draft-fgont-6man-rfc4941bis-00.txt,200
rfc9414.xml,https://www.ietf.org/archive/id/draft-gont-6man-address-usage-recommendations-00.txt,200
rfc9414.xml,https://www.ietf.org/archive/id/draft-gont-6man-non-stable-iids-00.txt,200
rfc9414.xml,https://www.ietf.org/archive/id/draft-gont-6man-predictable-fragment-id-00.txt,200
rfc9414.xml,https://www.ietf.org/archive/id/draft-gont-6man-predictable-fragment-id-03.txt,200
rfc9414.xml,https://www.ietf.org/archive/id/draft-gont-6man-stable-privacy-addresses-00.txt,200
rfc9414.xml,https://www.ietf.org/archive/id/draft-gont-6man-stable-privacy-addresses-01.txt,200
rfc9414.xml,https://www.ietf.org/archive/id/draft-gont-ntp-port-randomization-00.txt,200
rfc9414.xml,https://www.ietf.org/archive/id/draft-gont-opsec-ipv6-host-scanning-02.txt,200
rfc9414.xml,https://datatracker.ietf.org/doc/html/draft-gont-predictable-numeric-ids-03,200
rfc9414.xml,https://www.ietf.org/archive/id/draft-ietf-6man-default-iids-00.txt,200
rfc9414.xml,https://www.ietf.org/archive/id/draft-ietf-6man-default-iids-16.txt,200
rfc9414.xml,https://www.ietf.org/archive/id/draft-ietf-6man-ipv6-address-generation-privacy-08.txt,200
rfc9414.xml,https://www.ietf.org/archive/id/draft-ietf-6man-predictable-fragment-id-00.txt,200
rfc9414.xml,https://www.ietf.org/archive/id/draft-ietf-6man-predictable-fragment-id-01.txt,200
rfc9414.xml,https://datatracker.ietf.org/doc/html/draft-ietf-6man-predictable-fragment-id-02,200
rfc9414.xml,https://www.ietf.org/archive/id/draft-ietf-6man-predictable-fragment-id-08.txt,200
rfc9414.xml,https://www.ietf.org/archive/id/draft-ietf-6man-predictable-fragment-id-10.txt,200
rfc9414.xml,https://www.ietf.org/archive/id/draft-ietf-6man-rfc2460bis-05.txt,200
rfc9414.xml,https://www.ietf.org/archive/id/draft-ietf-6man-rfc2460bis-13.txt,200
rfc9414.xml,https://www.ietf.org/archive/id/draft-ietf-6man-rfc4941bis-00.txt,200
rfc9414.xml,https://www.ietf.org/archive/id/draft-ietf-6man-rfc4941bis-12.txt,200
rfc9414.xml,https://www.ietf.org/archive/id/draft-ietf-6man-stable-privacy-addresses-00.txt,200
rfc9414.xml,https://www.ietf.org/archive/id/draft-ietf-6man-stable-privacy-addresses-17.txt,200
rfc9414.xml,https://www.ietf.org/archive/id/draft-ietf-ntp-port-randomization-00.txt,200
rfc9414.xml,https://www.ietf.org/archive/id/draft-ietf-ntp-port-randomization-08.txt,200
rfc9414.xml,https://www.ietf.org/archive/id/draft-ietf-ntp-refid-updates-00.txt,200
rfc9414.xml,https://www.ietf.org/archive/id/draft-ietf-opsec-ipv6-host-scanning-08.txt,200
rfc9414.xml,https://www.ietf.org/archive/id/draft-stenn-ntp-not-you-refid-00.txt,200
rfc9414.xml,https://www.coresecurity.com/core-labs/advisories/core-2010-0424-windows-smtp-dns-query-id-bugs,Connection error: HTTP Error 403: Forbidden
rfc9414.xml,https://nmap.org/presentations/CanSecWest03/CD_Content/idlescan_paper/idlescan.html,200
rfc9414.xml,https://mailarchive.ietf.org/arch/msg/ntp/NkfTHxUUOdp14Agh3h1IPqfcRRg,200
rfc9414.xml,https://www.si6networks.com/files/presentations/hip2011/fgont-hip2011-hacking-ipv6-networks.pdf,200
rfc9414.xml,https://www.si6networks.com/files/presentations/bsdcan2012/fgont-bsdcan2012-recent-advances-in-ipv6-security.pdf,200
rfc9414.xml,https://lists.si6networks.com/pipermail/ipv6hackers/2013-February/000947.html,200
rfc9414.xml,https://www.iana.org/protocols,200
rfc9414.xml,https://arxiv.org/pdf/1906.10478.pdf,200
rfc9414.xml,https://www.si6networks.com/tools/ipv6toolkit,200
rfc9414.xml,https://www.blackhat.com/presentations/bh-jp-08/bh-jp-08-Kaminsky/BlackHat-Japan-08-Kaminsky-DNS08-BlackOps.pdf,Connection error: HTTP Error 403: Forbidden
rfc9414.xml,https://dl.packetstormsecurity.net/papers/attack/OpenBSD_DNS_Cache_Poisoning_and_Multiple_OS_Predictable_IP_ID_Vulnerability.pdf,200
rfc9414.xml,https://citeseerx.ist.psu.edu/doc/10.1.1.86.4474,200
rfc9414.xml,https://dl.packetstormsecurity.net/papers/attack/Windows_DNS_Cache_Poisoning.pdf,200
rfc9414.xml,https://seclists.org/nmap-dev/2013/q2/394,200
rfc9414.xml,https://pdos.csail.mit.edu/~rtm/papers/117.pdf,200
rfc9414.xml,https://tf.nist.gov/general/pdf/2818.pdf,Connection error: HTTP Error 403: Forbidden
rfc9414.xml,https://mailarchive.ietf.org/arch/msg/ntp/xSCu5Vhb3zoWcqEjUMmzP8pOdW4/,200
rfc9414.xml,https://cvsweb.openbsd.org/src/sys/netinet/ip_id.c?rev=1.1,200
rfc9414.xml,https://cvsweb.openbsd.org/src/sys/netinet6/ip6_id.c?rev=1.1,200
rfc9414.xml,https://cvsweb.openbsd.org/src/sys/netinet/in_pcb.c?rev=1.6,200
rfc9414.xml,https://cvsweb.openbsd.org/src/sys/netinet/tcp_subr.c?rev=1.97,200
rfc9414.xml,https://cvsweb.openbsd.org/src/sys/netinet/tcp_subr.c?rev=1.6,200
rfc9414.xml,https://cvsweb.openbsd.org/src/sys/netinet/tcp_subr.c?rev=1.37,200
rfc9414.xml,https://rhn.redhat.com/errata/RHSA-2011-1465.html,Connection error: HTTP Error 403: Forbidden
rfc9414.xml,https://www.rfc-editor.org/info/rfc1035,200
rfc9414.xml,https://www.rfc-editor.org/info/rfc1948,200
rfc9414.xml,https://www.rfc-editor.org/info/rfc5157,200
rfc9414.xml,https://www.rfc-editor.org/info/rfc5905,200
rfc9414.xml,https://www.rfc-editor.org/info/rfc6274,200
rfc9414.xml,https://www.rfc-editor.org/info/rfc7258,200
rfc9414.xml,https://www.rfc-editor.org/info/rfc7707,200
rfc9414.xml,https://www.rfc-editor.org/info/rfc7721,200
rfc9414.xml,https://www.rfc-editor.org/info/rfc7739,200
rfc9414.xml,https://www.rfc-editor.org/info/rfc8064,200
rfc9414.xml,https://www.rfc-editor.org/info/rfc8981,200
rfc9414.xml,https://www.rfc-editor.org/info/rfc9109,200
rfc9414.xml,https://www.rfc-editor.org/info/rfc9415,200
rfc9414.xml,https://www.rfc-editor.org/info/rfc9416,200
rfc9414.xml,https://seclists.org/bugtraq/2002/Nov/331,200
rfc9414.xml,http://seclists.org/bugtraq/1998/Dec/48,200
rfc9414.xml,https://seclists.org/bugtraq/1998/Dec/79,200
rfc9414.xml,https://github.com/antirez/hping/raw/master/docs/MORE-FUN-WITH-IPID,200
rfc9414.xml,http://ftp.cerias.purdue.edu/pub/papers/christoph-schuba/schuba-DNS-msthesis.pdf,200
rfc9414.xml,https://www.gont.com.ar/files/post-shimomura-usenet.txt,200
rfc9414.xml,https://citeseerx.ist.psu.edu/viewdoc/download?doi=10.1.1.91.4542&rep=rep1&type=pdf,Connection error: HTTP Error 401: Unauthorized
rfc9414.xml,https://lists.opensuse.org/opensuse-security-announce/2011-12/msg00011.html,200
rfc9414.xml,https://seclists.org/bugtraq/2001/Mar/182,200
rfc9414.xml,https://ubuntu.com/security/notices/USN-1253-1,Connection error: HTTP Error 504: Gateway Time-out
rfc9414.xml,https://www.kb.cert.org/vuls/id/498440,200
rfc9414.xml,https://www.usenix.org/legacy/publications/library/proceedings/security95/full_papers/vixie.pdf,200
rfc9414.xml,https://www.kb.cert.org/vuls/id/800113,200
rfc9414.xml,https://lcamtuf.coredump.cx/oldtcp/tcpseq.html,200
rfc9414.xml,https://lcamtuf.coredump.cx/newtcp/,200
rfc9414.xml,https://lcamtuf.coredump.cx/ipfrag.txt,200
rfc8723.xml,https://datatracker.ietf.org/doc/draft-ietf-perc-double-12,200
rfc8723.xml,https://dx.doi.org/10.17487/rfc8723,200
rfc8723.xml,https://www.rfc-editor.org/info/rfc8723,200
rfc8723.xml,https://trustee.ietf.org/license-info,200
rfc8723.xml,https://www.rfc-editor.org/info/rfc2119,200
rfc8723.xml,https://www.rfc-editor.org/info/rfc3711,200
rfc8723.xml,https://www.rfc-editor.org/info/rfc5764,200
rfc8723.xml,https://www.rfc-editor.org/info/rfc6188,200
rfc8723.xml,https://www.rfc-editor.org/info/rfc6904,200
rfc8723.xml,https://www.rfc-editor.org/info/rfc7714,200
rfc8723.xml,https://www.rfc-editor.org/info/rfc8174,200
rfc8723.xml,https://www.rfc-editor.org/info/rfc8285,200
rfc8723.xml,https://tools.ietf.org/html/draft-ietf-perc-dtls-tunnel-06,200
rfc8723.xml,http://www.ietf.org/internet-drafts/draft-ietf-perc-dtls-tunnel-06.txt,Connection error: HTTP Error 404: Not Found
rfc8723.xml,https://tools.ietf.org/html/draft-ietf-perc-srtp-ekt-diet-10,200
rfc8723.xml,http://www.ietf.org/internet-drafts/draft-ietf-perc-srtp-ekt-diet-10.txt,Connection error: HTTP Error 404: Not Found
rfc8723.xml,https://tools.ietf.org/html/draft-ietf-perc-private-media-framework-12,200
rfc8723.xml,http://www.ietf.org/internet-drafts/draft-ietf-perc-private-media-framework-12.txt,Connection error: HTTP Error 404: Not Found
rfc8723.xml,https://www.rfc-editor.org/info/rfc2198,200
rfc8723.xml,https://www.rfc-editor.org/info/rfc4588,200
rfc8723.xml,https://www.rfc-editor.org/info/rfc4733,200
rfc8723.xml,https://www.rfc-editor.org/info/rfc5234,200
rfc8723.xml,https://www.rfc-editor.org/info/rfc8627,200
rfc8723.xml,https://tools.ietf.org/html/draft-ietf-rtcweb-fec-10,200
rfc8723.xml,http://www.ietf.org/internet-drafts/draft-ietf-rtcweb-fec-10.txt,Connection error: HTTP Error 404: Not Found
rfc8816.xml,https://datatracker.ietf.org/doc/draft-ietf-stir-oob-07,200
rfc8816.xml,https://dx.doi.org/10.17487/rfc8816,200
rfc8816.xml,https://www.rfc-editor.org/info/rfc8816,200
rfc8816.xml,https://trustee.ietf.org/license-info,200
rfc8816.xml,https://tools.ietf.org/html/draft-ietf-modern-teri-00,200
rfc8816.xml,http://www.ietf.org/internet-drafts/draft-ietf-modern-teri-00.txt,Connection error: HTTP Error 404: Not Found
rfc8816.xml,https://tools.ietf.org/html/draft-ietf-stir-passport-divert-09,200
rfc8816.xml,http://www.ietf.org/internet-drafts/draft-ietf-stir-passport-divert-09.txt,Connection error: HTTP Error 404: Not Found
rfc8816.xml,https://tools.ietf.org/html/draft-privacy-pass-00,200
rfc8816.xml,http://www.ietf.org/internet-drafts/draft-privacy-pass-00.txt,Connection error: HTTP Error 404: Not Found
rfc8816.xml,http://www.ics.uci.edu/~fielding/pubs/dissertation/fielding_dissertation.pdf,200
rfc8816.xml,https://www.rfc-editor.org/info/rfc2119,200
rfc8816.xml,https://www.rfc-editor.org/info/rfc3261,200
rfc8816.xml,https://www.rfc-editor.org/info/rfc5636,200
rfc8816.xml,https://www.rfc-editor.org/info/rfc6116,200
rfc8816.xml,https://www.rfc-editor.org/info/rfc6940,200
rfc8816.xml,https://www.rfc-editor.org/info/rfc6960,200
rfc8816.xml,https://www.rfc-editor.org/info/rfc7258,200
rfc8816.xml,https://www.rfc-editor.org/info/rfc7340,200
rfc8816.xml,https://www.rfc-editor.org/info/rfc7748,200
rfc8816.xml,https://www.rfc-editor.org/info/rfc8174,200
rfc8816.xml,https://www.rfc-editor.org/info/rfc8224,200
rfc8816.xml,https://www.rfc-editor.org/info/rfc8225,200
rfc8816.xml,https://www.rfc-editor.org/info/rfc8226,200
rfc8816.xml,https://www.rfc-editor.org/info/rfc8446,200
rfc8816.xml,https://people.csail.mit.edu/henrycg/pubs/oakland15riposte/,200
rfc8816.xml,https://tools.ietf.org/html/draft-ietf-tls-subcerts-10,200
rfc8816.xml,http://www.ietf.org/internet-drafts/draft-ietf-tls-subcerts-10.txt,Connection error: HTTP Error 404: Not Found
rfc8816.xml,https://tools.ietf.org/html/draft-jennings-vipr-overview-06,200
rfc8816.xml,http://www.ietf.org/internet-drafts/draft-jennings-vipr-overview-06.txt,Connection error: HTTP Error 404: Not Found
rfc8711.xml,https://datatracker.ietf.org/doc/draft-ietf-iasa2-rfc4071bis-11,200
rfc8711.xml,https://dx.doi.org/10.17487/rfc8711,200
rfc8711.xml,https://www.rfc-editor.org/info/rfc8711,200
rfc8711.xml,https://trustee.ietf.org/license-info,200
rfc8711.xml,https://www.ietf.org/documents/180/IETF-LLC-Agreement.pdf,200
rfc8711.xml,https://www.rfc-editor.org/info/rfc8712,200
rfc8711.xml,https://www.rfc-editor.org/info/rfc8713,200
rfc8711.xml,https://tools.ietf.org/html/draft-haberman-iasa20dt-recs-03,200
rfc8711.xml,http://www.ietf.org/internet-drafts/draft-haberman-iasa20dt-recs-03.txt,Connection error: HTTP Error 404: Not Found
rfc8711.xml,https://www.internetsociety.org/about-internet-society/governance-policies/by-laws/,Connection error: HTTP Error 403: Forbidden
rfc8711.xml,https://www.rfc-editor.org/info/rfc2014,200
rfc8711.xml,https://www.rfc-editor.org/info/rfc2026,200
rfc8711.xml,https://www.rfc-editor.org/info/rfc2850,200
rfc8711.xml,https://www.rfc-editor.org/info/rfc3233,200
rfc8711.xml,https://www.rfc-editor.org/info/rfc3710,200
rfc8711.xml,https://www.rfc-editor.org/info/rfc4071,200
rfc8711.xml,https://www.rfc-editor.org/info/rfc4333,200
rfc8711.xml,https://www.rfc-editor.org/info/rfc7691,200
rfc8711.xml,https://www.rfc-editor.org/info/rfc8714,200
rfc8711.xml,https://www.rfc-editor.org/info/rfc8718,200
rfc9135.xml,https://datatracker.ietf.org/doc/draft-ietf-bess-evpn-inter-subnet-forwarding-15,200
rfc9135.xml,https://dx.doi.org/10.17487/rfc9135,200
rfc9135.xml,https://www.rfc-editor.org/info/rfc9135,200
rfc9135.xml,https://trustee.ietf.org/license-info,200
rfc9135.xml,https://www.rfc-editor.org/info/rfc2119,200
rfc9135.xml,https://www.rfc-editor.org/info/rfc4364,200
rfc9135.xml,https://www.rfc-editor.org/info/rfc7432,200
rfc9135.xml,https://www.rfc-editor.org/info/rfc7606,200
rfc9135.xml,https://www.rfc-editor.org/info/rfc8174,200
rfc9135.xml,https://www.rfc-editor.org/info/rfc8365,200
rfc9135.xml,https://www.rfc-editor.org/info/rfc9012,200
rfc9135.xml,https://www.rfc-editor.org/info/rfc9136,200
rfc9135.xml,https://datatracker.ietf.org/doc/html/draft-ietf-bess-evpn-modes-interop-00,200
rfc9135.xml,https://www.ietf.org/internet-drafts/ draft-ietf-bess-evpn-modes-interop-00.txt,Connection error: URL can't contain control characters. '/internet-drafts/ draft-ietf-bess-evpn-modes-interop-00.txt' (found at least ' ')
rfc9135.xml,https://datatracker.ietf.org/doc/html/draft-ietf-bess-evpn-irb-extended-mobility-07,200
rfc9135.xml,https://www.ietf.org/internet-drafts/draft-ietf-bess-evpn-irb-extended-mobility-07.txt,Connection error: HTTP Error 404: Not Found
rfc9135.xml,https://www.rfc-editor.org/info/rfc4365,200
rfc9135.xml,https://www.rfc-editor.org/info/rfc5798,200
rfc9135.xml,https://www.rfc-editor.org/info/rfc7348,200
rfc9135.xml,https://www.rfc-editor.org/info/rfc7365,200
rfc9135.xml,https://www.rfc-editor.org/info/rfc7637,200
rfc9135.xml,https://datatracker.ietf.org/doc/html/draft-ietf-nvo3-vxlan-gpe-12,200
rfc9135.xml,https://www.ietf.org/internet-drafts/draft-ietf-nvo3-vxlan-gpe-12.txt,Connection error: HTTP Error 404: Not Found
rfc9644.xml,https://datatracker.ietf.org/doc/draft-ietf-netconf-ssh-client-server-40,200
rfc9644.xml,https://dx.doi.org/10.17487/rfc9644,200
rfc9644.xml,https://www.rfc-editor.org/info/rfc9644,200
rfc9644.xml,https://trustee.ietf.org/license-info,200
rfc9644.xml,https://www.rfc-editor.org/info/rfc2119,200
rfc9644.xml,https://www.rfc-editor.org/info/rfc4250,200
rfc9644.xml,https://www.rfc-editor.org/info/rfc4251,200
rfc9644.xml,https://www.rfc-editor.org/info/rfc4252,200
rfc9644.xml,https://www.rfc-editor.org/info/rfc4253,200
rfc9644.xml,https://www.rfc-editor.org/info/rfc4254,200
rfc9644.xml,https://www.rfc-editor.org/info/rfc6020,200
rfc9644.xml,https://www.rfc-editor.org/info/rfc6187,200
rfc9644.xml,https://www.rfc-editor.org/info/rfc6241,200
rfc9644.xml,https://www.rfc-editor.org/info/rfc6242,200
rfc9644.xml,https://www.rfc-editor.org/info/rfc6991,200
rfc9644.xml,https://www.rfc-editor.org/info/rfc7317,200
rfc9644.xml,https://www.rfc-editor.org/info/rfc7950,200
rfc9644.xml,https://www.rfc-editor.org/info/rfc8040,200
rfc9644.xml,https://www.rfc-editor.org/info/rfc8174,200
rfc9644.xml,https://www.rfc-editor.org/info/rfc8341,200
rfc9644.xml,https://www.rfc-editor.org/info/rfc8446,200
rfc9644.xml,https://www.rfc-editor.org/info/rfc9000,200
rfc9644.xml,https://www.rfc-editor.org/info/rfc9640,200
rfc9644.xml,https://www.rfc-editor.org/info/rfc9641,200
rfc9644.xml,https://www.rfc-editor.org/info/rfc9642,200
rfc9644.xml,https://csrc.nist.gov/pubs/fips/186-5/final,200
rfc9644.xml,https://datatracker.ietf.org/doc/html/draft-ietf-netconf-http-client-server-23,200
rfc9644.xml,https://www.iana.org/assignments/ssh-parameters/,200
rfc9644.xml,https://www.iana.org/assignments/ssh-parameters,200
rfc9644.xml,https://www.iana.org/assignments/ssh-parameters,200
rfc9644.xml,https://www.iana.org/assignments/ssh-parameters/,200
rfc9644.xml,https://www.iana.org/assignments/yang-parameters,200
rfc9644.xml,https://datatracker.ietf.org/doc/html/draft-ietf-netconf-netconf-client-server-37,200
rfc9644.xml,https://datatracker.ietf.org/doc/html/draft-ietf-netconf-restconf-client-server-38,200
rfc9644.xml,https://www.rfc-editor.org/info/rfc3688,200
rfc9644.xml,https://www.rfc-editor.org/info/rfc8071,200
rfc9644.xml,https://www.rfc-editor.org/info/rfc8259,200
rfc9644.xml,https://www.rfc-editor.org/info/rfc8340,200
rfc9644.xml,https://www.rfc-editor.org/info/rfc8342,200
rfc9644.xml,https://www.rfc-editor.org/info/rfc8407,200
rfc9644.xml,https://www.rfc-editor.org/info/rfc8792,200
rfc9644.xml,https://www.rfc-editor.org/info/rfc9643,200
rfc9644.xml,https://www.rfc-editor.org/info/rfc9645,200
rfc9644.xml,https://datatracker.ietf.org/doc/html/draft-ietf-netmod-system-config-09,200
rfc9644.xml,https://www.w3.org/TR/2008/REC-xml-20081126/,200
rfc9644.xml,https://datatracker.ietf.org/doc/html/draft-ietf-netmod-rfc8407bis-17,200
rfc9644.xml,https://www.python.org,200
rfc9570.xml,https://datatracker.ietf.org/doc/draft-ietf-mpls-lspping-norao-08,200
rfc9570.xml,https://dx.doi.org/10.17487/rfc9570,200
rfc9570.xml,https://www.rfc-editor.org/info/rfc9570,200
rfc9570.xml,https://trustee.ietf.org/license-info,200
rfc9570.xml,https://www.rfc-editor.org/info/rfc1122,200
rfc9570.xml,https://www.rfc-editor.org/info/rfc1812,200
rfc9570.xml,https://www.rfc-editor.org/info/rfc2113,200
rfc9570.xml,https://www.rfc-editor.org/info/rfc2119,200
rfc9570.xml,https://www.rfc-editor.org/info/rfc4291,200
rfc9570.xml,https://www.rfc-editor.org/info/rfc6398,200
rfc9570.xml,https://www.rfc-editor.org/info/rfc7506,200
rfc9570.xml,https://www.rfc-editor.org/info/rfc8029,200
rfc9570.xml,https://www.rfc-editor.org/info/rfc8126,200
rfc9570.xml,https://www.rfc-editor.org/info/rfc8174,200
rfc9570.xml,https://www.iana.org/assignments/ipv6-routeralert-values,200
rfc9570.xml,https://www.iana.org/assignments/mpls-lsp-ping-parameters,200
rfc9570.xml,https://www.rfc-editor.org/info/rfc3032,200
rfc9570.xml,https://www.rfc-editor.org/info/rfc6438,200
rfc9570.xml,https://www.rfc-editor.org/info/rfc6790,200
rfc9317.xml,https://datatracker.ietf.org/doc/draft-ietf-mops-streaming-opcons-12,200
rfc9317.xml,https://dx.doi.org/10.17487/rfc9317,200
rfc9317.xml,https://www.rfc-editor.org/info/rfc9317,200
rfc9317.xml,https://trustee.ietf.org/license-info,200
rfc9317.xml,https://doi.org/10.1109/COMST.2018.2862938,Connection error: HTTP Error 418: Unknown Code
rfc9317.xml,https://doi.org/10.3390/jcp1040039,200
rfc9317.xml,https://digitalcommons.law.scu.edu/chtlj/vol27/iss1/2/,200
rfc9317.xml,https://www.betterads.org/,200
rfc9317.xml,https://datatracker.ietf.org/doc/html/draft-cardwell-iccrg-bbr-congestion-control-02,200
rfc9317.xml,https://www.ietf.org/archive/id/draft-cardwell-iccrg-bbr-congestion-control-02.txt,200
rfc9317.xml,https://dl.acm.org/doi/abs/10.1145/1526709.1526745,Connection error: HTTP Error 403: Forbidden
rfc9317.xml,https://dl.acm.org/doi/abs/10.1145/1941487.1941498,Connection error: HTTP Error 403: Forbidden
rfc9317.xml,https://doi.org/10.1109/TMM.2021.3079288,Connection error: HTTP Error 418: Unknown Code
rfc9317.xml,https://dl.acm.org/doi/10.1145/3029806.3029821,Connection error: HTTP Error 403: Forbidden
rfc9317.xml,https://doi.org/10.1145/2209249.2209264,Connection error: HTTP Error 403: Forbidden
rfc9317.xml,https://web.mit.edu/copa/,200
rfc9317.xml,https://shop.cta.tech/products/streaming-quality-of-experience-events-properties-and-metrics,Connection error: HTTP Error 404: Not Found
rfc9317.xml,https://shop.cta.tech/products/web-application-video-ecosystem-common-media-client-data-cta-5004,200
rfc9317.xml,https://ieeexplore.ieee.org/document/6691442,Connection error: HTTP Error 418: Unknown Code
rfc9317.xml,https://developer.apple.com/documentation/http_live_streaming/hls_authoring_specification_for_apple_devices,200
rfc9317.xml,https://www.ietf.org/archive/id/draft-pantos-hls-rfc8216bis-11.txt,200
rfc9317.xml,https://www.iab.com/,Connection error: HTTP Error 403: Forbidden
rfc9317.xml,https://www.iso.org/standard/83102.html,200
rfc9317.xml,https://ee.lbl.gov/papers/congavoid.pdf,200
rfc9317.xml,https://dashif.org/docs/CR-Low-Latency-Live-r8.pdf,200
rfc9317.xml,https://doi.org/10.1109/ccnc08.2007.21,Connection error: HTTP Error 418: Unknown Code
rfc9317.xml,https://ieeexplore.ieee.org/document/9287117,Connection error: HTTP Error 418: Unknown Code
rfc9317.xml,https://dl.acm.org/doi/10.1145/1943552.1943574,Connection error: HTTP Error 403: Forbidden
rfc9317.xml,https://wiki.ietf.org/group/mops/rfc9317-additional-resources,200
rfc9317.xml,https://www.iso.org/standard/79106.html,200
rfc9317.xml,https://www.iso.org/standard/83314.html,200
rfc9317.xml,https://www.iso.org/standard/69079.html,200
rfc9317.xml,https://www.itu.int/rec/T-REC-H.222.0,200
rfc9317.xml,https://ieeexplore.ieee.org/document/9374648,Connection error: HTTP Error 418: Unknown Code
rfc9317.xml,https://hpbn.co/building-blocks-of-tcp/,Connection error: HTTP Error 403: Forbidden
rfc9317.xml,https://ieeexplore.ieee.org/document/8571288,Connection error: HTTP Error 418: Unknown Code
rfc9317.xml,https://www.iana.org/assignments/service-names-port-numbers,200
rfc9317.xml,https://www.rfc-editor.org/info/rfc2001,200
rfc9317.xml,https://www.rfc-editor.org/info/rfc2001,200
rfc9317.xml,https://www.rfc-editor.org/info/rfc2736,200
rfc9317.xml,https://www.rfc-editor.org/info/rfc2736,200
rfc9317.xml,https://www.rfc-editor.org/info/rfc3135,200
rfc9317.xml,https://www.rfc-editor.org/info/rfc3135,200
rfc9317.xml,https://www.rfc-editor.org/info/rfc3168,200
rfc9317.xml,https://www.rfc-editor.org/info/rfc3168,200
rfc9317.xml,https://www.rfc-editor.org/info/rfc3550,200
rfc9317.xml,https://www.rfc-editor.org/info/rfc3550,200
rfc9317.xml,https://www.rfc-editor.org/info/rfc3758,200
rfc9317.xml,https://www.rfc-editor.org/info/rfc3758,200
rfc9317.xml,https://www.rfc-editor.org/info/rfc4733,200
rfc9317.xml,https://www.rfc-editor.org/info/rfc4733,200
rfc9317.xml,https://www.rfc-editor.org/info/rfc5481,200
rfc9317.xml,https://www.rfc-editor.org/info/rfc5481,200
rfc9317.xml,https://www.rfc-editor.org/info/rfc5594,200
rfc9317.xml,https://www.rfc-editor.org/info/rfc5594,200
rfc9317.xml,https://www.rfc-editor.org/info/rfc5681,200
rfc9317.xml,https://www.rfc-editor.org/info/rfc5681,200
rfc9317.xml,https://www.rfc-editor.org/info/rfc5762,200
rfc9317.xml,https://www.rfc-editor.org/info/rfc5762,200
rfc9317.xml,https://www.rfc-editor.org/info/rfc6190,200
rfc9317.xml,https://www.rfc-editor.org/info/rfc6190,200
rfc9317.xml,https://www.rfc-editor.org/info/rfc6582,200
rfc9317.xml,https://www.rfc-editor.org/info/rfc6582,200
rfc9317.xml,https://www.rfc-editor.org/info/rfc6817,200
rfc9317.xml,https://www.rfc-editor.org/info/rfc6817,200
rfc9317.xml,https://www.rfc-editor.org/info/rfc6843,200
rfc9317.xml,https://www.rfc-editor.org/info/rfc6843,200
rfc9317.xml,https://www.rfc-editor.org/info/rfc7258,200
rfc9317.xml,https://www.rfc-editor.org/info/rfc7258,200
rfc9317.xml,https://www.rfc-editor.org/info/rfc7414,200
rfc9317.xml,https://www.rfc-editor.org/info/rfc7414,200
rfc9317.xml,https://www.rfc-editor.org/info/rfc7510,200
rfc9317.xml,https://www.rfc-editor.org/info/rfc7510,200
rfc9317.xml,https://www.rfc-editor.org/info/rfc7656,200
rfc9317.xml,https://www.rfc-editor.org/info/rfc7656,200
rfc9317.xml,https://www.rfc-editor.org/info/rfc7661,200
rfc9317.xml,https://www.rfc-editor.org/info/rfc7661,200
rfc9317.xml,https://www.rfc-editor.org/info/rfc8083,200
rfc9317.xml,https://www.rfc-editor.org/info/rfc8083,200
rfc9317.xml,https://www.rfc-editor.org/info/rfc8084,200
rfc9317.xml,https://www.rfc-editor.org/info/rfc8084,200
rfc9317.xml,https://www.rfc-editor.org/info/rfc8085,200
rfc9317.xml,https://www.rfc-editor.org/info/rfc8085,200
rfc9317.xml,https://www.rfc-editor.org/info/rfc8095,200
rfc9317.xml,https://www.rfc-editor.org/info/rfc8095,200
rfc9317.xml,https://www.rfc-editor.org/info/rfc8216,200
rfc9317.xml,https://www.rfc-editor.org/info/rfc8216,200
rfc9317.xml,https://www.rfc-editor.org/info/rfc8312,200
rfc9317.xml,https://www.rfc-editor.org/info/rfc8312,200
rfc9317.xml,https://www.rfc-editor.org/info/rfc8404,200
rfc9317.xml,https://www.rfc-editor.org/info/rfc8404,200
rfc9317.xml,https://www.rfc-editor.org/info/rfc8446,200
rfc9317.xml,https://www.rfc-editor.org/info/rfc8446,200
rfc9317.xml,https://www.rfc-editor.org/info/rfc8622,200
rfc9317.xml,https://www.rfc-editor.org/info/rfc8622,200
rfc9317.xml,https://www.rfc-editor.org/info/rfc8723,200
rfc9317.xml,https://www.rfc-editor.org/info/rfc8723,200
rfc9317.xml,https://www.rfc-editor.org/info/rfc8824,200
rfc9317.xml,https://www.rfc-editor.org/info/rfc8824,200
rfc9317.xml,https://www.rfc-editor.org/info/rfc8825,200
rfc9317.xml,https://www.rfc-editor.org/info/rfc8825,200
rfc9317.xml,https://www.rfc-editor.org/info/rfc8834,200
rfc9317.xml,https://www.rfc-editor.org/info/rfc8834,200
rfc9317.xml,https://www.rfc-editor.org/info/rfc8835,200
rfc9317.xml,https://www.rfc-editor.org/info/rfc8835,200
rfc9317.xml,https://www.rfc-editor.org/info/rfc8999,200
rfc9317.xml,https://www.rfc-editor.org/info/rfc8999,200
rfc9317.xml,https://www.rfc-editor.org/info/rfc9000,200
rfc9317.xml,https://www.rfc-editor.org/info/rfc9000,200
rfc9317.xml,https://www.rfc-editor.org/info/rfc9001,200
rfc9317.xml,https://www.rfc-editor.org/info/rfc9001,200
rfc9317.xml,https://www.rfc-editor.org/info/rfc9002,200
rfc9317.xml,https://www.rfc-editor.org/info/rfc9002,200
rfc9317.xml,https://www.rfc-editor.org/info/rfc9065,200
rfc9317.xml,https://www.rfc-editor.org/info/rfc9065,200
rfc9317.xml,https://www.rfc-editor.org/info/rfc9075,200
rfc9317.xml,https://www.rfc-editor.org/info/rfc9075,200
rfc9317.xml,https://www.rfc-editor.org/info/rfc9111,200
rfc9317.xml,https://www.rfc-editor.org/info/rfc9111,200
rfc9317.xml,https://www.rfc-editor.org/info/rfc9114,200
rfc9317.xml,https://www.rfc-editor.org/info/rfc9114,200
rfc9317.xml,https://www.rfc-editor.org/info/rfc9221,200
rfc9317.xml,https://www.rfc-editor.org/info/rfc9221,200
rfc9317.xml,https://www.rfc-editor.org/info/rfc9260,200
rfc9317.xml,https://www.rfc-editor.org/info/rfc9260,200
rfc9317.xml,https://www.rfc-editor.org/info/rfc9293,200
rfc9317.xml,https://www.rfc-editor.org/info/rfc9293,200
rfc9317.xml,https://www.rfc-editor.org/info/rfc9312,200
rfc9317.xml,https://www.rfc-editor.org/info/rfc9312,200
rfc9317.xml,https://datatracker.ietf.org/doc/draft-ietf-sframe-enc/,200
rfc9317.xml,https://datatracker.ietf.org/meeting/interim-2020-mops-01/materials/slides-interim-2020-mops-01-sessa-srt-protocol-overview-00,200
rfc9317.xml,https://ieeexplore.ieee.org/document/9133103,Connection error: HTTP Error 418: Unknown Code
rfc8781.xml,https://datatracker.ietf.org/doc/draft-ietf-6man-ra-pref64-09,200
rfc8781.xml,https://dx.doi.org/10.17487/rfc8781,200
rfc8781.xml,https://www.rfc-editor.org/info/rfc8781,200
rfc8781.xml,https://trustee.ietf.org/license-info,200
rfc8781.xml,https://www.iana.org/assignments/icmpv6-parameters,200
rfc8781.xml,https://www.rfc-editor.org/info/rfc2119,200
rfc8781.xml,https://www.rfc-editor.org/info/rfc4861,200
rfc8781.xml,https://www.rfc-editor.org/info/rfc6052,200
rfc8781.xml,https://www.rfc-editor.org/info/rfc7050,200
rfc8781.xml,https://www.rfc-editor.org/info/rfc8174,200
rfc8781.xml,https://www.rfc-editor.org/info/rfc1918,200
rfc8781.xml,https://www.rfc-editor.org/info/rfc6104,200
rfc8781.xml,https://www.rfc-editor.org/info/rfc6105,200
rfc8781.xml,https://www.rfc-editor.org/info/rfc6146,200
rfc8781.xml,https://www.rfc-editor.org/info/rfc6147,200
rfc8781.xml,https://www.rfc-editor.org/info/rfc6877,200
rfc8781.xml,https://www.rfc-editor.org/info/rfc7225,200
rfc8781.xml,https://www.rfc-editor.org/info/rfc7556,200
rfc8781.xml,https://www.rfc-editor.org/info/rfc7858,200
rfc8781.xml,https://www.rfc-editor.org/info/rfc8305,200
rfc8781.xml,https://www.rfc-editor.org/info/rfc8484,200
rfc9087.xml,https://datatracker.ietf.org/doc/draft-ietf-spring-segment-routing-central-epe-10,200
rfc9087.xml,https://dx.doi.org/10.17487/rfc9087,200
rfc9087.xml,https://www.rfc-editor.org/info/rfc9087,200
rfc9087.xml,https://trustee.ietf.org/license-info,200
rfc9087.xml,https://www.rfc-editor.org/info/rfc2119,200
rfc9087.xml,https://www.rfc-editor.org/info/rfc7752,200
rfc9087.xml,https://www.rfc-editor.org/info/rfc8174,200
rfc9087.xml,https://www.rfc-editor.org/info/rfc8402,200
rfc9087.xml,https://www.rfc-editor.org/info/rfc9086,200
rfc9087.xml,https://www.rfc-editor.org/info/rfc6241,200
rfc9087.xml,https://www.rfc-editor.org/info/rfc7011,200
rfc9087.xml,https://www.rfc-editor.org/info/rfc7854,200
rfc9087.xml,https://www.rfc-editor.org/info/rfc7855,200
rfc9087.xml,https://www.rfc-editor.org/info/rfc7911,200
rfc9087.xml,https://www.rfc-editor.org/info/rfc8277,200
rfc9087.xml,https://www.rfc-editor.org/info/rfc8281,200
rfc9087.xml,https://www.rfc-editor.org/info/rfc8570,200
rfc9087.xml,https://www.rfc-editor.org/info/rfc8571,200
rfc9087.xml,https://www.rfc-editor.org/info/rfc8664,200
rfc8777.xml,https://datatracker.ietf.org/doc/draft-ietf-mboned-driad-amt-discovery-13,200
rfc8777.xml,https://dx.doi.org/10.17487/rfc8777,200
rfc8777.xml,https://www.rfc-editor.org/info/rfc8777,200
rfc8777.xml,https://trustee.ietf.org/license-info,200
rfc8777.xml,https://www.rfc-editor.org/info/rfc1034,200
rfc8777.xml,https://www.rfc-editor.org/info/rfc1035,200
rfc8777.xml,https://www.rfc-editor.org/info/rfc2119,200
rfc8777.xml,https://www.rfc-editor.org/info/rfc2181,200
rfc8777.xml,https://www.rfc-editor.org/info/rfc2782,200
rfc8777.xml,https://www.rfc-editor.org/info/rfc3376,200
rfc8777.xml,https://www.rfc-editor.org/info/rfc3596,200
rfc8777.xml,https://www.rfc-editor.org/info/rfc3597,200
rfc8777.xml,https://www.rfc-editor.org/info/rfc3810,200
rfc8777.xml,https://www.rfc-editor.org/info/rfc4604,200
rfc8777.xml,https://www.rfc-editor.org/info/rfc4607,200
rfc8777.xml,https://www.rfc-editor.org/info/rfc6724,200
rfc8777.xml,https://www.rfc-editor.org/info/rfc6763,200
rfc8777.xml,https://www.rfc-editor.org/info/rfc7450,200
rfc8777.xml,https://www.rfc-editor.org/info/rfc8085,200
rfc8777.xml,https://www.rfc-editor.org/info/rfc8174,200
rfc8777.xml,https://www.rfc-editor.org/info/rfc8305,200
rfc8777.xml,https://www.rfc-editor.org/info/rfc8499,200
rfc8777.xml,https://www.rfc-editor.org/info/rfc2317,200
rfc8777.xml,https://www.rfc-editor.org/info/rfc2845,200
rfc8777.xml,https://www.rfc-editor.org/info/rfc2931,200
rfc8777.xml,https://www.rfc-editor.org/info/rfc3550,200
rfc8777.xml,https://www.rfc-editor.org/info/rfc4025,200
rfc8777.xml,https://www.rfc-editor.org/info/rfc4301,200
rfc8777.xml,https://www.rfc-editor.org/info/rfc4787,200
rfc8777.xml,https://www.rfc-editor.org/info/rfc5110,200
rfc8777.xml,https://www.rfc-editor.org/info/rfc6726,200
rfc8777.xml,https://www.rfc-editor.org/info/rfc7359,200
rfc8777.xml,https://www.rfc-editor.org/info/rfc7761,200
rfc8777.xml,https://www.rfc-editor.org/info/rfc7858,200
rfc8777.xml,https://www.rfc-editor.org/info/rfc8126,200
rfc8777.xml,https://www.rfc-editor.org/info/rfc8313,200
rfc8777.xml,https://www.rfc-editor.org/info/rfc8484,200
rfc8896.xml,https://datatracker.ietf.org/doc/draft-ietf-alto-cost-calendar-21,200
rfc8896.xml,https://dx.doi.org/10.17487/rfc8896,200
rfc8896.xml,https://www.rfc-editor.org/info/rfc8896,200
rfc8896.xml,https://trustee.ietf.org/license-info,200
rfc8896.xml,https://doi.org/10.1109/IEEESTD.2019.8766229,Connection error: HTTP Error 418: Unknown Code
rfc8896.xml,https://www.rfc-editor.org/info/rfc2119,200
rfc8896.xml,https://www.rfc-editor.org/info/rfc5246,200
rfc8896.xml,https://www.rfc-editor.org/info/rfc7231,200
rfc8896.xml,https://www.rfc-editor.org/info/rfc7285,200
rfc8896.xml,https://www.rfc-editor.org/info/rfc8174,200
rfc8896.xml,https://www.rfc-editor.org/info/rfc8189,200
rfc8896.xml,https://www.rfc-editor.org/info/rfc8259,200
rfc8896.xml,https://www.rfc-editor.org/info/rfc8446,200
rfc8896.xml,https://www.rfc-editor.org/info/rfc8895,200
rfc8896.xml,https://tools.ietf.org/html/draft-ietf-alto-performance-metrics-09,200
rfc8896.xml,https://www.ietf.org/internet-drafts/draft-ietf-alto-performance-metrics-09.txt,Connection error: HTTP Error 404: Not Found
rfc8896.xml,https://doi.org/10.1287/trsc.17.3.301,Connection error: HTTP Error 403: Forbidden
rfc8896.xml,https://www.rfc-editor.org/info/rfc2818,200
rfc8896.xml,https://www.rfc-editor.org/info/rfc5693,200
rfc8896.xml,https://www.rfc-editor.org/info/rfc6708,200
rfc8896.xml,https://www.rfc-editor.org/info/rfc7159,200
rfc8896.xml,https://doi.org/10.1145/863955.863974,Connection error: HTTP Error 403: Forbidden
rfc8896.xml,http://sense.es.net/overview,Connection error: HTTP Error 404: Not Found
rfc8896.xml,https://doi.org/10.1016/j.future.2018.09.048,200
rfc9230.xml,https://datatracker.ietf.org/doc/draft-pauly-dprive-oblivious-doh-11,200
rfc9230.xml,https://dx.doi.org/10.17487/rfc9230,200
rfc9230.xml,https://www.rfc-editor.org/info/rfc9230,200
rfc9230.xml,https://trustee.ietf.org/license-info,200
rfc9230.xml,https://www.rfc-editor.org/info/rfc9180,200
rfc9230.xml,https://www.rfc-editor.org/info/rfc9110,200
rfc9230.xml,https://www.rfc-editor.org/info/rfc2119,200
rfc9230.xml,https://www.rfc-editor.org/info/rfc4086,200
rfc9230.xml,https://www.rfc-editor.org/info/rfc6570,200
rfc9230.xml,https://www.rfc-editor.org/info/rfc8174,200
rfc9230.xml,https://www.rfc-editor.org/info/rfc8446,200
rfc9230.xml,https://www.rfc-editor.org/info/rfc8467,200
rfc9230.xml,https://www.rfc-editor.org/info/rfc8484,200
rfc9230.xml,https://www.rfc-editor.org/info/rfc9209,200
rfc9230.xml,https://www.cs.huji.ac.il/~dolev/pubs/dolev-yao-ieee-01056650.pdf,200
rfc9230.xml,https://datatracker.ietf.org/doc/html/draft-annee-dprive-oblivious-dns-00,200
rfc9230.xml,https://www.ietf.org/archive/id/draft-annee-dprive-oblivious-dns-00.txt,200
rfc9230.xml,https://datatracker.ietf.org/doc/html/draft-ietf-ohai-ohttp-01,200
rfc9230.xml,https://www.rfc-editor.org/info/rfc7239,200
rfc9230.xml,https://www.rfc-editor.org/info/rfc7871,200
rfc9332.xml,https://datatracker.ietf.org/doc/draft-ietf-tsvwg-aqm-dualq-coupled-25,200
rfc9332.xml,https://dx.doi.org/10.17487/rfc9332,200
rfc9332.xml,https://www.rfc-editor.org/info/rfc9332,200
rfc9332.xml,https://trustee.ietf.org/license-info,200
rfc9332.xml,https://www.rfc-editor.org/info/rfc2119,200
rfc9332.xml,https://www.rfc-editor.org/info/rfc2119,200
rfc9332.xml,https://www.rfc-editor.org/info/rfc3168,200
rfc9332.xml,https://www.rfc-editor.org/info/rfc3168,200
rfc9332.xml,https://www.rfc-editor.org/info/rfc8311,200
rfc9332.xml,https://www.rfc-editor.org/info/rfc8311,200
rfc9332.xml,https://www.rfc-editor.org/info/rfc9331,200
rfc9332.xml,https://dl.acm.org/citation.cfm?id=1993753,Connection error: HTTP Error 403: Forbidden
rfc9332.xml,https://people.csail.mit.edu/alizadeh/papers/dctcp_analysis-sigmetrics11.pdf,200
rfc9332.xml,https://www.cs.purdue.edu/homes/fahmy/papers/ldc.pdf,200
rfc9332.xml,https://www.icsi.berkeley.edu/icsi/node/2032,202
rfc9332.xml,https://datatracker.ietf.org/doc/html/draft-cardwell-iccrg-bbr-congestion-control-02,200
rfc9332.xml,https://github.com/google/bbr,200
rfc9332.xml,https://dl.acm.org/doi/abs/10.1145/3402413.3402419,Connection error: HTTP Error 403: Forbidden
rfc9332.xml,https://doi.org/10.1145/3366693,Connection error: HTTP Error 403: Forbidden
rfc9332.xml,https://dl.acm.org/doi/10.1145/3366693,Connection error: HTTP Error 403: Forbidden
rfc9332.xml,https://queue.acm.org/issuedetail.cfm?issue=2208917,Connection error: HTTP Error 403: Forbidden
rfc9332.xml,https://arxiv.org/abs/1904.07339,200
rfc9332.xml,https://arxiv.org/pdf/1904.07339,200
rfc9332.xml,https://datatracker.ietf.org/doc/html/draft-briscoe-docsis-q-protection-06,200
rfc9332.xml,https://specification-search.cablelabs.com/CM-SP-MULPIv3,Connection error: HTTP Error 403: Forbidden
rfc9332.xml,https://www.netdevconf.org/0x13/session.html?talk-DUALPI2-AQM,200
rfc9332.xml,https://www.files.netdevconf.org/f/febbe8c6a05b4ceab641/?dl=1,"Connection error: <urlopen error [SSL: CERTIFICATE_VERIFY_FAILED] certificate verify failed: Hostname mismatch, certificate is not valid for 'www.files.netdevconf.org'. (_ssl.c:1006)>"
rfc9332.xml,https://dl.acm.org/doi/10.1145/1111322.1111336,Connection error: HTTP Error 403: Forbidden
rfc9332.xml,https://github.com/heistp/l4s-tests,200
rfc9332.xml,https://datatracker.ietf.org/doc/html/draft-briscoe-tsvwg-l4s-diffserv-02,200
rfc9332.xml,https://www.ietf.org/archive/id/draft-briscoe-tsvwg-l4s-diffserv-02.txt,200
rfc9332.xml,https://dl.acm.org/citation.cfm?doid=2910017.2910633,Connection error: HTTP Error 403: Forbidden
rfc9332.xml,https://dl.acm.org/citation.cfm?doid=2910017.2910633,Connection error: HTTP Error 403: Forbidden
rfc9332.xml,https://arxiv.org/abs/2209.01078,200
rfc9332.xml,https://www.ericsson.com/en/reports-and-papers/white-papers/enabling-time-critical-applications-over-5g-with-rate-adaptation,Connection error: HTTP Error 403: Forbidden
rfc9332.xml,https://www.ericsson.com/49bc82/assets/local/reports-papers/white-papers/26052021-enabling-time-critical-applications-over-5g-with-rate-adaptation-whitepaper.pdf,Connection error: HTTP Error 403: Forbidden
rfc9332.xml,https://doi.org/10.1145/1851275.1851194,Connection error: HTTP Error 403: Forbidden
rfc9332.xml,https://dl.acm.org/doi/pdf/10.1145/1851182.1851194,Connection error: HTTP Error 403: Forbidden
rfc9332.xml,https://cablela.bs/low-latency-docsis-technology-overview-february-2019,Connection error: HTTP Error 403: Forbidden
rfc9332.xml,https://doi.org/10.1109/INFCOM.2003.1208948,Connection error: HTTP Error 418: Unknown Code
rfc9332.xml,https://dl.acm.org/doi/10.1145/2999572.2999578,Connection error: HTTP Error 403: Forbidden
rfc9332.xml,https://arxiv.org/abs/2107.01003,200
rfc9332.xml,https://arxiv.org/pdf/2107.01003,200
rfc9332.xml,https://datatracker.ietf.org/doc/html/draft-briscoe-iccrg-prague-congestion-control-01,200
rfc9332.xml,https://www.ietf.org/archive/id/draft-briscoe-iccrg-prague-congestion-control-01.txt,200
rfc9332.xml,https://www.netdevconf.org/0x13/session.html?talk-tcp-prague-l4s,200
rfc9332.xml,https://dl.acm.org/doi/10.1109/90.251892,Connection error: HTTP Error 403: Forbidden
rfc9332.xml,https://datatracker.ietf.org/doc/html/draft-mathis-iccrg-relentless-tcp-00,200
rfc9332.xml,https://www.ietf.org/archive/id/draft-mathis-iccrg-relentless-tcp-00.txt,200
rfc9332.xml,https://www.rfc-editor.org/info/rfc970,200
rfc9332.xml,https://www.rfc-editor.org/info/rfc970,200
rfc9332.xml,https://www.rfc-editor.org/info/rfc2914,200
rfc9332.xml,https://www.rfc-editor.org/info/rfc2914,200
rfc9332.xml,https://www.rfc-editor.org/info/rfc3246,200
rfc9332.xml,https://www.rfc-editor.org/info/rfc3246,200
rfc9332.xml,https://www.rfc-editor.org/info/rfc3649,200
rfc9332.xml,https://www.rfc-editor.org/info/rfc3649,200
rfc9332.xml,https://www.rfc-editor.org/info/rfc5033,200
rfc9332.xml,https://www.rfc-editor.org/info/rfc5033,200
rfc9332.xml,https://www.rfc-editor.org/info/rfc5348,200
rfc9332.xml,https://www.rfc-editor.org/info/rfc5348,200
rfc9332.xml,https://www.rfc-editor.org/info/rfc5681,200
rfc9332.xml,https://www.rfc-editor.org/info/rfc5681,200
rfc9332.xml,https://www.rfc-editor.org/info/rfc5706,200
rfc9332.xml,https://www.rfc-editor.org/info/rfc5706,200
rfc9332.xml,https://www.rfc-editor.org/info/rfc7567,200
rfc9332.xml,https://www.rfc-editor.org/info/rfc7567,200
rfc9332.xml,https://www.rfc-editor.org/info/rfc8033,200
rfc9332.xml,https://www.rfc-editor.org/info/rfc8033,200
rfc9332.xml,https://www.rfc-editor.org/info/rfc8034,200
rfc9332.xml,https://www.rfc-editor.org/info/rfc8034,200
rfc9332.xml,https://www.rfc-editor.org/info/rfc8174,200
rfc9332.xml,https://www.rfc-editor.org/info/rfc8174,200
rfc9332.xml,https://www.rfc-editor.org/info/rfc8257,200
rfc9332.xml,https://www.rfc-editor.org/info/rfc8257,200
rfc9332.xml,https://www.rfc-editor.org/info/rfc8290,200
rfc9332.xml,https://www.rfc-editor.org/info/rfc8290,200
rfc9332.xml,https://www.rfc-editor.org/info/rfc8298,200
rfc9332.xml,https://www.rfc-editor.org/info/rfc8298,200
rfc9332.xml,https://www.rfc-editor.org/info/rfc8312,200
rfc9332.xml,https://www.rfc-editor.org/info/rfc8312,200
rfc9332.xml,https://www.rfc-editor.org/info/rfc8404,200
rfc9332.xml,https://www.rfc-editor.org/info/rfc8404,200
rfc9332.xml,https://www.rfc-editor.org/info/rfc9000,200
rfc9332.xml,https://www.rfc-editor.org/info/rfc9000,200
rfc9332.xml,https://www.rfc-editor.org/info/rfc9330,200
rfc9332.xml,https://github.com/EricssonResearch/scream,200
rfc9332.xml,https://arxiv.org/abs/1904.07044,200
rfc9332.xml,https://arxiv.org/pdf/1904.07044,200
rfc9332.xml,https://github.com/L4STeam/sch_dualpi2_upstream,200
rfc9022.xml,https://datatracker.ietf.org/doc/draft-ietf-regext-dnrd-objects-mapping-11,200
rfc9022.xml,https://dx.doi.org/10.17487/rfc9022,200
rfc9022.xml,https://www.rfc-editor.org/info/rfc9022,200
rfc9022.xml,https://trustee.ietf.org/license-info,200
rfc9022.xml,https://www.rfc-editor.org/info/bcp195,200
rfc9022.xml,https://www.rfc-editor.org/info/rfc7525,200
rfc9022.xml,https://www.rfc-editor.org/info/rfc791,200
rfc9022.xml,https://www.rfc-editor.org/info/rfc2119,200
rfc9022.xml,https://www.rfc-editor.org/info/rfc3339,200
rfc9022.xml,https://www.rfc-editor.org/info/rfc3915,200
rfc9022.xml,https://www.rfc-editor.org/info/rfc5730,200
rfc9022.xml,https://www.rfc-editor.org/info/rfc5731,200
rfc9022.xml,https://www.rfc-editor.org/info/rfc5732,200
rfc9022.xml,https://www.rfc-editor.org/info/rfc5733,200
rfc9022.xml,https://www.rfc-editor.org/info/rfc5891,200
rfc9022.xml,https://www.rfc-editor.org/info/rfc5910,200
rfc9022.xml,https://www.rfc-editor.org/info/rfc5952,200
rfc9022.xml,https://www.rfc-editor.org/info/rfc6234,200
rfc9022.xml,https://www.rfc-editor.org/info/rfc8174,200
rfc9022.xml,https://www.rfc-editor.org/info/rfc8499,200
rfc9022.xml,https://www.rfc-editor.org/info/rfc8909,200
rfc9022.xml,https://www.itu.int/rec/T-REC-V.42/en,200
rfc9022.xml,https://www.w3.org/TR/2008/REC-xml-20081126/,200
rfc9022.xml,https://www.w3.org/TR/2004/REC-xmlschema-1-20041028/,200
rfc9022.xml,https://www.w3.org/TR/2004/REC-xmlschema-2-20041028/,200
rfc9022.xml,https://www.w3.org/TR/2017/REC-xpath-31-20170321/,200
rfc9022.xml,http://newgtlds.icann.org/en/applicants/agb/guidebook-full-04jun12-en.pdf,200
rfc9022.xml,https://newgtlds.icann.org/sites/default/files/agreements/agreement-approved-31jul17-en.pdf,200
rfc9022.xml,https://www.rfc-editor.org/info/rfc1952,200
rfc9022.xml,https://www.rfc-editor.org/info/rfc2818,200
rfc9022.xml,https://www.rfc-editor.org/info/rfc3688,200
rfc9022.xml,https://www.rfc-editor.org/info/rfc3912,200
rfc9022.xml,https://www.rfc-editor.org/info/rfc4180,200
rfc9022.xml,https://www.rfc-editor.org/info/rfc6672,200
rfc9022.xml,https://www.icann.org/en/system/files/files/idn-vip-integrated-issues-final-clean-20feb12-en.pdf,Connection error: HTTP Error 403: Forbidden
rfc9058.xml,https://datatracker.ietf.org/doc/draft-smyshlyaev-mgm-20,200
rfc9058.xml,https://dx.doi.org/10.17487/rfc9058,200
rfc9058.xml,https://www.rfc-editor.org/info/rfc9058,200
rfc9058.xml,https://trustee.ietf.org/license-info,200
rfc9058.xml,https://www.rfc-editor.org/info/rfc2119,200
rfc9058.xml,https://www.rfc-editor.org/info/rfc7801,200
rfc9058.xml,https://www.rfc-editor.org/info/rfc8174,200
rfc9058.xml,https://www.rfc-editor.org/info/rfc8891,200
rfc9058.xml,https://datatracker.ietf.org/doc/html/draft-irtf-cfrg-aead-limits-02,200
rfc9058.xml,https://www.ietf.org/archive/id/draft-irtf-cfrg-aead-limits-02.txt,200
rfc9058.xml,https://doi.org/10.1007/978-3-642-34047-5_13,200
rfc9060.xml,https://datatracker.ietf.org/doc/draft-ietf-stir-cert-delegation-04,200
rfc9060.xml,https://dx.doi.org/10.17487/rfc9060,200
rfc9060.xml,https://www.rfc-editor.org/info/rfc9060,200
rfc9060.xml,https://trustee.ietf.org/license-info,200
rfc9060.xml,https://www.rfc-editor.org/info/rfc2119,200
rfc9060.xml,https://www.rfc-editor.org/info/rfc3986,200
rfc9060.xml,https://www.rfc-editor.org/info/rfc5280,200
rfc9060.xml,https://www.rfc-editor.org/info/rfc8174,200
rfc9060.xml,https://www.rfc-editor.org/info/rfc8224,200
rfc9060.xml,https://www.rfc-editor.org/info/rfc8225,200
rfc9060.xml,https://www.rfc-editor.org/info/rfc8226,200
rfc9060.xml,https://www.rfc-editor.org/info/rfc8555,200
rfc9060.xml,https://datatracker.ietf.org/doc/html/draft-ietf-acme-authority-token-06,200
rfc9060.xml,https://www.ietf.org/archive/id/draft-ietf-acme-authority-token-06.txt,200
rfc9060.xml,https://datatracker.ietf.org/doc/html/draft-ietf-acme-authority-token-tnauthlist-08,200
rfc9060.xml,https://www.ietf.org/archive/id/draft-ietf-acme-authority-token-tnauthlist-08.txt,200
rfc9060.xml,https://www.rfc-editor.org/info/rfc3261,200
rfc9060.xml,https://www.rfc-editor.org/info/rfc3647,200
rfc9060.xml,https://www.rfc-editor.org/info/rfc6480,200
rfc9060.xml,https://www.rfc-editor.org/info/rfc7340,200
rfc9060.xml,https://www.rfc-editor.org/info/rfc7375,200
rfc9060.xml,https://www.rfc-editor.org/info/rfc8739,200
rfc9060.xml,https://datatracker.ietf.org/doc/html/draft-ietf-tls-subcerts-10,200
rfc9060.xml,https://www.ietf.org/archive/id/draft-ietf-tls-subcerts-10.txt,200
rfc9060.xml,https://www.itu.int/rec/T-REC-X.509,200
rfc9473.xml,https://datatracker.ietf.org/doc/draft-irtf-panrg-path-properties-08,200
rfc9473.xml,https://dx.doi.org/10.17487/rfc9473,200
rfc9473.xml,https://www.rfc-editor.org/info/rfc9473,200
rfc9473.xml,https://trustee.ietf.org/license-info,200
rfc9473.xml,https://datatracker.ietf.org/doc/html/draft-ietf-teas-ietf-network-slices-24,200
rfc9473.xml,https://datatracker.ietf.org/doc/html/draft-ietf-idr-performance-routing-03,200
rfc9473.xml,https://www.rfc-editor.org/info/rfc1122,200
rfc9473.xml,https://www.rfc-editor.org/info/rfc1930,200
rfc9473.xml,https://www.rfc-editor.org/info/rfc1940,200
rfc9473.xml,https://www.rfc-editor.org/info/rfc2784,200
rfc9473.xml,https://www.rfc-editor.org/info/rfc3357,200
rfc9473.xml,https://www.rfc-editor.org/info/rfc3393,200
rfc9473.xml,https://www.rfc-editor.org/info/rfc4271,200
rfc9473.xml,https://www.rfc-editor.org/info/rfc5136,200
rfc9473.xml,https://www.rfc-editor.org/info/rfc5693,200
rfc9473.xml,https://www.rfc-editor.org/info/rfc6534,200
rfc9473.xml,https://www.rfc-editor.org/info/rfc7665,200
rfc9473.xml,https://www.rfc-editor.org/info/rfc7676,200
rfc9473.xml,https://www.rfc-editor.org/info/rfc7679,200
rfc9473.xml,https://www.rfc-editor.org/info/rfc7680,200
rfc9473.xml,https://www.rfc-editor.org/info/rfc8175,200
rfc9473.xml,https://www.rfc-editor.org/info/rfc8548,200
rfc9473.xml,https://www.rfc-editor.org/info/rfc8558,200
rfc9473.xml,https://www.rfc-editor.org/info/rfc8684,200
rfc9473.xml,https://www.rfc-editor.org/info/rfc8803,200
rfc9473.xml,https://www.rfc-editor.org/info/rfc9000,200
rfc9473.xml,https://www.rfc-editor.org/info/rfc9049,200
rfc9473.xml,https://www.rfc-editor.org/info/rfc9097,200
rfc9473.xml,https://www.rfc-editor.org/info/rfc9110,200
rfc9473.xml,https://www.rfc-editor.org/info/rfc9217,200
rfc9473.xml,https://www.rfc-editor.org/info/rfc9275,200
rfc9473.xml,https://www.rfc-editor.org/info/rfc9298,200
rfc9473.xml,https://www.rfc-editor.org/info/rfc9439,200
rfc9737.xml,https://datatracker.ietf.org/doc/draft-ietf-nfsv4-layrec-04,200
rfc9737.xml,https://dx.doi.org/10.17487/rfc9737,200
rfc9737.xml,https://www.rfc-editor.org/info/rfc9737,200
rfc9737.xml,https://trustee.ietf.org/license-info,200
rfc9737.xml,https://www.rfc-editor.org/info/rfc2119,200
rfc9737.xml,https://www.rfc-editor.org/info/rfc4506,200
rfc9737.xml,https://www.rfc-editor.org/info/rfc7862,200
rfc9737.xml,https://www.rfc-editor.org/info/rfc7863,200
rfc9737.xml,https://www.rfc-editor.org/info/rfc8174,200
rfc9737.xml,https://www.rfc-editor.org/info/rfc8178,200
rfc9737.xml,https://www.rfc-editor.org/info/rfc8435,200
rfc9737.xml,https://www.rfc-editor.org/info/rfc8881,200
rfc9165.xml,https://datatracker.ietf.org/doc/draft-ietf-cbor-cddl-control-07,200
rfc9165.xml,https://dx.doi.org/10.17487/rfc9165,200
rfc9165.xml,https://www.rfc-editor.org/info/rfc9165,200
rfc9165.xml,https://trustee.ietf.org/license-info,200
rfc9165.xml,https://www.iana.org/assignments/cddl,200
rfc9165.xml,https://www.rfc-editor.org/info/rfc2119,200
rfc9165.xml,https://www.rfc-editor.org/info/rfc5234,200
rfc9165.xml,https://www.rfc-editor.org/info/rfc7405,200
rfc9165.xml,https://www.rfc-editor.org/info/rfc8174,200
rfc9165.xml,https://www.rfc-editor.org/info/rfc8610,200
rfc9165.xml,https://www.rfc-editor.org/info/rfc3339,200
rfc9165.xml,https://www.rfc-editor.org/info/rfc8428,200
rfc9165.xml,https://www.rfc-editor.org/info/rfc8943,200
rfc9165.xml,https://www.rfc-editor.org/info/rfc8949,200
rfc9673.xml,https://datatracker.ietf.org/doc/draft-ietf-6man-hbh-processing-20,200
rfc9673.xml,https://dx.doi.org/10.17487/rfc9673,200
rfc9673.xml,https://www.rfc-editor.org/info/rfc9673,200
rfc9673.xml,https://trustee.ietf.org/license-info,200
rfc9673.xml,https://www.iana.org/assignments/ipv6-parameters/,200
rfc9673.xml,https://www.rfc-editor.org/info/rfc2119,200
rfc9673.xml,https://www.rfc-editor.org/info/rfc8174,200
rfc9673.xml,https://www.rfc-editor.org/info/rfc8200,200
rfc9673.xml,http://www.iepg.org/2023-03-26-ietf116/eh.pdf,Connection error: HTTP Error 403: Forbidden
rfc9673.xml,https://www.sciencedirect.com/science/article/pii/S0140366423003705,Connection error: HTTP Error 403: Forbidden
rfc9673.xml,https://datatracker.ietf.org/doc/html/draft-ietf-v6ops-hbh-10,200
rfc9673.xml,http://dl.ifip.org/db/conf/tma/tma2017/tma2017_paper22.pdf,200
rfc9673.xml,https://www.iana.org/assignments/ipv6-routeralert-values/,200
rfc9673.xml,https://www.rfc-editor.org/info/rfc1883,200
rfc9673.xml,https://www.rfc-editor.org/info/rfc2460,200
rfc9673.xml,https://www.rfc-editor.org/info/rfc2711,200
rfc9673.xml,https://www.rfc-editor.org/info/rfc4443,200
rfc9673.xml,https://www.rfc-editor.org/info/rfc6192,200
rfc9673.xml,https://www.rfc-editor.org/info/rfc6398,200
rfc9673.xml,https://www.rfc-editor.org/info/rfc6564,200
rfc9673.xml,https://www.rfc-editor.org/info/rfc7045,200
rfc9673.xml,https://www.rfc-editor.org/info/rfc7872,200
rfc9673.xml,https://www.rfc-editor.org/info/rfc8799,200
rfc9673.xml,https://www.rfc-editor.org/info/rfc9098,200
rfc9673.xml,https://www.rfc-editor.org/info/rfc9268,200
rfc9673.xml,https://www.rfc-editor.org/info/rfc9288,200
rfc9673.xml,https://datatracker.ietf.org/doc/html/draft-ietf-taps-arch-19,200
rfc9673.xml,https://irtf.org/anrw/2017/anrw17-final16.pdf,Connection error: HTTP Error 403: Forbidden
rfc9051.xml,https://datatracker.ietf.org/doc/draft-ietf-extra-imap4rev2-30,200
rfc9051.xml,https://dx.doi.org/10.17487/rfc9051,200
rfc9051.xml,https://www.rfc-editor.org/info/rfc9051,200
rfc9051.xml,https://trustee.ietf.org/license-info,200
rfc9051.xml,https://www.rfc-editor.org/info/rfc5234,200
rfc9051.xml,https://www.rfc-editor.org/info/bcp178,200
rfc9051.xml,https://www.rfc-editor.org/info/rfc6648,200
rfc9051.xml,https://www.rfc-editor.org/info/rfc2978,200
rfc9051.xml,https://www.rfc-editor.org/info/rfc2183,200
rfc9051.xml,https://www.rfc-editor.org/info/rfc6532,200
rfc9051.xml,https://www.rfc-editor.org/info/rfc2683,200
rfc9051.xml,https://www.rfc-editor.org/info/rfc2180,200
rfc9051.xml,https://www.rfc-editor.org/info/rfc3282,200
rfc9051.xml,https://www.rfc-editor.org/info/rfc2557,200
rfc9051.xml,https://www.rfc-editor.org/info/rfc1864,200
rfc9051.xml,https://www.rfc-editor.org/info/rfc2047,200
rfc9051.xml,https://www.rfc-editor.org/info/rfc2045,200
rfc9051.xml,https://www.rfc-editor.org/info/rfc2046,200
rfc9051.xml,https://www.rfc-editor.org/info/rfc3502,200
rfc9051.xml,https://www.rfc-editor.org/info/rfc5198,200
rfc9051.xml,https://www.rfc-editor.org/info/rfc4616,200
rfc9051.xml,https://www.rfc-editor.org/info/rfc2077,200
rfc9051.xml,https://www.rfc-editor.org/info/rfc2119,200
rfc9051.xml,https://www.rfc-editor.org/info/rfc2231,200
rfc9051.xml,https://www.rfc-editor.org/info/rfc3503,200
rfc9051.xml,https://www.rfc-editor.org/info/rfc4648,200
rfc9051.xml,https://www.rfc-editor.org/info/rfc4752,200
rfc9051.xml,https://www.rfc-editor.org/info/rfc5258,200
rfc9051.xml,https://www.rfc-editor.org/info/rfc5322,200
rfc9051.xml,https://www.rfc-editor.org/info/rfc5788,200
rfc9051.xml,https://www.rfc-editor.org/info/rfc7525,200
rfc9051.xml,https://www.rfc-editor.org/info/rfc7817,200
rfc9051.xml,https://www.rfc-editor.org/info/rfc8081,200
rfc9051.xml,https://www.rfc-editor.org/info/rfc8098,200
rfc9051.xml,https://www.rfc-editor.org/info/rfc8174,200
rfc9051.xml,https://www.rfc-editor.org/info/rfc8314,200
rfc9051.xml,https://www.rfc-editor.org/info/rfc4422,200
rfc9051.xml,https://www.rfc-editor.org/info/rfc7677,200
rfc9051.xml,https://www.rfc-editor.org/info/rfc5246,200
rfc9051.xml,https://www.rfc-editor.org/info/rfc8446,200
rfc9051.xml,https://www.rfc-editor.org/info/rfc2152,200
rfc9051.xml,https://www.rfc-editor.org/info/rfc3629,200
rfc9051.xml,https://www.rfc-editor.org/info/rfc4505,200
rfc9051.xml,https://www.kb.cert.org/vuls/id/555316,200
rfc9051.xml,https://www.iana.org/assignments/charset-reg/,200
rfc9051.xml,https://www.rfc-editor.org/info/rfc4549,200
rfc9051.xml,https://www.rfc-editor.org/info/rfc5255,200
rfc9051.xml,https://www.iana.org/assignments/imap-jmap-keywords/,200
rfc9051.xml,https://www.iana.org/assignments/imap-mailbox-name-attributes/,200
rfc9051.xml,https://www.rfc-editor.org/info/rfc1733,200
rfc9051.xml,https://www.rfc-editor.org/info/rfc5092,200
rfc9051.xml,https://www.rfc-editor.org/info/rfc6855,200
rfc9051.xml,https://www.ncsc.gov.uk/blog-post/spray-you-spray-me-defending-against-password-spraying-attacks,200
rfc9051.xml,https://www.rfc-editor.org/info/rfc2087,200
rfc9051.xml,https://www.rfc-editor.org/info/rfc2177,200
rfc9051.xml,https://www.rfc-editor.org/info/rfc2193,200
rfc9051.xml,https://www.rfc-editor.org/info/rfc2342,200
rfc9051.xml,https://www.rfc-editor.org/info/rfc3348,200
rfc9051.xml,https://www.rfc-editor.org/info/rfc3516,200
rfc9051.xml,https://www.rfc-editor.org/info/rfc3691,200
rfc9051.xml,https://www.rfc-editor.org/info/rfc4314,200
rfc9051.xml,https://www.rfc-editor.org/info/rfc4315,200
rfc9051.xml,https://www.rfc-editor.org/info/rfc4466,200
rfc9051.xml,https://www.rfc-editor.org/info/rfc4731,200
rfc9051.xml,https://www.rfc-editor.org/info/rfc4959,200
rfc9051.xml,https://www.rfc-editor.org/info/rfc5161,200
rfc9051.xml,https://www.rfc-editor.org/info/rfc5182,200
rfc9051.xml,https://www.rfc-editor.org/info/rfc5256,200
rfc9051.xml,https://www.rfc-editor.org/info/rfc5465,200
rfc9051.xml,https://www.rfc-editor.org/info/rfc5530,200
rfc9051.xml,https://www.rfc-editor.org/info/rfc5819,200
rfc9051.xml,https://www.rfc-editor.org/info/rfc6151,200
rfc9051.xml,https://www.rfc-editor.org/info/rfc6154,200
rfc9051.xml,https://www.rfc-editor.org/info/rfc6186,200
rfc9051.xml,https://www.rfc-editor.org/info/rfc6376,200
rfc9051.xml,https://www.rfc-editor.org/info/rfc6409,200
rfc9051.xml,https://www.rfc-editor.org/info/rfc6851,200
rfc9051.xml,https://www.rfc-editor.org/info/rfc7162,200
rfc9051.xml,https://www.rfc-editor.org/info/rfc7888,200
rfc9051.xml,https://www.rfc-editor.org/info/rfc8126,200
rfc9051.xml,https://www.rfc-editor.org/info/rfc8305,200
rfc9051.xml,https://www.rfc-editor.org/info/rfc8438,200
rfc9051.xml,https://www.rfc-editor.org/info/rfc8474,200
rfc9051.xml,https://www.rfc-editor.org/info/rfc8550,200
rfc9051.xml,https://www.rfc-editor.org/info/rfc8551,200
rfc9051.xml,https://www.rfc-editor.org/info/rfc5321,200
rfc9051.xml,https://www.rfc-editor.org/info/rfc2061,200
rfc9051.xml,https://www.rfc-editor.org/info/rfc1732,200
rfc9051.xml,https://www.rfc-editor.org/info/rfc2062,200
rfc9051.xml,https://www.rfc-editor.org/info/rfc2595,200
rfc9051.xml,https://www.rfc-editor.org/info/rfc1176,200
rfc9051.xml,https://datatracker.ietf.org/doc/html/draft-ietf-imap-imap2bis-02,200
rfc9051.xml,https://www.ietf.org/archive/id/draft-ietf-imap-imap2bis-02.txt,200
rfc9051.xml,https://www.rfc-editor.org/info/rfc1064,200
rfc9051.xml,https://www.rfc-editor.org/info/rfc1730,200
rfc9051.xml,https://www.rfc-editor.org/info/rfc2060,200
rfc9051.xml,https://www.rfc-editor.org/info/rfc3501,200
rfc9051.xml,https://www.rfc-editor.org/info/rfc822,200
rfc9383.xml,https://datatracker.ietf.org/doc/draft-bar-cfrg-spake2plus-08,200
rfc9383.xml,https://dx.doi.org/10.17487/rfc9383,200
rfc9383.xml,https://www.rfc-editor.org/info/rfc9383,200
rfc9383.xml,https://trustee.ietf.org/license-info,200
rfc9383.xml,https://www.rfc-editor.org/info/rfc2104,200
rfc9383.xml,https://www.rfc-editor.org/info/rfc2119,200
rfc9383.xml,https://www.rfc-editor.org/info/rfc4493,200
rfc9383.xml,https://www.rfc-editor.org/info/rfc5480,200
rfc9383.xml,https://www.rfc-editor.org/info/rfc5869,200
rfc9383.xml,https://www.rfc-editor.org/info/rfc6234,200
rfc9383.xml,https://www.rfc-editor.org/info/rfc8032,200
rfc9383.xml,https://www.rfc-editor.org/info/rfc8174,200
rfc9383.xml,https://www.rfc-editor.org/info/rfc8265,200
rfc9383.xml,https://www.rfc-editor.org/info/rfc9382,200
rfc9383.xml,https://secg.org/sec1-v2.pdf,200
rfc9383.xml,https://eprint.iacr.org/2020/313.pdf,200
rfc9383.xml,https://doi.org/10.1007/978-3-540-78967-3_8,200
rfc9383.xml,https://www.rfc-editor.org/info/rfc7914,200
rfc9383.xml,https://www.rfc-editor.org/info/rfc8844,200
rfc9383.xml,https://www.rfc-editor.org/info/rfc9106,200
rfc8699.xml,https://datatracker.ietf.org/doc/draft-ietf-rmcat-coupled-cc-09,200
rfc8699.xml,https://dx.doi.org/10.17487/rfc8699,200
rfc8699.xml,https://www.rfc-editor.org/info/rfc8699,200
rfc8699.xml,https://trustee.ietf.org/license-info,200
rfc8699.xml,https://www.rfc-editor.org/info/rfc2119,200
rfc8699.xml,https://www.rfc-editor.org/info/rfc3124,200
rfc8699.xml,https://www.rfc-editor.org/info/rfc5348,200
rfc8699.xml,https://www.rfc-editor.org/info/rfc8174,200
rfc8699.xml,https://www.rfc-editor.org/info/rfc8698,200
rfc8699.xml,https://doi.org/10.1145/2959424.2959440,Connection error: HTTP Error 403: Forbidden
rfc8699.xml,http://safiquli.at.ifi.uio.no/paper/fse-tech-report.pdf,Connection error: HTTP Error 404: 
rfc8699.xml,https://doi.org/10.1109/NOMS.2016.7502803,Connection error: HTTP Error 418: Unknown Code
rfc8699.xml,https://tools.ietf.org/html/draft-ietf-rmcat-gcc-02,200
rfc8699.xml,http://www.ietf.org/internet-drafts/draft-ietf-rmcat-gcc-02.txt,Connection error: HTTP Error 404: Not Found
rfc8699.xml,http://www.ietf.org/internet-drafts/draft-ietf-rmcat-gcc-02.pdf,Connection error: HTTP Error 404: Not Found
rfc8699.xml,https://www.ietf.org/proceedings/93/rmcat.html,200
rfc8699.xml,https://www.ietf.org/proceedings/94/rmcat.html,200
rfc8699.xml,https://www.rfc-editor.org/info/rfc7478,200
rfc8699.xml,https://www.rfc-editor.org/info/rfc7656,200
rfc8699.xml,https://www.rfc-editor.org/info/rfc8087,200
rfc8699.xml,https://www.rfc-editor.org/info/rfc8382,200
rfc8699.xml,https://tools.ietf.org/html/draft-ietf-rmcat-eval-test-10,200
rfc8699.xml,http://www.ietf.org/internet-drafts/draft-ietf-rmcat-eval-test-10.txt,Connection error: HTTP Error 404: Not Found
rfc8699.xml,https://tools.ietf.org/html/draft-ietf-rtcweb-overview-19,200
rfc8699.xml,http://www.ietf.org/internet-drafts/draft-ietf-rtcweb-overview-19.txt,Connection error: HTTP Error 404: Not Found
rfc8699.xml,https://tools.ietf.org/html/draft-ietf-rtcweb-rtp-usage-26,200
rfc8699.xml,http://www.ietf.org/internet-drafts/draft-ietf-rtcweb-rtp-usage-26.txt,Connection error: HTTP Error 404: Not Found
rfc8699.xml,https://tools.ietf.org/html/draft-westerlund-avtcore-transport-multiplexing-07,200
rfc8699.xml,https://tools.ietf.org/html/draft-ietf-rtcweb-transports-17,200
rfc8699.xml,http://www.ietf.org/internet-drafts/draft-ietf-rtcweb-transports-17.txt,Connection error: HTTP Error 404: Not Found
rfc8913.xml,https://datatracker.ietf.org/doc/draft-ietf-ippm-twamp-yang-13,200
rfc8913.xml,https://dx.doi.org/10.17487/rfc8913,200
rfc8913.xml,https://www.rfc-editor.org/info/rfc8913,200
rfc8913.xml,https://trustee.ietf.org/license-info,200
rfc8913.xml,https://www.rfc-editor.org/info/rfc2119,200
rfc8913.xml,https://www.rfc-editor.org/info/rfc3432,200
rfc8913.xml,https://www.rfc-editor.org/info/rfc3688,200
rfc8913.xml,https://www.rfc-editor.org/info/rfc4086,200
rfc8913.xml,https://www.rfc-editor.org/info/rfc4656,200
rfc8913.xml,https://www.rfc-editor.org/info/rfc5357,200
rfc8913.xml,https://www.rfc-editor.org/info/rfc5905,200
rfc8913.xml,https://www.rfc-editor.org/info/rfc6020,200
rfc8913.xml,https://www.rfc-editor.org/info/rfc6038,200
rfc8913.xml,https://www.rfc-editor.org/info/rfc6241,200
rfc8913.xml,https://www.rfc-editor.org/info/rfc6242,200
rfc8913.xml,https://www.rfc-editor.org/info/rfc6991,200
rfc8913.xml,https://www.rfc-editor.org/info/rfc7717,200
rfc8913.xml,https://www.rfc-editor.org/info/rfc7950,200
rfc8913.xml,https://www.rfc-editor.org/info/rfc8040,200
rfc8913.xml,https://www.rfc-editor.org/info/rfc8174,200
rfc8913.xml,https://www.rfc-editor.org/info/rfc8341,200
rfc8913.xml,https://www.rfc-editor.org/info/rfc8446,200
rfc8913.xml,https://www.rfc-editor.org/info/rfc8545,200
rfc8913.xml,https://www.rfc-editor.org/info/rfc8911,200
rfc8913.xml,https://www.w3.org/TR/2008/REC-xml-20081126,200
rfc8913.xml,https://doi.org/10.1109/SDN4FNS.2013.6702549,Connection error: HTTP Error 418: Unknown Code
rfc8913.xml,https://www.iana.org/assignments/performance-metrics,200
rfc8913.xml,https://www.rfc-editor.org/info/rfc2330,200
rfc8913.xml,https://www.rfc-editor.org/info/rfc5618,200
rfc8913.xml,https://www.rfc-editor.org/info/rfc5938,200
rfc8913.xml,https://www.rfc-editor.org/info/rfc7312,200
rfc8913.xml,https://www.rfc-editor.org/info/rfc7426,200
rfc8913.xml,https://www.rfc-editor.org/info/rfc8018,200
rfc8913.xml,https://www.rfc-editor.org/info/rfc8340,200
rfc8913.xml,https://www.rfc-editor.org/info/rfc8342,200
rfc9629.xml,https://datatracker.ietf.org/doc/draft-ietf-lamps-cms-kemri-08,200
rfc9629.xml,https://dx.doi.org/10.17487/rfc9629,200
rfc9629.xml,https://www.rfc-editor.org/info/rfc9629,200
rfc9629.xml,https://trustee.ietf.org/license-info,200
rfc9629.xml,https://www.rfc-editor.org/info/rfc2119,200
rfc9629.xml,https://www.rfc-editor.org/info/rfc5083,200
rfc9629.xml,https://www.rfc-editor.org/info/rfc5280,200
rfc9629.xml,https://www.rfc-editor.org/info/rfc5652,200
rfc9629.xml,https://www.rfc-editor.org/info/rfc5911,200
rfc9629.xml,https://www.rfc-editor.org/info/rfc5912,200
rfc9629.xml,https://www.rfc-editor.org/info/rfc8174,200
rfc9629.xml,https://www.itu.int/rec/T-REC-X.680,200
rfc9629.xml,https://www.itu.int/rec/T-REC-X.690,200
rfc9629.xml,https://doi.org/10.1007/s00145-011-9114-1,200
rfc9629.xml,https://doi.org/10.1007/978-3-319-70500-2_12,200
rfc9629.xml,https://www.rfc-editor.org/info/rfc4086,200
rfc9629.xml,https://www.rfc-editor.org/info/rfc5869,200
rfc9629.xml,https://www.rfc-editor.org/info/rfc6268,200
rfc8766.xml,https://datatracker.ietf.org/doc/draft-ietf-dnssd-hybrid-10,200
rfc8766.xml,https://dx.doi.org/10.17487/rfc8766,200
rfc8766.xml,https://www.rfc-editor.org/info/rfc8766,200
rfc8766.xml,https://trustee.ietf.org/license-info,200
rfc8766.xml,https://www.rfc-editor.org/info/rfc1034,200
rfc8766.xml,https://www.rfc-editor.org/info/rfc1035,200
rfc8766.xml,https://www.rfc-editor.org/info/rfc1918,200
rfc8766.xml,https://www.rfc-editor.org/info/rfc2119,200
rfc8766.xml,https://www.rfc-editor.org/info/rfc2308,200
rfc8766.xml,https://www.rfc-editor.org/info/rfc3629,200
rfc8766.xml,https://www.rfc-editor.org/info/rfc3927,200
rfc8766.xml,https://www.rfc-editor.org/info/rfc4034,200
rfc8766.xml,https://www.rfc-editor.org/info/rfc4862,200
rfc8766.xml,https://www.rfc-editor.org/info/rfc5155,200
rfc8766.xml,https://www.rfc-editor.org/info/rfc5198,200
rfc8766.xml,https://www.rfc-editor.org/info/rfc6762,200
rfc8766.xml,https://www.rfc-editor.org/info/rfc6763,200
rfc8766.xml,https://www.rfc-editor.org/info/rfc8174,200
rfc8766.xml,https://www.rfc-editor.org/info/rfc8490,200
rfc8766.xml,https://www.rfc-editor.org/info/rfc8765,200
rfc8766.xml,https://tools.ietf.org/html/draft-sekar-dns-ul-02,200
rfc8766.xml,http://www.ietf.org/internet-drafts/draft-sekar-dns-ul-02.txt,Connection error: HTTP Error 404: Not Found
rfc8766.xml,https://ieeexplore.ieee.org/document/6991462,Connection error: HTTP Error 418: Unknown Code
rfc8766.xml,https://ieeexplore.ieee.org/document/8457469,Connection error: HTTP Error 418: Unknown Code
rfc8766.xml,https://standards.ieee.org/standard/802_5-1998.html,Connection error: HTTP Error 403: Forbidden
rfc8766.xml,https://standards.ieee.org/standard/802_11-2016.html,Connection error: HTTP Error 403: Forbidden
rfc8766.xml,https://tools.ietf.org/html/draft-ietf-mboned-ieee802-mcast-problems-11,200
rfc8766.xml,http://www.ietf.org/internet-drafts/draft-ietf-mboned-ieee802-mcast-problems-11.txt,Connection error: HTTP Error 404: Not Found
rfc8766.xml,https://github.com/sbyx/ohybridproxy/,200
rfc8766.xml,https://tools.ietf.org/html/draft-sctl-service-registration-02,200
rfc8766.xml,http://www.ietf.org/internet-drafts/draft-sctl-service-registration-02.txt,Connection error: HTTP Error 404: Not Found
rfc8766.xml,https://tools.ietf.org/html/draft-sctl-dnssd-mdns-relay-04,200
rfc8766.xml,http://www.ietf.org/internet-drafts/draft-sctl-dnssd-mdns-relay-04.txt,Connection error: HTTP Error 404: Not Found
rfc8766.xml,https://www.rfc-editor.org/info/rfc2132,200
rfc8766.xml,https://www.rfc-editor.org/info/rfc2136,200
rfc8766.xml,https://www.rfc-editor.org/info/rfc3007,200
rfc8766.xml,https://www.rfc-editor.org/info/rfc3492,200
rfc8766.xml,https://www.rfc-editor.org/info/rfc4193,200
rfc8766.xml,https://www.rfc-editor.org/info/rfc6760,200
rfc8766.xml,https://www.rfc-editor.org/info/rfc7558,200
rfc8766.xml,https://www.rfc-editor.org/info/rfc7626,200
rfc8766.xml,https://www.rfc-editor.org/info/rfc7788,200
rfc8766.xml,https://www.rfc-editor.org/info/rfc8375,200
rfc8766.xml,https://www.rfc-editor.org/info/rfc8764,200
rfc8766.xml,https://tools.ietf.org/html/draft-cheshire-dnssd-roadmap-03,200
rfc8766.xml,http://www.ietf.org/internet-drafts/draft-cheshire-dnssd-roadmap-03.txt,Connection error: HTTP Error 404: Not Found
rfc9660.xml,https://datatracker.ietf.org/doc/draft-ietf-dnsop-zoneversion-11,200
rfc9660.xml,https://dx.doi.org/10.17487/rfc9660,200
rfc9660.xml,https://www.rfc-editor.org/info/rfc9660,200
rfc9660.xml,https://trustee.ietf.org/license-info,200
rfc9660.xml,https://www.rfc-editor.org/info/rfc1034,200
rfc9660.xml,https://www.rfc-editor.org/info/rfc1035,200
rfc9660.xml,https://www.rfc-editor.org/info/rfc2119,200
rfc9660.xml,https://www.rfc-editor.org/info/rfc6891,200
rfc9660.xml,https://www.rfc-editor.org/info/rfc8126,200
rfc9660.xml,https://www.rfc-editor.org/info/rfc8174,200
rfc9660.xml,https://github.com/huguei/rrserial,200
rfc9660.xml,https://www.rfc-editor.org/info/rfc2931,200
rfc9660.xml,https://www.rfc-editor.org/info/rfc3254,200
rfc9660.xml,https://www.rfc-editor.org/info/rfc4786,200
rfc9660.xml,https://www.rfc-editor.org/info/rfc5001,200
rfc9660.xml,https://www.rfc-editor.org/info/rfc8945,200
rfc9660.xml,https://www.rfc-editor.org/info/rfc8976,200
rfc9660.xml,https://www.rfc-editor.org/info/rfc9499,200
rfc8729.xml,https://datatracker.ietf.org/doc/draft-ietf-iasa2-rfc4844-bis-05,200
rfc8729.xml,https://dx.doi.org/10.17487/rfc8729,200
rfc8729.xml,https://www.rfc-editor.org/info/rfc8729,200
rfc8729.xml,https://trustee.ietf.org/license-info,200
rfc8729.xml,https://www.rfc-editor.org/info/rfc1358,200
rfc8729.xml,https://www.rfc-editor.org/info/rfc1601,200
rfc8729.xml,https://www.rfc-editor.org/info/rfc2026,200
rfc8729.xml,https://www.rfc-editor.org/info/rfc2555,200
rfc8729.xml,https://www.rfc-editor.org/info/rfc2850,200
rfc8729.xml,https://www.rfc-editor.org/info/rfc3967,200
rfc8729.xml,https://www.rfc-editor.org/info/rfc4714,200
rfc8729.xml,https://www.rfc-editor.org/info/rfc4845,200
rfc8729.xml,https://www.rfc-editor.org/info/rfc4846,200
rfc8729.xml,https://www.rfc-editor.org/info/rfc4897,200
rfc8729.xml,https://www.rfc-editor.org/info/rfc5378,200
rfc8729.xml,https://www.rfc-editor.org/info/rfc5742,200
rfc8729.xml,https://www.rfc-editor.org/info/rfc5743,200
rfc8729.xml,https://www.rfc-editor.org/info/rfc5744,200
rfc8729.xml,https://www.rfc-editor.org/info/rfc5745,200
rfc8729.xml,https://www.rfc-editor.org/info/rfc7322,200
rfc8729.xml,https://www.rfc-editor.org/info/rfc7997,200
rfc8729.xml,https://www.rfc-editor.org/info/rfc8067,200
rfc8729.xml,https://www.rfc-editor.org/info/rfc8711,200
rfc8729.xml,https://www.rfc-editor.org/info/rfc8728,200
rfc8729.xml,https://www.rfc-editor.org/info/rfc8730,200
rfc8729.xml,http://www.ietf.org/iesg/statement/ad-sponsoring-docs.html,200
rfc9249.xml,https://datatracker.ietf.org/doc/draft-ietf-ntp-yang-data-model-17,200
rfc9249.xml,https://dx.doi.org/10.17487/rfc9249,200
rfc9249.xml,https://www.rfc-editor.org/info/rfc9249,200
rfc9249.xml,https://trustee.ietf.org/license-info,200
rfc9249.xml,https://www.rfc-editor.org/info/rfc2119,200
rfc9249.xml,https://www.rfc-editor.org/info/rfc3688,200
rfc9249.xml,https://www.rfc-editor.org/info/rfc5905,200
rfc9249.xml,https://www.rfc-editor.org/info/rfc6020,200
rfc9249.xml,https://www.rfc-editor.org/info/rfc6241,200
rfc9249.xml,https://www.rfc-editor.org/info/rfc6242,200
rfc9249.xml,https://www.rfc-editor.org/info/rfc6991,200
rfc9249.xml,https://www.rfc-editor.org/info/rfc7317,200
rfc9249.xml,https://www.rfc-editor.org/info/rfc7950,200
rfc9249.xml,https://www.rfc-editor.org/info/rfc8040,200
rfc9249.xml,https://www.rfc-editor.org/info/rfc8174,200
rfc9249.xml,https://www.rfc-editor.org/info/rfc8294,200
rfc9249.xml,https://www.rfc-editor.org/info/rfc8340,200
rfc9249.xml,https://www.rfc-editor.org/info/rfc8341,200
rfc9249.xml,https://www.rfc-editor.org/info/rfc8343,200
rfc9249.xml,https://www.rfc-editor.org/info/rfc8446,200
rfc9249.xml,https://www.rfc-editor.org/info/rfc8519,200
rfc9249.xml,https://www.rfc-editor.org/info/rfc8573,200
rfc9249.xml,https://www.rfc-editor.org/info/rfc1305,200
rfc9249.xml,https://www.rfc-editor.org/info/rfc1321,200
rfc9249.xml,https://www.rfc-editor.org/info/rfc3174,200
rfc9249.xml,https://www.rfc-editor.org/info/rfc4493,200
rfc9249.xml,https://www.rfc-editor.org/info/rfc5907,200
rfc9249.xml,https://www.rfc-editor.org/info/rfc8342,200
rfc9249.xml,https://www.rfc-editor.org/info/rfc8792,200
rfc9249.xml,https://doi.org/10.6028/NIST.FIPS.180-4,200
rfc9492.xml,https://dx.doi.org/10.17487/rfc9492,200
rfc9492.xml,https://datatracker.ietf.org/doc/draft-ietf-ospf-te-link-attr-reuse-16,200
rfc9492.xml,https://www.rfc-editor.org/info/rfc9492,200
rfc9492.xml,https://trustee.ietf.org/license-info,200
rfc9492.xml,https://www.rfc-editor.org/info/rfc2119,200
rfc9492.xml,https://www.rfc-editor.org/info/rfc2328,200
rfc9492.xml,https://www.rfc-editor.org/info/rfc3630,200
rfc9492.xml,https://www.rfc-editor.org/info/rfc4203,200
rfc9492.xml,https://www.rfc-editor.org/info/rfc5329,200
rfc9492.xml,https://www.rfc-editor.org/info/rfc5340,200
rfc9492.xml,https://www.rfc-editor.org/info/rfc7308,200
rfc9492.xml,https://www.rfc-editor.org/info/rfc7471,200
rfc9492.xml,https://www.rfc-editor.org/info/rfc7684,200
rfc9492.xml,https://www.rfc-editor.org/info/rfc8174,200
rfc9492.xml,https://www.rfc-editor.org/info/rfc8362,200
rfc9492.xml,https://www.rfc-editor.org/info/rfc9479,200
rfc9492.xml,https://www.rfc-editor.org/info/rfc3209,200
rfc9492.xml,https://www.rfc-editor.org/info/rfc4552,200
rfc9492.xml,https://www.rfc-editor.org/info/rfc5286,200
rfc9492.xml,https://www.rfc-editor.org/info/rfc5709,200
rfc9492.xml,https://www.rfc-editor.org/info/rfc5714,200
rfc9492.xml,https://www.rfc-editor.org/info/rfc7166,200
rfc9492.xml,https://www.rfc-editor.org/info/rfc7474,200
rfc9492.xml,https://www.rfc-editor.org/info/rfc7855,200
rfc9492.xml,https://www.rfc-editor.org/info/rfc8126,200
rfc9492.xml,https://www.rfc-editor.org/info/rfc8920,200
rfc9492.xml,https://www.rfc-editor.org/info/rfc9256,200
rfc9571.xml,https://datatracker.ietf.org/doc/draft-ietf-mpls-rfc6374-sfl-10,200
rfc9571.xml,https://dx.doi.org/10.17487/rfc9571,200
rfc9571.xml,https://www.rfc-editor.org/info/rfc9571,200
rfc9571.xml,https://trustee.ietf.org/license-info,200
rfc9571.xml,https://www.rfc-editor.org/info/rfc2119,200
rfc9571.xml,https://www.rfc-editor.org/info/rfc3032,200
rfc9571.xml,https://www.rfc-editor.org/info/rfc5036,200
rfc9571.xml,https://www.rfc-editor.org/info/rfc5586,200
rfc9571.xml,https://www.rfc-editor.org/info/rfc6374,200
rfc9571.xml,https://www.rfc-editor.org/info/rfc7026,200
rfc9571.xml,https://www.rfc-editor.org/info/rfc7214,200
rfc9571.xml,https://www.rfc-editor.org/info/rfc7876,200
rfc9571.xml,https://www.rfc-editor.org/info/rfc8174,200
rfc9571.xml,https://www.rfc-editor.org/info/rfc8957,200
rfc9571.xml,https://www.rfc-editor.org/info/rfc3270,200
rfc9571.xml,https://www.rfc-editor.org/info/rfc5920,200
rfc9571.xml,https://www.rfc-editor.org/info/rfc5921,200
rfc9571.xml,https://www.rfc-editor.org/info/rfc7190,200
rfc9571.xml,https://www.rfc-editor.org/info/rfc7258,200
rfc9571.xml,https://www.rfc-editor.org/info/rfc8372,200
rfc9571.xml,https://www.rfc-editor.org/info/rfc9341,200
rfc9046.xml,https://datatracker.ietf.org/doc/draft-ietf-babel-information-model-14,200
rfc9046.xml,https://dx.doi.org/10.17487/rfc9046,200
rfc9046.xml,https://www.rfc-editor.org/info/rfc9046,200
rfc9046.xml,https://trustee.ietf.org/license-info,200
rfc9046.xml,https://gitlab.com/wireshark/wireshark/-/wikis/Development/LibpcapFileFormat,200
rfc9046.xml,https://www.rfc-editor.org/info/rfc2104,200
rfc9046.xml,https://www.rfc-editor.org/info/rfc2119,200
rfc9046.xml,https://www.rfc-editor.org/info/rfc3339,200
rfc9046.xml,https://www.rfc-editor.org/info/rfc4868,200
rfc9046.xml,https://www.rfc-editor.org/info/rfc7468,200
rfc9046.xml,https://www.rfc-editor.org/info/rfc7693,200
rfc9046.xml,https://www.rfc-editor.org/info/rfc8174,200
rfc9046.xml,https://www.rfc-editor.org/info/rfc8966,200
rfc9046.xml,https://www.rfc-editor.org/info/rfc8967,200
rfc9046.xml,https://www.rfc-editor.org/info/rfc8968,200
rfc9046.xml,https://www.rfc-editor.org/info/rfc6241,200
rfc9046.xml,https://www.rfc-editor.org/info/rfc7950,200
rfc9046.xml,https://www.rfc-editor.org/info/rfc8193,200
rfc9046.xml,http://cwmp-data-models.broadband-forum.org/,200
rfc8998.xml,https://datatracker.ietf.org/doc/draft-yang-tls-tls13-sm-suites-06,200
rfc8998.xml,https://dx.doi.org/10.17487/rfc8998,200
rfc8998.xml,https://www.rfc-editor.org/info/rfc8998,200
rfc8998.xml,https://trustee.ietf.org/license-info,200
rfc8998.xml,http://csrc.nist.gov/publications/nistpubs/800-38C/SP800-38C.pdf,200
rfc8998.xml,http://csrc.nist.gov/publications/nistpubs/800-38D/SP-800-38D.pdf,200
rfc8998.xml,https://www.iso.org/standard/76382.html,200
rfc8998.xml,https://www.iso.org/standard/67116.html,200
rfc8998.xml,https://www.iso.org/standard/54531.html,200
rfc8998.xml,https://www.rfc-editor.org/info/rfc2119,200
rfc8998.xml,https://www.rfc-editor.org/info/rfc5116,200
rfc8998.xml,https://www.rfc-editor.org/info/rfc8174,200
rfc8998.xml,https://www.rfc-editor.org/info/rfc8446,200
rfc8998.xml,http://www.gmbz.org.cn/upload/2018-07-24/1532401392982079739.pdf,200
rfc8998.xml,http://www.gmbz.org.cn/upload/2018-04-04/1522788048733065051.pdf,200
rfc8998.xml,http://www.gmbz.org.cn/upload/2018-07-24/1532401673138056311.pdf,200
rfc8998.xml,http://www.gmbz.org.cn/upload/2018-07-24/1532401863206085511.pdf,200
rfc8998.xml,http://www.gmbz.org.cn/main/viewfile/2018011001400692565.html,Connection error: HTTP Error 404: 
rfc8998.xml,https://link.springer.com/chapter/10.1007%2F3-540-36492-7_7,200
rfc8998.xml,http://eprint.iacr.org/2004/193,200
rfc9485.xml,https://datatracker.ietf.org/doc/draft-ietf-jsonpath-iregexp-08,200
rfc9485.xml,https://dx.doi.org/10.17487/rfc9485,200
rfc9485.xml,https://www.rfc-editor.org/info/rfc9485,200
rfc9485.xml,https://trustee.ietf.org/license-info,200
rfc9485.xml,https://www.rfc-editor.org/info/rfc2119,200
rfc9485.xml,https://www.rfc-editor.org/info/rfc5234,200
rfc9485.xml,https://www.rfc-editor.org/info/rfc7405,200
rfc9485.xml,https://www.rfc-editor.org/info/rfc8174,200
rfc9485.xml,https://www.w3.org/TR/2012/REC-xmlschema11-2-20120405/,200
rfc9485.xml,https://www.w3.org/TR/2004/REC-xmlschema-2-20041028/,200
rfc9485.xml,https://www.ecma-international.org/wp-content/uploads/ECMA-262.pdf,200
rfc9485.xml,https://datatracker.ietf.org/doc/html/draft-ietf-jsonpath-base-20,200
rfc9485.xml,http://pcre.org/current/doc/html/,200
rfc9485.xml,https://github.com/google/re2,200
rfc9485.xml,https://www.rfc-editor.org/info/rfc7493,200
rfc9485.xml,https://www.rfc-editor.org/info/std63,200
rfc9485.xml,https://www.rfc-editor.org/info/rfc3629,200
rfc9485.xml,https://unicode.org/glossary/,200
rfc8758.xml,https://datatracker.ietf.org/doc/draft-ietf-curdle-rc4-die-die-die-18,200
rfc8758.xml,https://dx.doi.org/10.17487/rfc8758,200
rfc8758.xml,https://www.rfc-editor.org/info/rfc8758,200
rfc8758.xml,https://trustee.ietf.org/license-info,200
rfc8758.xml,https://www.rfc-editor.org/info/rfc2119,200
rfc8758.xml,https://www.rfc-editor.org/info/rfc8174,200
rfc8758.xml,https://www.iana.org/assignments/ssh-parameters,200
rfc8758.xml,https://www.rfc-editor.org/info/rfc4253,200
rfc8758.xml,https://www.rfc-editor.org/info/rfc4345,200
rfc8758.xml,https://www.rfc-editor.org/info/rfc7465,200
rfc8758.xml,https://www.rfc-editor.org/info/rfc8429,200
rfc9160.xml,https://datatracker.ietf.org/doc/draft-ietf-opsawg-ipfix-mpls-sr-label-type-11,200
rfc9160.xml,https://dx.doi.org/10.17487/rfc9160,200
rfc9160.xml,https://www.rfc-editor.org/info/rfc9160,200
rfc9160.xml,https://trustee.ietf.org/license-info,200
rfc9160.xml,https://www.rfc-editor.org/info/rfc7012,200
rfc9160.xml,https://www.iana.org/assignments/ipfix/,200
rfc9160.xml,https://www.rfc-editor.org/info/rfc8277,200
rfc9160.xml,https://www.rfc-editor.org/info/rfc8660,200
rfc9160.xml,https://www.rfc-editor.org/info/rfc8661,200
rfc9160.xml,https://www.rfc-editor.org/info/rfc8664,200
rfc9160.xml,https://www.rfc-editor.org/info/rfc8665,200
rfc9160.xml,https://www.rfc-editor.org/info/rfc8666,200
rfc9160.xml,https://www.rfc-editor.org/info/rfc8667,200
rfc9160.xml,https://www.rfc-editor.org/info/rfc8669,200
rfc9160.xml,https://www.rfc-editor.org/info/rfc8670,200
rfc9160.xml,https://datatracker.ietf.org/doc/html/draft-ali-spring-sr-traffic-accounting-06,200
rfc9557.xml,https://datatracker.ietf.org/doc/draft-ietf-sedate-datetime-extended-11,200
rfc9557.xml,https://dx.doi.org/10.17487/rfc9557,200
rfc9557.xml,https://www.rfc-editor.org/info/rfc9557,200
rfc9557.xml,https://trustee.ietf.org/license-info,200
rfc9557.xml,https://www.rfc-editor.org/info/bcp175,200
rfc9557.xml,https://www.rfc-editor.org/info/rfc6557,200
rfc9557.xml,https://www.rfc-editor.org/info/bcp178,200
rfc9557.xml,https://www.rfc-editor.org/info/rfc6648,200
rfc9557.xml,https://www.rfc-editor.org/info/bcp26,200
rfc9557.xml,https://www.rfc-editor.org/info/rfc8126,200
rfc9557.xml,https://www.rfc-editor.org/info/rfc2119,200
rfc9557.xml,https://www.rfc-editor.org/info/rfc3339,200
rfc9557.xml,https://www.rfc-editor.org/info/rfc5234,200
rfc9557.xml,https://www.rfc-editor.org/info/rfc6838,200
rfc9557.xml,https://www.rfc-editor.org/info/rfc8174,200
rfc9557.xml,https://cldr.unicode.org,Connection error: HTTP Error 403: Forbidden
rfc9557.xml,https://cldr.unicode.org/stable-links-info,Connection error: HTTP Error 403: Forbidden
rfc9557.xml,https://datatracker.ietf.org/doc/html/draft-arkko-iab-data-minimization-principle-05,200
rfc9557.xml,https://store.icao.int/annex-10-aeronautical-telecommunications-volume-ii-communication-procedures-including-those-with-pans-status,Connection error: HTTP Error 403: Forbidden: Access blocked. Your IP address is being recorded for security purposes.
rfc9557.xml,https://www.iers.org/IERS/EN/Publications/Bulletins/bulletins.html,200
rfc9557.xml,https://www.iso.org/standard/70907.html,200
rfc9557.xml,https://www.iso.org/standard/15903.html,200
rfc9557.xml,https://nvlpubs.nist.gov/nistpubs/Legacy/FIPS/fipspub4-1-1991.pdf,200
rfc9557.xml,https://www.iso.org/standard/26780.html,200
rfc9557.xml,https://www.itu.int/rec/R-REC-TF.460/en,200
rfc9557.xml,https://docs.oracle.com/javase/8/docs/api/java/time/format/DateTimeFormatter.html#ISO_ZONED_DATE_TIME,200
rfc9557.xml,https://www.rfc-editor.org/info/rfc1305,200
rfc9557.xml,https://www.rfc-editor.org/info/rfc2822,200
rfc9557.xml,https://www.rfc-editor.org/info/rfc5322,200
rfc9557.xml,https://www.rfc-editor.org/info/rfc5905,200
rfc9557.xml,https://www.unicode.org/reports/tr35/#UnicodeCalendarIdentifier,200
rfc9557.xml,https://data.iana.org/time-zones/tz-link.html,200
rfc9557.xml,https://data.iana.org/time-zones/theory.html,200
rfc9597.xml,https://datatracker.ietf.org/doc/draft-ietf-cose-cwt-claims-in-headers-10,200
rfc9597.xml,https://dx.doi.org/10.17487/rfc9597,200
rfc9597.xml,https://www.rfc-editor.org/info/rfc9597,200
rfc9597.xml,https://trustee.ietf.org/license-info,200
rfc9597.xml,https://www.iana.org/assignments/cose/,200
rfc9597.xml,https://www.iana.org/assignments/cwt/,200
rfc9597.xml,https://www.rfc-editor.org/info/rfc2119,200
rfc9597.xml,https://www.rfc-editor.org/info/rfc8174,200
rfc9597.xml,https://www.rfc-editor.org/info/rfc8392,200
rfc9597.xml,https://www.rfc-editor.org/info/rfc9596,200
rfc9597.xml,https://www.rfc-editor.org/info/rfc7519,200
rfc9597.xml,https://www.rfc-editor.org/info/rfc8610,200
rfc9597.xml,https://www.rfc-editor.org/info/rfc9052,200
rfc9130.xml,https://datatracker.ietf.org/doc/draft-ietf-isis-yang-isis-cfg-42,200
rfc9130.xml,https://dx.doi.org/10.17487/rfc9130,200
rfc9130.xml,https://www.rfc-editor.org/info/rfc9130,200
rfc9130.xml,https://trustee.ietf.org/license-info,200
rfc9130.xml,https://www.iso.org/standard/30932.html,200
rfc9130.xml,https://www.rfc-editor.org/info/rfc1195,200
rfc9130.xml,https://www.rfc-editor.org/info/rfc2119,200
rfc9130.xml,https://www.rfc-editor.org/info/rfc3688,200
rfc9130.xml,https://www.rfc-editor.org/info/rfc4090,200
rfc9130.xml,https://www.rfc-editor.org/info/rfc5029,200
rfc9130.xml,https://www.rfc-editor.org/info/rfc5120,200
rfc9130.xml,https://www.rfc-editor.org/info/rfc5130,200
rfc9130.xml,https://www.rfc-editor.org/info/rfc5286,200
rfc9130.xml,https://www.rfc-editor.org/info/rfc5301,200
rfc9130.xml,https://www.rfc-editor.org/info/rfc5302,200
rfc9130.xml,https://www.rfc-editor.org/info/rfc5305,200
rfc9130.xml,https://www.rfc-editor.org/info/rfc5307,200
rfc9130.xml,https://www.rfc-editor.org/info/rfc5308,200
rfc9130.xml,https://www.rfc-editor.org/info/rfc5443,200
rfc9130.xml,https://www.rfc-editor.org/info/rfc5880,200
rfc9130.xml,https://www.rfc-editor.org/info/rfc5881,200
rfc9130.xml,https://www.rfc-editor.org/info/rfc6020,200
rfc9130.xml,https://www.rfc-editor.org/info/rfc6119,200
rfc9130.xml,https://www.rfc-editor.org/info/rfc6232,200
rfc9130.xml,https://www.rfc-editor.org/info/rfc6241,200
rfc9130.xml,https://www.rfc-editor.org/info/rfc6242,200
rfc9130.xml,https://www.rfc-editor.org/info/rfc6991,200
rfc9130.xml,https://www.rfc-editor.org/info/rfc7490,200
rfc9130.xml,https://www.rfc-editor.org/info/rfc7794,200
rfc9130.xml,https://www.rfc-editor.org/info/rfc7917,200
rfc9130.xml,https://www.rfc-editor.org/info/rfc7950,200
rfc9130.xml,https://www.rfc-editor.org/info/rfc7981,200
rfc9130.xml,https://www.rfc-editor.org/info/rfc8040,200
rfc9130.xml,https://www.rfc-editor.org/info/rfc8174,200
rfc9130.xml,https://www.rfc-editor.org/info/rfc8177,200
rfc9130.xml,https://www.rfc-editor.org/info/rfc8294,200
rfc9130.xml,https://www.rfc-editor.org/info/rfc8341,200
rfc9130.xml,https://www.rfc-editor.org/info/rfc8342,200
rfc9130.xml,https://www.rfc-editor.org/info/rfc8343,200
rfc9130.xml,https://www.rfc-editor.org/info/rfc8349,200
rfc9130.xml,https://www.rfc-editor.org/info/rfc8405,200
rfc9130.xml,https://www.rfc-editor.org/info/rfc8446,200
rfc9130.xml,https://www.rfc-editor.org/info/rfc8570,200
rfc9130.xml,https://www.rfc-editor.org/info/rfc8706,200
rfc9130.xml,https://www.rfc-editor.org/info/rfc9314,200
rfc9130.xml,https://www.w3.org/TR/2008/REC-xml-20081126,200
rfc9130.xml,https://www.rfc-editor.org/info/rfc7812,200
rfc9130.xml,https://www.rfc-editor.org/info/rfc8340,200
rfc9130.xml,https://www.rfc-editor.org/info/rfc8792,200
rfc9130.xml,https://datatracker.ietf.org/doc/html/draft-ietf-rtgwg-segment-routing-ti-lfa-08,200
rfc9130.xml,https://www.ietf.org/archive/id/draft-ietf-rtgwg-segment-routing-ti-lfa-08.txt,200
rfc8857.xml,https://datatracker.ietf.org/doc/draft-ietf-bfcpbis-bfcp-websocket-15,200
rfc8857.xml,https://dx.doi.org/10.17487/rfc8857,200
rfc8857.xml,https://www.rfc-editor.org/info/rfc8857,200
rfc8857.xml,https://trustee.ietf.org/license-info,200
rfc8857.xml,https://www.rfc-editor.org/info/rfc2119,200
rfc8857.xml,https://www.rfc-editor.org/info/rfc4145,200
rfc8857.xml,https://www.rfc-editor.org/info/rfc5018,200
rfc8857.xml,https://www.rfc-editor.org/info/rfc6455,200
rfc8857.xml,https://www.rfc-editor.org/info/rfc7525,200
rfc8857.xml,https://www.rfc-editor.org/info/rfc8124,200
rfc8857.xml,https://www.rfc-editor.org/info/rfc8174,200
rfc8857.xml,https://www.rfc-editor.org/info/rfc8855,200
rfc8857.xml,https://www.rfc-editor.org/info/rfc8856,200
rfc8857.xml,https://www.rfc-editor.org/info/rfc6265,200
rfc8857.xml,https://www.rfc-editor.org/info/rfc7230,200
rfc8857.xml,https://www.rfc-editor.org/info/rfc7486,200
rfc8857.xml,https://www.rfc-editor.org/info/rfc7616,200
rfc8857.xml,https://www.rfc-editor.org/info/rfc7617,200
rfc8857.xml,https://www.rfc-editor.org/info/rfc8446,200
rfc8857.xml,https://www.w3.org/TR/2012/CR-websockets-20120920/,200
rfc9612.xml,https://datatracker.ietf.org/doc/draft-ietf-mpls-bfd-directed-31,200
rfc9612.xml,https://dx.doi.org/10.17487/rfc9612,200
rfc9612.xml,https://www.rfc-editor.org/info/rfc9612,200
rfc9612.xml,https://trustee.ietf.org/license-info,200
rfc9612.xml,https://www.iana.org/assignments/mpls-lsp-ping-parameters/mpls-lsp-ping-parameters.xml#sub-tlv-1-16-21,200
rfc9612.xml,https://www.rfc-editor.org/info/rfc2119,200
rfc9612.xml,https://www.rfc-editor.org/info/rfc5880,200
rfc9612.xml,https://www.rfc-editor.org/info/rfc5881,200
rfc9612.xml,https://www.rfc-editor.org/info/rfc5883,200
rfc9612.xml,https://www.rfc-editor.org/info/rfc5884,200
rfc9612.xml,https://www.rfc-editor.org/info/rfc7110,200
rfc9612.xml,https://www.rfc-editor.org/info/rfc7726,200
rfc9612.xml,https://www.rfc-editor.org/info/rfc8029,200
rfc9612.xml,https://www.rfc-editor.org/info/rfc8174,200
rfc9014.xml,https://datatracker.ietf.org/doc/draft-ietf-bess-dci-evpn-overlay-10,200
rfc9014.xml,https://dx.doi.org/10.17487/rfc9014,200
rfc9014.xml,https://www.rfc-editor.org/info/rfc9014,200
rfc9014.xml,https://trustee.ietf.org/license-info,200
rfc9014.xml,https://www.rfc-editor.org/info/rfc2119,200
rfc9014.xml,https://www.rfc-editor.org/info/rfc4761,200
rfc9014.xml,https://www.rfc-editor.org/info/rfc4762,200
rfc9014.xml,https://www.rfc-editor.org/info/rfc6074,200
rfc9014.xml,https://www.rfc-editor.org/info/rfc7041,200
rfc9014.xml,https://www.rfc-editor.org/info/rfc7432,200
rfc9014.xml,https://www.rfc-editor.org/info/rfc7543,200
rfc9014.xml,https://www.rfc-editor.org/info/rfc7623,200
rfc9014.xml,https://www.rfc-editor.org/info/rfc8174,200
rfc9014.xml,https://www.rfc-editor.org/info/rfc8365,200
rfc9014.xml,https://www.rfc-editor.org/info/rfc9012,200
rfc9014.xml,https://doi.org/10.1109/IEEESTD.2014.6991462,Connection error: HTTP Error 418: Unknown Code
rfc9014.xml,https://www.rfc-editor.org/info/rfc3031,200
rfc9014.xml,https://www.rfc-editor.org/info/rfc4023,200
rfc9014.xml,https://www.rfc-editor.org/info/rfc4684,200
rfc9014.xml,https://www.rfc-editor.org/info/rfc6870,200
rfc9014.xml,https://www.rfc-editor.org/info/rfc7348,200
rfc9014.xml,https://www.rfc-editor.org/info/rfc7637,200
rfc9014.xml,https://tools.ietf.org/html/draft-ietf-bess-evpn-virtual-eth-segment-06,200
rfc9014.xml,https://www.ietf.org/archive/id/draft-ietf-bess-evpn-virtual-eth-segment-06.txt,200
rfc9122.xml,https://datatracker.ietf.org/doc/draft-ietf-extra-sieve-action-registry-06,200
rfc9122.xml,https://dx.doi.org/10.17487/rfc9122,200
rfc9122.xml,https://www.rfc-editor.org/info/rfc9122,200
rfc9122.xml,https://trustee.ietf.org/license-info,200
rfc9122.xml,https://www.rfc-editor.org/info/rfc5228,200
rfc9122.xml,https://www.rfc-editor.org/info/rfc6785,200
rfc9122.xml,https://www.rfc-editor.org/info/rfc3894,200
rfc9122.xml,https://www.rfc-editor.org/info/rfc5229,200
rfc9122.xml,https://www.rfc-editor.org/info/rfc5230,200
rfc9122.xml,https://www.rfc-editor.org/info/rfc5232,200
rfc9122.xml,https://www.rfc-editor.org/info/rfc5293,200
rfc9122.xml,https://www.rfc-editor.org/info/rfc5429,200
rfc9122.xml,https://www.rfc-editor.org/info/rfc5435,200
rfc9122.xml,https://www.rfc-editor.org/info/rfc5490,200
rfc9122.xml,https://www.rfc-editor.org/info/rfc5703,200
rfc9122.xml,https://www.rfc-editor.org/info/rfc6009,200
rfc9122.xml,https://www.rfc-editor.org/info/rfc6131,200
rfc9122.xml,https://www.rfc-editor.org/info/rfc6134,200
rfc9122.xml,https://www.rfc-editor.org/info/rfc6558,200
rfc9122.xml,https://www.rfc-editor.org/info/rfc8126,200
rfc9122.xml,https://www.rfc-editor.org/info/rfc8579,200
rfc9122.xml,https://www.rfc-editor.org/info/rfc8580,200
rfc9122.xml,https://www.rfc-editor.org/info/rfc9042,200
rfc9178.xml,https://datatracker.ietf.org/doc/draft-ietf-lwig-cellular-06,200
rfc9178.xml,https://dx.doi.org/10.17487/rfc9178,200
rfc9178.xml,https://www.rfc-editor.org/info/rfc9178,200
rfc9178.xml,https://trustee.ietf.org/license-info,200
rfc9178.xml,https://www.rfc-editor.org/info/rfc8259,200
rfc9178.xml,https://www.rfc-editor.org/info/rfc6690,200
rfc9178.xml,https://www.rfc-editor.org/info/rfc7252,200
rfc9178.xml,https://www.rfc-editor.org/info/rfc7641,200
rfc9178.xml,https://www.rfc-editor.org/info/rfc8949,200
rfc9178.xml,https://www.rfc-editor.org/info/rfc9176,200
rfc9178.xml,https://www.w3.org/TR/exi/,200
rfc9178.xml,https://www.rfc-editor.org/info/rfc8428,200
rfc9178.xml,https://www.rfc-editor.org/info/rfc7228,200
rfc9178.xml,https://www.rfc-editor.org/info/rfc4838,200
rfc9178.xml,https://www.rfc-editor.org/info/rfc6092,200
rfc9178.xml,https://datatracker.ietf.org/doc/html/draft-arkko-core-sleepy-sensors-01,200
rfc9178.xml,https://www.ietf.org/archive/id/draft-arkko-core-sleepy-sensors-01.txt,200
rfc9178.xml,https://www.rfc-editor.org/info/rfc8387,200
rfc9178.xml,https://datatracker.ietf.org/doc/html/draft-castellani-core-alive-00,200
rfc9178.xml,https://datatracker.ietf.org/doc/html/draft-fossati-core-publish-monitor-options-01,200
rfc9178.xml,https://www.ietf.org/archive/id/draft-fossati-core-publish-monitor-options-01.txt,200
rfc9178.xml,https://datatracker.ietf.org/doc/html/draft-vial-core-mirror-proxy-01,200
rfc9178.xml,https://www.ietf.org/archive/id/draft-vial-core-mirror-proxy-01.txt,200
rfc9178.xml,https://datatracker.ietf.org/doc/html/draft-ietf-core-coap-pubsub-10,200
rfc9178.xml,https://www.ietf.org/archive/id/draft-ietf-core-coap-pubsub-10.txt,200
rfc9178.xml,https://developer.android.com/training/efficient-downloads/efficient-network-access.html,200
rfc8902.xml,https://datatracker.ietf.org/doc/draft-msahli-ise-ieee1609-07,200
rfc8902.xml,https://dx.doi.org/10.17487/rfc8902,200
rfc8902.xml,https://www.rfc-editor.org/info/rfc8902,200
rfc8902.xml,https://trustee.ietf.org/license-info,200
rfc8902.xml,https://ec.europa.eu/transport/themes/its/c-its_en,200
rfc8902.xml,https://ec.europa.eu/transport/sites/transport/files/c-its_certificate_policy_release_1.pdf,200
rfc8902.xml,https://www.federalregister.gov/documents/2017/01/12/2016-31059/federal-motor-vehicle-safety-standards-v2v-communications,"Connection error: HTTP Error 302: The HTTP server returned a redirect error that would lead to an infinite loop.
The last 30x error message was:
Moved Temporarily"
rfc8902.xml,https://doi.org/10.1109/IEEESTD.2016.7426684,Connection error: HTTP Error 418: Unknown Code
rfc8902.xml,https://www.rfc-editor.org/info/rfc2119,200
rfc8902.xml,https://www.rfc-editor.org/info/rfc7250,200
rfc8902.xml,https://www.rfc-editor.org/info/rfc8174,200
rfc8902.xml,https://www.rfc-editor.org/info/rfc8446,200
rfc9578.xml,https://datatracker.ietf.org/doc/draft-ietf-privacypass-protocol-16,200
rfc9578.xml,https://dx.doi.org/10.17487/rfc9578,200
rfc9578.xml,https://www.rfc-editor.org/info/rfc9578,200
rfc9578.xml,https://trustee.ietf.org/license-info,200
rfc9578.xml,https://www.rfc-editor.org/info/rfc9576,200
rfc9578.xml,https://www.rfc-editor.org/info/rfc9577,200
rfc9578.xml,https://www.rfc-editor.org/info/rfc9474,200
rfc9578.xml,https://www.rfc-editor.org/info/rfc9110,200
rfc9578.xml,https://www.iana.org/assignments/media-types/,200
rfc9578.xml,https://www.rfc-editor.org/info/rfc9497,200
rfc9578.xml,https://www.iana.org/assignments/privacy-pass/,200
rfc9578.xml,https://www.rfc-editor.org/info/rfc2119,200
rfc9578.xml,https://www.rfc-editor.org/info/rfc4648,200
rfc9578.xml,https://www.rfc-editor.org/info/rfc5756,200
rfc9578.xml,https://www.rfc-editor.org/info/rfc5861,200
rfc9578.xml,https://www.rfc-editor.org/info/rfc8017,200
rfc9578.xml,https://www.rfc-editor.org/info/rfc8174,200
rfc9578.xml,https://www.rfc-editor.org/info/rfc8259,200
rfc9578.xml,https://www.rfc-editor.org/info/rfc9111,200
rfc9578.xml,https://www.rfc-editor.org/info/rfc8877,200
rfc9578.xml,https://www.rfc-editor.org/info/rfc8446,200
rfc9578.xml,https://www.iana.org/assignments/well-known-uris/,200
rfc9578.xml,https://datatracker.ietf.org/doc/html/draft-ietf-privacypass-key-consistency-01,200
rfc9578.xml,https://doi.org/10.6028/nist.fips.186-5,200
rfc9578.xml,https://www.rfc-editor.org/info/rfc5280,200
rfc8963.xml,https://datatracker.ietf.org/doc/draft-huitema-rfc-eval-project-07,200
rfc8963.xml,https://dx.doi.org/10.17487/rfc8963,200
rfc8963.xml,https://www.rfc-editor.org/info/rfc8963,200
rfc8963.xml,https://trustee.ietf.org/license-info,200
rfc8963.xml,https://www.rfc-editor.org/about/queue/#state_def,200
rfc8963.xml,https://api.semanticscholar.org/v1/paper/10.17487/rfc8446?include_unknown_references=true,200
rfc8963.xml,https://www.ietf.org/how/meetings/past/,200
rfc8963.xml,https://www.rfc-editor.org/info/rfc2267,200
rfc8963.xml,https://www.rfc-editor.org/info/rfc2330,200
rfc8963.xml,https://www.rfc-editor.org/info/rfc2827,200
rfc8963.xml,https://www.rfc-editor.org/info/rfc5326,200
rfc8963.xml,https://www.rfc-editor.org/info/rfc6455,200
rfc8963.xml,https://www.rfc-editor.org/info/rfc8312,200
rfc8963.xml,https://www.rfc-editor.org/info/rfc8324,200
rfc8963.xml,https://www.rfc-editor.org/info/rfc8355,200
rfc8963.xml,https://www.rfc-editor.org/info/rfc8361,200
rfc8963.xml,https://www.rfc-editor.org/info/rfc8362,200
rfc8963.xml,https://www.rfc-editor.org/info/rfc8377,200
rfc8963.xml,https://www.rfc-editor.org/info/rfc8378,200
rfc8963.xml,https://www.rfc-editor.org/info/rfc8402,200
rfc8963.xml,https://www.rfc-editor.org/info/rfc8410,200
rfc8963.xml,https://www.rfc-editor.org/info/rfc8411,200
rfc8963.xml,https://www.rfc-editor.org/info/rfc8429,200
rfc8963.xml,https://www.rfc-editor.org/info/rfc8441,200
rfc8963.xml,https://www.rfc-editor.org/info/rfc8446,200
rfc8963.xml,https://www.rfc-editor.org/info/rfc8453,200
rfc8963.xml,https://www.rfc-editor.org/info/rfc8455,200
rfc8963.xml,https://www.rfc-editor.org/info/rfc8456,200
rfc8963.xml,https://www.rfc-editor.org/info/rfc8466,200
rfc8963.xml,https://www.rfc-editor.org/info/rfc8468,200
rfc8963.xml,https://www.rfc-editor.org/info/rfc8471,200
rfc8963.xml,https://www.rfc-editor.org/info/rfc8472,200
rfc8963.xml,https://www.rfc-editor.org/info/rfc8479,200
rfc8963.xml,https://www.rfc-editor.org/info/rfc8483,200
rfc8963.xml,https://www.rfc-editor.org/info/rfc8492,200
rfc8963.xml,https://www.rfc-editor.org/info/rfc8493,200
rfc8963.xml,https://www.rfc-editor.org/info/rfc8498,200
rfc8963.xml,https://www.rfc-editor.org/rfcs-per-year/,200
rfc8963.xml,https://www.semanticscholar.org/,200
rfc8963.xml,https://tools.ietf.org/html/draft-ietf-rtgwg-segment-routing-ti-lfa-05,200
rfc8963.xml,https://www.ietf.org/internet-drafts/draft-ietf-rtgwg-segment-routing-ti-lfa-05.txt,Connection error: HTTP Error 404: Not Found
rfc8963.xml,https://github.com/tlswg/tlswg-wiki/blob/master/IMPLEMENTATIONS.md,200
rfc8963.xml,https://datatracker.ietf.org/,200
rfc9568.xml,https://datatracker.ietf.org/doc/draft-ietf-rtgwg-vrrp-rfc5798bis-18,200
rfc9568.xml,https://dx.doi.org/10.17487/rfc9568,200
rfc9568.xml,https://www.rfc-editor.org/info/rfc9568,200
rfc9568.xml,https://trustee.ietf.org/license-info,200
rfc9568.xml,https://www.rfc-editor.org/info/rfc2119,200
rfc9568.xml,https://www.rfc-editor.org/info/rfc3307,200
rfc9568.xml,https://www.rfc-editor.org/info/rfc4291,200
rfc9568.xml,https://www.rfc-editor.org/info/rfc4443,200
rfc9568.xml,https://www.rfc-editor.org/info/rfc4861,200
rfc9568.xml,https://www.rfc-editor.org/info/rfc5082,200
rfc9568.xml,https://www.rfc-editor.org/info/rfc5771,200
rfc9568.xml,https://www.rfc-editor.org/info/rfc8174,200
rfc9568.xml,https://www.rfc-editor.org/info/rfc8200,200
rfc9568.xml,https://www.rfc-editor.org/info/rfc9542,200
rfc9568.xml,https://doi.org/10.6028/NIST.IR.8366,200
rfc9568.xml,https://www.rfc-editor.org/info/rfc1071,200
rfc9568.xml,https://www.rfc-editor.org/info/rfc1256,200
rfc9568.xml,https://www.rfc-editor.org/info/rfc2131,200
rfc9568.xml,https://www.rfc-editor.org/info/rfc2281,200
rfc9568.xml,https://www.rfc-editor.org/info/rfc2328,200
rfc9568.xml,https://www.rfc-editor.org/info/rfc2338,200
rfc9568.xml,https://www.rfc-editor.org/info/rfc2453,200
rfc9568.xml,https://www.rfc-editor.org/info/rfc3768,200
rfc9568.xml,https://www.rfc-editor.org/info/rfc3971,200
rfc9568.xml,https://www.rfc-editor.org/info/rfc4311,200
rfc9568.xml,https://www.rfc-editor.org/info/rfc4862,200
rfc9568.xml,https://www.rfc-editor.org/info/rfc5798,200
rfc9568.xml,https://www.rfc-editor.org/info/rfc7217,200
rfc9568.xml,https://www.rfc-editor.org/info/rfc8064,200
rfc9568.xml,https://www.rfc-editor.org/info/rfc8981,200
rfc9568.xml,https://www.rfc-editor.org/info/rfc9099,200
rfc9568.xml,https://www.rfc-editor.org/info/rfc9131,200
rfc9568.xml,https://datatracker.ietf.org/doc/html/draft-ietf-vrrp-ipv6-spec-08,200
rfc9016.xml,https://datatracker.ietf.org/doc/draft-ietf-detnet-flow-information-model-14,200
rfc9016.xml,https://dx.doi.org/10.17487/rfc9016,200
rfc9016.xml,https://www.rfc-editor.org/info/rfc9016,200
rfc9016.xml,https://trustee.ietf.org/license-info,200
rfc9016.xml,https://ieeexplore.ieee.org/document/8514112/,Connection error: HTTP Error 418: Unknown Code
rfc9016.xml,https://www.rfc-editor.org/info/rfc8655,200
rfc9016.xml,https://www.rfc-editor.org/info/rfc8939,200
rfc9016.xml,https://www.rfc-editor.org/info/rfc8964,200
rfc9016.xml,https://tools.ietf.org/html/draft-ietf-detnet-security-16,200
rfc9016.xml,https://www.ietf.org/internet-drafts/draft-ietf-detnet-security-16.txt,Connection error: HTTP Error 404: Not Found
rfc9016.xml,https://tools.ietf.org/html/draft-ietf-detnet-yang-11,200
rfc9016.xml,https://www.ietf.org/internet-drafts/draft-ietf-detnet-yang-11.txt,Connection error: HTTP Error 404: Not Found
rfc9016.xml,https://ieeexplore.ieee.org/document/8403927,Connection error: HTTP Error 418: Unknown Code
rfc9016.xml,https://ieeexplore.ieee.org/document/8613095,Connection error: HTTP Error 418: Unknown Code
rfc9016.xml,https://datatracker.ietf.org/wg/detnet/charter/,200
rfc9016.xml,https://www.rfc-editor.org/info/rfc3444,200
rfc9016.xml,https://www.rfc-editor.org/info/rfc8938,200
rfc8965.xml,https://datatracker.ietf.org/doc/draft-ietf-babel-applicability-10,200
rfc8965.xml,https://dx.doi.org/10.17487/rfc8965,200
rfc8965.xml,https://www.rfc-editor.org/info/rfc8965,200
rfc8965.xml,https://trustee.ietf.org/license-info,200
rfc8965.xml,https://www.rfc-editor.org/info/rfc8966,200
rfc8965.xml,https://tools.ietf.org/html/draft-jonglez-babel-rtt-extension-02,200
rfc8965.xml,https://www.ietf.org/internet-drafts/draft-jonglez-babel-rtt-extension-02.txt,Connection error: HTTP Error 404: Not Found
rfc8965.xml,https://tools.ietf.org/html/draft-ietf-babel-source-specific-07,200
rfc8965.xml,https://www.ietf.org/internet-drafts/draft-ietf-babel-source-specific-07.txt,Connection error: HTTP Error 404: Not Found
rfc8965.xml,https://tools.ietf.org/html/draft-chouasne-babel-tos-specific-00,200
rfc8965.xml,https://www.ietf.org/internet-drafts/draft-chouasne-babel-tos-specific-00.txt,Connection error: HTTP Error 404: Not Found
rfc8965.xml,https://tools.ietf.org/html/draft-chroboczek-babel-diversity-routing-01,200
rfc8965.xml,https://www.ietf.org/internet-drafts/draft-chroboczek-babel-diversity-routing-01.txt,Connection error: HTTP Error 404: Not Found
rfc8965.xml,https://doi.org/10.1109/ATNAC.2010.5680190,Connection error: HTTP Error 418: Unknown Code
rfc8965.xml,http://arxiv.org/abs/1403.3488,200
rfc8965.xml,https://doi.org/10.1145/190314.190336,Connection error: HTTP Error 403: Forbidden
rfc8965.xml,https://doi.org/10.1109/90.222913,Connection error: HTTP Error 418: Unknown Code
rfc8965.xml,https://tools.ietf.org/html/draft-clausen-lln-loadng-15,200
rfc8965.xml,https://www.ietf.org/internet-drafts/draft-clausen-lln-loadng-15.txt,Connection error: HTTP Error 404: Not Found
rfc8965.xml,https://doi.org/10.1145/1090191.1080094,Connection error: HTTP Error 403: Forbidden
rfc8965.xml,https://doi.org/10.1109/APCC.2009.5375690,Connection error: HTTP Error 418: Unknown Code
rfc8965.xml,https://www.rfc-editor.org/info/rfc1195,200
rfc8965.xml,https://www.rfc-editor.org/info/rfc2453,200
rfc8965.xml,https://www.rfc-editor.org/info/rfc3561,200
rfc8965.xml,https://www.rfc-editor.org/info/rfc5340,200
rfc8965.xml,https://www.rfc-editor.org/info/rfc6550,200
rfc8965.xml,https://www.rfc-editor.org/info/rfc7181,200
rfc8965.xml,https://www.rfc-editor.org/info/rfc7779,200
rfc8965.xml,https://www.rfc-editor.org/info/rfc7868,200
rfc8965.xml,https://www.rfc-editor.org/info/rfc8967,200
rfc8965.xml,https://www.rfc-editor.org/info/rfc8968,200
rfc8965.xml,http://arxiv.org/pdf/1403.0445,200
rfc9441.xml,https://datatracker.ietf.org/doc/draft-ietf-lpwan-schc-compound-ack-17,200
rfc9441.xml,https://dx.doi.org/10.17487/rfc9441,200
rfc9441.xml,https://www.rfc-editor.org/info/rfc9441,200
rfc9441.xml,https://trustee.ietf.org/license-info,200
rfc9441.xml,https://www.rfc-editor.org/rfc/rfc8724.html#figure-23,200
rfc9441.xml,https://www.rfc-editor.org/rfc/rfc8724.html#figure-43,200
rfc9441.xml,https://www.rfc-editor.org/rfc/rfc8724.html#figure-44,200
rfc9441.xml,https://www.rfc-editor.org/rfc/rfc8724.html#figure-43,200
rfc9441.xml,https://www.rfc-editor.org/info/rfc2119,200
rfc9441.xml,https://www.rfc-editor.org/info/rfc3688,200
rfc9441.xml,https://www.rfc-editor.org/info/rfc6020,200
rfc9441.xml,https://www.rfc-editor.org/info/rfc6241,200
rfc9441.xml,https://www.rfc-editor.org/info/rfc6242,200
rfc9441.xml,https://www.rfc-editor.org/info/rfc8040,200
rfc9441.xml,https://www.rfc-editor.org/info/rfc8174,200
rfc9441.xml,https://www.rfc-editor.org/info/rfc8341,200
rfc9441.xml,https://www.rfc-editor.org/info/rfc8446,200
rfc9441.xml,https://www.rfc-editor.org/info/rfc8724,200
rfc9441.xml,https://www.rfc-editor.org/info/rfc9363,200
rfc9441.xml,https://www.rfc-editor.org/info/rfc8376,200
rfc9733.xml,https://datatracker.ietf.org/doc/draft-ietf-anima-brski-ae-13,200
rfc9733.xml,https://dx.doi.org/10.17487/rfc9733,200
rfc9733.xml,https://www.rfc-editor.org/info/rfc9733,200
rfc9733.xml,https://trustee.ietf.org/license-info,200
rfc9733.xml,https://www.iana.org/assignments/service-names-port-numbers,200
rfc9733.xml,https://ieeexplore.ieee.org/document/8423794,Connection error: HTTP Error 418: Unknown Code
rfc9733.xml,https://www.rfc-editor.org/info/rfc2119,200
rfc9733.xml,https://www.rfc-editor.org/info/rfc5280,200
rfc9733.xml,https://www.rfc-editor.org/info/rfc8174,200
rfc9733.xml,https://www.rfc-editor.org/info/rfc8995,200
rfc9733.xml,https://www.rfc-editor.org/info/rfc9483,200
rfc9733.xml,https://datatracker.ietf.org/meeting/116/materials/slides-116-anima-update-on-brski-ae-alternative-enrollment-protocols-in-brski-00,200
rfc9733.xml,https://datatracker.ietf.org/doc/html/draft-ietf-anima-brski-discovery-05,200
rfc9733.xml,https://datatracker.ietf.org/doc/html/draft-ietf-anima-constrained-voucher-27,200
rfc9733.xml,https://webstore.iec.ch/en/publication/66864,200
rfc9733.xml,https://www.iso.org/standard/55366.html,200
rfc9733.xml,https://www.rfc-editor.org/info/rfc2986,200
rfc9733.xml,https://www.rfc-editor.org/info/rfc4210,200
rfc9733.xml,https://www.rfc-editor.org/info/rfc4211,200
rfc9733.xml,https://www.rfc-editor.org/info/rfc5272,200
rfc9733.xml,https://www.rfc-editor.org/info/rfc5652,200
rfc9733.xml,https://www.rfc-editor.org/info/rfc5929,200
rfc9733.xml,https://www.rfc-editor.org/info/rfc6955,200
rfc9733.xml,https://www.rfc-editor.org/info/rfc7030,200
rfc9733.xml,https://www.rfc-editor.org/info/rfc8366,200
rfc9733.xml,https://www.rfc-editor.org/info/rfc8894,200
rfc9733.xml,https://www.rfc-editor.org/info/rfc8994,200
rfc9733.xml,https://www.rfc-editor.org/info/rfc9148,200
rfc9733.xml,https://www.rfc-editor.org/info/rfc9480,200
rfc9733.xml,https://www.rfc-editor.org/info/rfc9482,200
rfc9733.xml,https://www.era.europa.eu/system/files/2023-01/sos3_index083_-_subset-137_v100.pdf,200
rfc9326.xml,https://datatracker.ietf.org/doc/draft-ietf-ippm-ioam-direct-export-11,200
rfc9326.xml,https://dx.doi.org/10.17487/rfc9326,200
rfc9326.xml,https://www.rfc-editor.org/info/rfc9326,200
rfc9326.xml,https://trustee.ietf.org/license-info,200
rfc9326.xml,https://www.rfc-editor.org/info/rfc2119,200
rfc9326.xml,https://www.rfc-editor.org/info/rfc8174,200
rfc9326.xml,https://www.rfc-editor.org/info/rfc9197,200
rfc9326.xml,https://datatracker.ietf.org/doc/html/draft-ietf-ippm-ioam-data-integrity-02,200
rfc9326.xml,https://www.ietf.org/archive/id/draft-ietf-ippm-ioam-data-integrity-02.txt,200
rfc9326.xml,https://datatracker.ietf.org/doc/html/draft-ietf-ippm-ioam-ipv6-options-09,200
rfc9326.xml,https://www.ietf.org/archive/id/draft-ietf-ippm-ioam-ipv6-options-09.txt,200
rfc9326.xml,https://datatracker.ietf.org/doc/html/draft-spiegel-ippm-ioam-rawexport-06,200
rfc9326.xml,https://www.ietf.org/archive/id/draft-spiegel-ippm-ioam-rawexport-06.txt,200
rfc9326.xml,https://datatracker.ietf.org/doc/html/draft-song-ippm-postcard-based-telemetry-14,200
rfc9326.xml,https://www.ietf.org/archive/id/draft-song-ippm-postcard-based-telemetry-14.txt,200
rfc9326.xml,https://www.rfc-editor.org/info/rfc5475,200
rfc9326.xml,https://www.rfc-editor.org/info/rfc6291,200
rfc9326.xml,https://www.rfc-editor.org/info/rfc7014,200
rfc9326.xml,https://www.rfc-editor.org/info/rfc8126,200
rfc9326.xml,https://www.rfc-editor.org/info/rfc9322,200
rfc9754.xml,https://datatracker.ietf.org/doc/draft-ietf-nfsv4-delstid-08,200
rfc9754.xml,https://dx.doi.org/10.17487/rfc9754,200
rfc9754.xml,https://www.rfc-editor.org/info/rfc9754,200
rfc9754.xml,https://trustee.ietf.org/license-info,200
rfc9754.xml,https://www.rfc-editor.org/info/rfc2119,200
rfc9754.xml,https://www.rfc-editor.org/info/rfc4506,200
rfc9754.xml,https://www.rfc-editor.org/info/rfc7862,200
rfc9754.xml,https://www.rfc-editor.org/info/rfc7863,200
rfc9754.xml,https://www.rfc-editor.org/info/rfc8174,200
rfc9754.xml,https://www.rfc-editor.org/info/rfc8178,200
rfc9754.xml,https://www.rfc-editor.org/info/rfc8881,200
rfc8848.xml,https://datatracker.ietf.org/doc/draft-ietf-clue-signaling-15,200
rfc8848.xml,https://dx.doi.org/10.17487/rfc8848,200
rfc8848.xml,https://www.rfc-editor.org/info/rfc8848,200
rfc8848.xml,https://trustee.ietf.org/license-info,200
rfc8848.xml,https://www.rfc-editor.org/info/rfc2119,200
rfc8848.xml,https://www.rfc-editor.org/info/rfc3711,200
rfc8848.xml,https://www.rfc-editor.org/info/rfc3840,200
rfc8848.xml,https://www.rfc-editor.org/info/rfc4574,200
rfc8848.xml,https://www.rfc-editor.org/info/rfc5763,200
rfc8848.xml,https://www.rfc-editor.org/info/rfc5888,200
rfc8848.xml,https://www.rfc-editor.org/info/rfc8174,200
rfc8848.xml,https://www.rfc-editor.org/info/rfc8831,200
rfc8848.xml,https://www.rfc-editor.org/info/rfc8841,200
rfc8848.xml,https://www.rfc-editor.org/info/rfc8843,200
rfc8848.xml,https://www.rfc-editor.org/info/rfc8845,200
rfc8848.xml,http://www.rfc-editor.org/info/rfc8846,200
rfc8848.xml,https://www.rfc-editor.org/info/rfc8847,200
rfc8848.xml,https://www.rfc-editor.org/info/rfc8849,200
rfc8848.xml,https://www.rfc-editor.org/info/rfc8850,200
rfc8848.xml,https://www.rfc-editor.org/info/rfc8864,200
rfc8848.xml,https://www.rfc-editor.org/info/rfc2506,200
rfc8848.xml,https://www.rfc-editor.org/info/rfc3261,200
rfc8848.xml,https://www.rfc-editor.org/info/rfc3264,200
rfc8848.xml,https://www.rfc-editor.org/info/rfc3311,200
rfc8848.xml,https://www.rfc-editor.org/info/rfc4566,200
rfc8848.xml,https://www.rfc-editor.org/info/rfc5630,200
rfc8848.xml,https://www.rfc-editor.org/info/rfc5761,200
rfc8848.xml,https://www.rfc-editor.org/info/rfc6184,200
rfc8848.xml,https://www.rfc-editor.org/info/rfc8445,200
rfc8894.xml,https://datatracker.ietf.org/doc/draft-gutmann-scep-16,200
rfc8894.xml,https://dx.doi.org/10.17487/rfc8894,200
rfc8894.xml,https://www.rfc-editor.org/info/rfc8894,200
rfc8894.xml,https://trustee.ietf.org/license-info,200
rfc8894.xml,https://doi.org/10.6028/NIST.FIPS.197,200
rfc8894.xml,https://www.rfc-editor.org/info/rfc2119,200
rfc8894.xml,https://www.rfc-editor.org/info/rfc2985,200
rfc8894.xml,https://www.rfc-editor.org/info/rfc2986,200
rfc8894.xml,https://www.rfc-editor.org/info/rfc3986,200
rfc8894.xml,https://www.rfc-editor.org/info/rfc4648,200
rfc8894.xml,https://www.rfc-editor.org/info/rfc5234,200
rfc8894.xml,https://www.rfc-editor.org/info/rfc5280,200
rfc8894.xml,https://www.rfc-editor.org/info/rfc5652,200
rfc8894.xml,https://www.rfc-editor.org/info/rfc6838,200
rfc8894.xml,https://www.rfc-editor.org/info/rfc7230,200
rfc8894.xml,https://www.rfc-editor.org/info/rfc7258,200
rfc8894.xml,https://www.rfc-editor.org/info/rfc8126,200
rfc8894.xml,https://www.rfc-editor.org/info/rfc8174,200
rfc8894.xml,https://tools.ietf.org/html/draft-ietf-httpbis-bcp56bis-09,200
rfc8894.xml,http://www.ietf.org/internet-drafts/draft-ietf-httpbis-bcp56bis-09.txt,Connection error: HTTP Error 404: Not Found
rfc8894.xml,https://github.com/jscep/jscep,200
rfc8894.xml,https://www.rfc-editor.org/info/rfc2634,200
rfc8894.xml,https://www.rfc-editor.org/info/rfc4387,200
rfc8894.xml,https://www.rfc-editor.org/info/rfc5035,200
rfc8894.xml,https://www.rfc-editor.org/info/rfc7296,200
rfc8894.xml,https://www.rfc-editor.org/info/rfc8446,200
rfc8894.xml,https://www.rfc-editor.org/info/rfc8551,200
rfc9319.xml,https://datatracker.ietf.org/doc/draft-ietf-sidrops-rpkimaxlen-15,200
rfc9319.xml,https://dx.doi.org/10.17487/rfc9319,200
rfc9319.xml,https://www.rfc-editor.org/info/rfc9319,200
rfc9319.xml,https://trustee.ietf.org/license-info,200
rfc9319.xml,https://www.rfc-editor.org/info/rfc1918,200
rfc9319.xml,https://www.rfc-editor.org/info/rfc2119,200
rfc9319.xml,https://www.rfc-editor.org/info/rfc4271,200
rfc9319.xml,https://www.rfc-editor.org/info/rfc6480,200
rfc9319.xml,https://www.rfc-editor.org/info/rfc6482,200
rfc9319.xml,https://www.rfc-editor.org/info/rfc6811,200
rfc9319.xml,https://www.rfc-editor.org/info/rfc7115,200
rfc9319.xml,https://www.rfc-editor.org/info/rfc8174,200
rfc9319.xml,https://eprint.iacr.org/2016/1010.pdf,200
rfc9319.xml,https://eprint.iacr.org/2016/1015.pdf,200
rfc9319.xml,http://cacm.acm.org/magazines/2016/10/207763-rethinking-security-for-internet-routing/,Connection error: HTTP Error 403: Forbidden
rfc9319.xml,https://www.rfc-editor.org/info/rfc5737,200
rfc9319.xml,https://www.rfc-editor.org/info/rfc6907,200
rfc9319.xml,https://www.rfc-editor.org/info/rfc7999,200
rfc9319.xml,https://www.rfc-editor.org/info/rfc8205,200
rfc9309.xml,https://datatracker.ietf.org/doc/draft-koster-rep-12,200
rfc9309.xml,https://dx.doi.org/10.17487/rfc9309,200
rfc9309.xml,https://www.rfc-editor.org/info/rfc9309,200
rfc9309.xml,https://trustee.ietf.org/license-info,200
rfc9309.xml,https://www.rfc-editor.org/info/rfc2046,200
rfc9309.xml,https://www.rfc-editor.org/info/rfc2119,200
rfc9309.xml,https://www.rfc-editor.org/info/rfc3629,200
rfc9309.xml,https://www.rfc-editor.org/info/rfc3986,200
rfc9309.xml,https://www.rfc-editor.org/info/rfc5234,200
rfc9309.xml,https://www.rfc-editor.org/info/rfc8174,200
rfc9309.xml,https://www.rfc-editor.org/info/rfc8288,200
rfc9309.xml,https://www.rfc-editor.org/info/rfc9110,200
rfc9309.xml,https://www.rfc-editor.org/info/rfc9111,200
rfc9309.xml,https://simple.wikipedia.org/wiki/Kibibyte,200
rfc9309.xml,https://www.robotstxt.org/,200
rfc9309.xml,https://www.sitemaps.org/index.html,200
rfc8910.xml,https://datatracker.ietf.org/doc/draft-ietf-capport-rfc7710bis-10,200
rfc8910.xml,https://dx.doi.org/10.17487/rfc8910,200
rfc8910.xml,https://www.rfc-editor.org/info/rfc8910,200
rfc8910.xml,https://trustee.ietf.org/license-info,200
rfc8910.xml,https://www.iana.org/assignments/bootp-dhcp-parameters,200
rfc8910.xml,https://www.rfc-editor.org/info/rfc2119,200
rfc8910.xml,https://www.rfc-editor.org/info/rfc2131,200
rfc8910.xml,https://www.rfc-editor.org/info/rfc2132,200
rfc8910.xml,https://www.rfc-editor.org/info/rfc3553,200
rfc8910.xml,https://www.rfc-editor.org/info/rfc3986,200
rfc8910.xml,https://www.rfc-editor.org/info/rfc4861,200
rfc8910.xml,https://www.rfc-editor.org/info/rfc7227,200
rfc8910.xml,https://www.rfc-editor.org/info/rfc7231,200
rfc8910.xml,https://www.rfc-editor.org/info/rfc7234,200
rfc8910.xml,https://www.rfc-editor.org/info/rfc8174,200
rfc8910.xml,https://www.rfc-editor.org/info/rfc8415,200
rfc8910.xml,https://www.rfc-editor.org/info/rfc3679,200
rfc8910.xml,https://www.rfc-editor.org/info/rfc3779,200
rfc8910.xml,https://www.rfc-editor.org/info/rfc6105,200
rfc8910.xml,https://www.rfc-editor.org/info/rfc7113,200
rfc8910.xml,https://www.rfc-editor.org/info/rfc7610,200
rfc8910.xml,https://www.rfc-editor.org/info/rfc7710,200
rfc8910.xml,https://www.rfc-editor.org/info/rfc8908,200
rfc8910.xml,https://tickets.meeting.ietf.org/wiki/IETF106network#Experiments,Connection error: HTTP Error 404: Not Found
rfc8910.xml,https://tickets.meeting.ietf.org/wiki/CAPPORT,Connection error: HTTP Error 404: Not Found
rfc8910.xml,https://community.polycom.com/t5/VoIP-SIP-Phones/DHCP-Standardization-160-vs-66/td-p/72577,200
rfc9454.xml,https://datatracker.ietf.org/doc/draft-ietf-lsr-ospf-terminology-09,200
rfc9454.xml,https://dx.doi.org/10.17487/rfc9454,200
rfc9454.xml,https://www.rfc-editor.org/info/rfc9454,200
rfc9454.xml,https://trustee.ietf.org/license-info,200
rfc9454.xml,https://www.rfc-editor.org/info/rfc2328,200
rfc9454.xml,https://www.rfc-editor.org/info/rfc4222,200
rfc9454.xml,https://www.rfc-editor.org/info/rfc4811,200
rfc9454.xml,https://www.rfc-editor.org/info/rfc5243,200
rfc9454.xml,https://www.rfc-editor.org/info/rfc5340,200
rfc9454.xml,https://www.rfc-editor.org/info/rfc5614,200
rfc9454.xml,https://www.rfc-editor.org/info/rfc5838,200
rfc9454.xml,https://doi.org/10.6028/NIST.IR.8366,200
rfc9264.xml,https://datatracker.ietf.org/doc/draft-ietf-httpapi-linkset-10,200
rfc9264.xml,https://dx.doi.org/10.17487/rfc9264,200
rfc9264.xml,https://www.rfc-editor.org/info/rfc9264,200
rfc9264.xml,https://trustee.ietf.org/license-info,200
rfc9264.xml,https://id.gs1.org/01/9506000134352,200
rfc9264.xml,https://www.gs1.org/voc/?show=linktypes,200
rfc9264.xml,https://www.gs1.org/voc/activityIdeas,200
rfc9264.xml,https://web.archive.org/web/20210927160406/https://www.gs1.org/voc/?show=linktypes,200
rfc9264.xml,https://id.gs1.org/01/9506000134352?linkType=all,Connection error: HTTP Error 502: Bad Gateway
rfc9264.xml,https://www.gs1.org/voc/?show=linktypes,200
rfc9264.xml,https://www.rfc-editor.org/info/rfc2119,200
rfc9264.xml,https://www.rfc-editor.org/info/rfc3986,200
rfc9264.xml,https://www.rfc-editor.org/info/rfc5234,200
rfc9264.xml,https://www.rfc-editor.org/info/rfc5646,200
rfc9264.xml,https://www.rfc-editor.org/info/rfc6838,200
rfc9264.xml,https://www.rfc-editor.org/info/rfc8174,200
rfc9264.xml,https://www.rfc-editor.org/info/rfc8187,200
rfc9264.xml,https://www.rfc-editor.org/info/rfc8259,200
rfc9264.xml,https://www.rfc-editor.org/info/rfc8288,200
rfc9264.xml,https://www.rfc-editor.org/info/rfc9110,200
rfc9264.xml,https://www.w3.org/TR/json-ld/,200
rfc9264.xml,https://www.dublincore.org/specifications/dublin-core/dcmi-terms/,Connection error: HTTP Error 403: Forbidden
rfc9264.xml,https://www.rfc-editor.org/info/rfc5988,200
rfc9264.xml,https://www.rfc-editor.org/info/rfc6690,200
rfc9264.xml,https://www.rfc-editor.org/info/rfc6906,200
rfc9264.xml,https://www.rfc-editor.org/info/rfc7284,200
rfc9264.xml,https://www.w3.org/TR/rdf11-concepts/,200
rfc9264.xml,http://www.w3.org/ns/json-ld#context,200
rfc9264.xml,https://www.gs1.org/voc/,200
rfc9264.xml,http://www.w3.org/ns/json-ld#context,200
rfc9585.xml,https://datatracker.ietf.org/doc/draft-ietf-extra-imap-inprogress-06,200
rfc9585.xml,https://dx.doi.org/10.17487/rfc9585,200
rfc9585.xml,https://www.rfc-editor.org/info/rfc9585,200
rfc9585.xml,https://trustee.ietf.org/license-info,200
rfc9585.xml,https://www.iana.org/assignments/imap-response-codes,200
rfc9585.xml,https://www.iana.org/assignments/imap-capabilities,200
rfc9585.xml,https://www.rfc-editor.org/info/rfc2119,200
rfc9585.xml,https://www.rfc-editor.org/info/rfc5234,200
rfc9585.xml,https://www.rfc-editor.org/info/rfc5530,200
rfc9585.xml,https://www.rfc-editor.org/info/rfc8174,200
rfc9585.xml,https://www.rfc-editor.org/info/rfc9051,200
rfc9224.xml,https://datatracker.ietf.org/doc/draft-ietf-regext-rfc7484bis-06,200
rfc9224.xml,https://dx.doi.org/10.17487/rfc9224,200
rfc9224.xml,https://www.rfc-editor.org/info/rfc9224,200
rfc9224.xml,https://trustee.ietf.org/license-info,200
rfc9224.xml,https://www.iana.org/protocols,200
rfc9224.xml,https://www.rfc-editor.org/info/rfc2119,200
rfc9224.xml,https://www.rfc-editor.org/info/rfc3339,200
rfc9224.xml,https://www.rfc-editor.org/info/rfc4632,200
rfc9224.xml,https://www.rfc-editor.org/info/rfc5396,200
rfc9224.xml,https://www.rfc-editor.org/info/rfc5890,200
rfc9224.xml,https://www.rfc-editor.org/info/rfc5952,200
rfc9224.xml,https://www.rfc-editor.org/info/rfc7258,200
rfc9224.xml,https://www.rfc-editor.org/info/rfc7480,200
rfc9224.xml,https://www.rfc-editor.org/info/rfc8174,200
rfc9224.xml,https://www.rfc-editor.org/info/rfc8259,200
rfc9224.xml,https://www.iana.org/assignments/as-numbers,200
rfc9224.xml,https://www.iana.org/domains/root/db,200
rfc9224.xml,https://www.iana.org/assignments/ipv4-address-space,200
rfc9224.xml,https://www.iana.org/assignments/ipv6-unicast-address-assignments,200
rfc9224.xml,https://datatracker.ietf.org/doc/html/draft-ietf-weirds-redirects-04,200
rfc9224.xml,https://www.rfc-editor.org/info/rfc7071,200
rfc9224.xml,https://www.rfc-editor.org/info/rfc7234,200
rfc9224.xml,https://www.rfc-editor.org/info/rfc7481,200
rfc9224.xml,https://www.rfc-editor.org/info/rfc7484,200
rfc9224.xml,https://www.rfc-editor.org/info/rfc8446,200
rfc9224.xml,https://www.rfc-editor.org/info/rfc8521,200
rfc9224.xml,https://www.rfc-editor.org/info/rfc9082,200
rfc9224.xml,https://www.rfc-editor.org/info/rfc9083,200
rfc9516.xml,https://datatracker.ietf.org/doc/draft-ietf-sfc-multi-layer-oam-28,200
rfc9516.xml,https://dx.doi.org/10.17487/rfc9516,200
rfc9516.xml,https://www.rfc-editor.org/info/rfc9516,200
rfc9516.xml,https://trustee.ietf.org/license-info,200
rfc9516.xml,https://www.rfc-editor.org/info/rfc2119,200
rfc9516.xml,https://www.rfc-editor.org/info/rfc7665,200
rfc9516.xml,https://www.rfc-editor.org/info/rfc8174,200
rfc9516.xml,https://www.rfc-editor.org/info/rfc8300,200
rfc9516.xml,https://www.rfc-editor.org/info/rfc9015,200
rfc9516.xml,https://www.rfc-editor.org/info/rfc9145,200
rfc9516.xml,https://www.rfc-editor.org/info/rfc9451,200
rfc9516.xml,https://www.rfc-editor.org/info/rfc792,200
rfc9516.xml,https://www.rfc-editor.org/info/rfc4086,200
rfc9516.xml,https://www.rfc-editor.org/info/rfc4302,200
rfc9516.xml,https://www.rfc-editor.org/info/rfc4303,200
rfc9516.xml,https://www.rfc-editor.org/info/rfc4443,200
rfc9516.xml,https://www.rfc-editor.org/info/rfc5706,200
rfc9516.xml,https://www.rfc-editor.org/info/rfc5880,200
rfc9516.xml,https://www.rfc-editor.org/info/rfc6437,200
rfc9516.xml,https://www.rfc-editor.org/info/rfc7110,200
rfc9516.xml,https://www.rfc-editor.org/info/rfc7555,200
rfc9516.xml,https://www.rfc-editor.org/info/rfc7799,200
rfc9516.xml,https://www.rfc-editor.org/info/rfc8029,200
rfc9516.xml,https://www.rfc-editor.org/info/rfc8126,200
rfc9516.xml,https://www.rfc-editor.org/info/rfc8595,200
rfc9516.xml,https://www.rfc-editor.org/info/rfc8924,200
rfc9516.xml,https://www.rfc-editor.org/info/rfc9263,200
rfc9706.xml,https://datatracker.ietf.org/doc/draft-ietf-mops-treedn-07,200
rfc9706.xml,https://dx.doi.org/10.17487/rfc9706,200
rfc9706.xml,https://www.rfc-editor.org/info/rfc9706,200
rfc9706.xml,https://trustee.ietf.org/license-info,200
rfc9706.xml,https://www.rfc-editor.org/info/rfc2119,200
rfc9706.xml,https://www.rfc-editor.org/info/rfc3376,200
rfc9706.xml,https://www.rfc-editor.org/info/rfc3810,200
rfc9706.xml,https://www.rfc-editor.org/info/rfc4607,200
rfc9706.xml,https://www.rfc-editor.org/info/rfc6388,200
rfc9706.xml,https://www.rfc-editor.org/info/rfc7450,200
rfc9706.xml,https://www.rfc-editor.org/info/rfc7761,200
rfc9706.xml,https://www.rfc-editor.org/info/rfc8174,200
rfc9706.xml,https://en.wikipedia.org/w/index.php?title=Radia_Perlman&oldid=1245484160,200
rfc9706.xml,https://datatracker.ietf.org/doc/html/draft-ietf-bess-bgp-multicast-08,200
rfc9706.xml,https://datatracker.ietf.org/meeting/112/materials/slides-112-mboned-bier-amt-depolyment-in-geantrare-network-00,200
rfc9706.xml,https://en.wikipedia.org/w/index.php?title=Broadcast_delay&oldid=1225656951,200
rfc9706.xml,https://dvb.org/wp-content/uploads/2022/01/A176r3_Adaptive-Media-Streaming-over-IP-Multicast_Interim-Draft-TS-103-769-v121_March_2023.pdf,200
rfc9706.xml,https://datatracker.ietf.org/meeting/115/materials/slides-115-mboned-eumetcast-over-amt,200
rfc9706.xml,https://datatracker.ietf.org/meeting/110/materials/slides-110-mboned-eumetsat-multicast-over-the-mbone-00,200
rfc9706.xml,https://datatracker.ietf.org/doc/html/draft-ietf-ipsecme-g-ikev2-20,200
rfc9706.xml,https://www.ibc.org/technical-papers/ibc2023-tech-papers-multicast-assisted-unicast-delivery/10235.article,200
rfc9706.xml,https://menu.treedn.net,200
rfc9706.xml,https://datatracker.ietf.org/meeting/114/materials/slides-114-mboned-offnet-sourcing-with-the-multicast-menu-01,200
rfc9706.xml,https://datatracker.ietf.org/doc/html/draft-jholland-quic-multicast-06,200
rfc9706.xml,https://www.rfc-editor.org/info/rfc4609,200
rfc9706.xml,https://www.rfc-editor.org/info/rfc5740,200
rfc9706.xml,https://www.rfc-editor.org/info/rfc6513,200
rfc9706.xml,https://www.rfc-editor.org/info/rfc7716,200
rfc9706.xml,https://www.rfc-editor.org/info/rfc8085,200
rfc9706.xml,https://www.rfc-editor.org/info/rfc8279,200
rfc9706.xml,https://www.rfc-editor.org/info/rfc8777,200
rfc9706.xml,https://www.rfc-editor.org/info/rfc8815,200
rfc9706.xml,https://www.rfc-editor.org/info/rfc9000,200
rfc9706.xml,https://www.rfc-editor.org/info/rfc9049,200
rfc9706.xml,https://www.rfc-editor.org/info/rfc9300,200
rfc9706.xml,https://www.rfc-editor.org/info/rfc9524,200
rfc9706.xml,https://www.poetryfoundation.org/poetrymagazine/poems/12744/trees,Connection error: HTTP Error 403: Forbidden
rfc9528.xml,https://datatracker.ietf.org/doc/draft-ietf-lake-edhoc-23,200
rfc9528.xml,https://dx.doi.org/10.17487/rfc9528,200
rfc9528.xml,https://www.rfc-editor.org/info/rfc9528,200
rfc9528.xml,https://trustee.ietf.org/license-info,200
rfc9528.xml,https://www.rfc-editor.org/info/rfc2119,200
rfc9528.xml,https://www.rfc-editor.org/info/rfc3279,200
rfc9528.xml,https://www.rfc-editor.org/info/rfc3552,200
rfc9528.xml,https://www.rfc-editor.org/info/rfc5116,200
rfc9528.xml,https://www.rfc-editor.org/info/rfc5869,200
rfc9528.xml,https://www.rfc-editor.org/info/rfc6090,200
rfc9528.xml,https://www.rfc-editor.org/info/rfc6960,200
rfc9528.xml,https://www.rfc-editor.org/info/rfc6979,200
rfc9528.xml,https://www.rfc-editor.org/info/rfc7252,200
rfc9528.xml,https://www.rfc-editor.org/info/rfc7748,200
rfc9528.xml,https://www.rfc-editor.org/info/rfc7959,200
rfc9528.xml,https://www.rfc-editor.org/info/rfc8126,200
rfc9528.xml,https://www.rfc-editor.org/info/rfc8174,200
rfc9528.xml,https://www.rfc-editor.org/info/rfc8392,200
rfc9528.xml,https://www.rfc-editor.org/info/rfc8410,200
rfc9528.xml,https://www.rfc-editor.org/info/rfc8610,200
rfc9528.xml,https://www.rfc-editor.org/info/rfc8613,200
rfc9528.xml,https://www.rfc-editor.org/info/rfc8724,200
rfc9528.xml,https://www.rfc-editor.org/info/rfc8742,200
rfc9528.xml,https://www.rfc-editor.org/info/rfc8747,200
rfc9528.xml,https://www.rfc-editor.org/info/rfc8949,200
rfc9528.xml,https://www.rfc-editor.org/info/rfc9052,200
rfc9528.xml,https://www.rfc-editor.org/info/rfc9053,200
rfc9528.xml,https://www.rfc-editor.org/info/rfc9175,200
rfc9528.xml,https://www.rfc-editor.org/info/rfc9360,200
rfc9528.xml,https://www.springerprofessional.de/en/formal-verification-of-ephemeral-diffie-hellman-over-cose-edhoc/16284348,Connection error: HTTP Error 406: Not Acceptable
rfc9528.xml,https://datatracker.ietf.org/doc/html/draft-ietf-cose-cbor-encoded-cert-09,200
rfc9528.xml,https://cbor.me/,200
rfc9528.xml,https://en.wikipedia.org/w/index.php?title=Commercial_National_Security_Algorithm_Suite&oldid=1181333611,200
rfc9528.xml,https://datatracker.ietf.org/doc/html/draft-ietf-iotops-security-protocol-comparison-04,200
rfc9528.xml,https://arxiv.org/abs/2209.03599,200
rfc9528.xml,https://datatracker.ietf.org/doc/html/draft-ietf-lwig-curve-representations-23,200
rfc9528.xml,https://eprint.iacr.org/2011/615,200
rfc9528.xml,https://datatracker.ietf.org/doc/html/draft-ietf-rats-eat-25,200
rfc9528.xml,https://datatracker.ietf.org/doc/html/draft-ietf-core-oscore-edhoc-10,200
rfc9528.xml,https://eprint.iacr.org/2022/1705,200
rfc9528.xml,https://datatracker.ietf.org/doc/html/draft-irtf-cfrg-det-sigs-with-noise-02,200
rfc9528.xml,https://eprint.iacr.org/2010/264.pdf,200
rfc9528.xml,https://ieeexplore.ieee.org/document/7460875,Connection error: HTTP Error 418: Unknown Code
rfc9528.xml,https://hal.inria.fr/hal-03810102/,200
rfc9528.xml,https://datatracker.ietf.org/doc/html/draft-ietf-core-oscore-key-update-07,200
rfc9528.xml,https://datatracker.ietf.org/doc/html/draft-ietf-lake-authz-01,200
rfc9528.xml,https://datatracker.ietf.org/doc/html/draft-ietf-lake-reqs-04,200
rfc9528.xml,https://csrc.nist.gov/Projects/post-quantum-cryptography/faqs,200
rfc9528.xml,https://noiseprotocol.org/noise.html,200
rfc9528.xml,https://arxiv.org/abs/2007.11427,200
rfc9528.xml,https://www.rfc-editor.org/info/rfc2986,200
rfc9528.xml,https://www.rfc-editor.org/info/rfc5280,200
rfc9528.xml,https://www.rfc-editor.org/info/rfc6194,200
rfc9528.xml,https://www.rfc-editor.org/info/rfc7228,200
rfc9528.xml,https://www.rfc-editor.org/info/rfc7258,200
rfc9528.xml,https://www.rfc-editor.org/info/rfc7296,200
rfc9528.xml,https://www.rfc-editor.org/info/rfc7624,200
rfc9528.xml,https://www.rfc-editor.org/info/rfc8366,200
rfc9528.xml,https://www.rfc-editor.org/info/rfc8376,200
rfc9528.xml,https://www.rfc-editor.org/info/rfc8446,200
rfc9528.xml,https://www.rfc-editor.org/info/rfc8937,200
rfc9528.xml,https://www.rfc-editor.org/info/rfc9000,200
rfc9528.xml,https://www.rfc-editor.org/info/rfc9147,200
rfc9528.xml,https://www.rfc-editor.org/info/rfc9176,200
rfc9528.xml,https://www.rfc-editor.org/info/rfc9397,200
rfc9528.xml,https://www.rfc-editor.org/info/rfc9529,200
rfc9528.xml,https://www.secg.org/sec1-v2.pdf,200
rfc9528.xml,https://www.iacr.org/cryptodb/archive/2003/CRYPTO/1495/1495.pdf,200
rfc9528.xml,https://doi.org/10.6028/NIST.SP.800-108r1-upd1,200
rfc9528.xml,https://doi.org/10.6028/NIST.SP.800-56Ar3,200
rfc9528.xml,https://doi.org/10.6028/NIST.SP.800-185,200
rfc9528.xml,https://eprint.iacr.org/2021/509.pdf,200
rfc9528.xml,https://datatracker.ietf.org/doc/html/draft-arkko-arch-internet-threat-model-guidance-00,200
rfc9174.xml,https://datatracker.ietf.org/doc/draft-ietf-dtn-tcpclv4-26,200
rfc9174.xml,https://dx.doi.org/10.17487/rfc9174,200
rfc9174.xml,https://www.rfc-editor.org/info/rfc9174,200
rfc9174.xml,https://trustee.ietf.org/license-info,200
rfc9174.xml,https://www.iana.org/assignments/bundle/,200
rfc9174.xml,https://www.iana.org/assignments/service-names-port-numbers/,200
rfc9174.xml,https://www.iana.org/assignments/smi-numbers/,200
rfc9174.xml,https://www.rfc-editor.org/info/rfc793,200
rfc9174.xml,https://www.rfc-editor.org/info/rfc1122,200
rfc9174.xml,https://www.rfc-editor.org/info/rfc2119,200
rfc9174.xml,https://www.rfc-editor.org/info/rfc3986,200
rfc9174.xml,https://www.rfc-editor.org/info/rfc5280,200
rfc9174.xml,https://www.rfc-editor.org/info/rfc6066,200
rfc9174.xml,https://www.rfc-editor.org/info/rfc6125,200
rfc9174.xml,https://www.rfc-editor.org/info/rfc6960,200
rfc9174.xml,https://www.rfc-editor.org/info/rfc7525,200
rfc9174.xml,https://www.rfc-editor.org/info/rfc8126,200
rfc9174.xml,https://www.rfc-editor.org/info/rfc8174,200
rfc9174.xml,https://www.rfc-editor.org/info/rfc8446,200
rfc9174.xml,https://www.rfc-editor.org/info/rfc9171,200
rfc9174.xml,https://www.itu.int/rec/T-REC-X.680-202102-I/en,200
rfc9174.xml,https://www.isg.rhul.ac.uk/~kp/TLS-AEbounds.pdf,Connection error: HTTP Error 404: Not Found
rfc9174.xml,https://www.rfc-editor.org/info/rfc2595,200
rfc9174.xml,https://www.rfc-editor.org/info/rfc3552,200
rfc9174.xml,https://www.rfc-editor.org/info/rfc4511,200
rfc9174.xml,https://www.rfc-editor.org/info/rfc4838,200
rfc9174.xml,https://www.rfc-editor.org/info/rfc5489,200
rfc9174.xml,https://www.rfc-editor.org/info/rfc5912,200
rfc9174.xml,https://www.rfc-editor.org/info/rfc6698,200
rfc9174.xml,https://www.rfc-editor.org/info/rfc7122,200
rfc9174.xml,https://www.rfc-editor.org/info/rfc7242,200
rfc9174.xml,https://www.rfc-editor.org/info/rfc7250,200
rfc9174.xml,https://www.rfc-editor.org/info/rfc7435,200
rfc9174.xml,https://www.rfc-editor.org/info/rfc7457,200
rfc9174.xml,https://www.rfc-editor.org/info/rfc8555,200
rfc9174.xml,https://www.rfc-editor.org/info/rfc9172,200
rfc9174.xml,https://datatracker.ietf.org/doc/html/draft-ietf-dtn-bibect-03,200
rfc9174.xml,https://www.ietf.org/archive/id/draft-ietf-dtn-bibect-03.txt,200
rfc8799.xml,https://datatracker.ietf.org/doc/draft-carpenter-limited-domains-13,200
rfc8799.xml,https://dx.doi.org/10.17487/rfc8799,200
rfc8799.xml,https://www.rfc-editor.org/info/rfc8799,200
rfc8799.xml,https://trustee.ietf.org/license-info,200
rfc8799.xml,https://tools.ietf.org/html/draft-ietf-anima-autonomic-control-plane-27,200
rfc8799.xml,http://www.ietf.org/internet-drafts/draft-ietf-anima-autonomic-control-plane-27.txt,Connection error: HTTP Error 404: Not Found
rfc8799.xml,https://tools.ietf.org/html/draft-li-6man-app-aware-ipv6-network-02,200
rfc8799.xml,http://www.ietf.org/internet-drafts/draft-li-6man-app-aware-ipv6-network-02.txt,Connection error: HTTP Error 404: Not Found
rfc8799.xml,https://www.iaria.org/announcements/HuaweiBigIP.pdf,200
rfc8799.xml,https://tools.ietf.org/html/draft-ietf-detnet-data-plane-framework-06,200
rfc8799.xml,http://www.ietf.org/internet-drafts/draft-ietf-detnet-data-plane-framework-06.txt,Connection error: HTTP Error 404: Not Found
rfc8799.xml,https://tools.ietf.org/html/draft-dcrocker-dns-perimeter-01,200
rfc8799.xml,http://www.ietf.org/internet-drafts/draft-dcrocker-dns-perimeter-01.txt,Connection error: HTTP Error 404: Not Found
rfc8799.xml,https://tools.ietf.org/html/draft-jiang-semantic-prefix-06,200
rfc8799.xml,http://www.ietf.org/internet-drafts/draft-jiang-semantic-prefix-06.txt,Connection error: HTTP Error 404: Not Found
rfc8799.xml,https://tools.ietf.org/html/draft-ietf-teas-enhanced-vpn-06,200
rfc8799.xml,http://www.ietf.org/internet-drafts/draft-ietf-teas-enhanced-vpn-06.txt,Connection error: HTTP Error 404: Not Found
rfc8799.xml,https://tools.ietf.org/html/draft-herbert-fast-04,200
rfc8799.xml,http://www.ietf.org/internet-drafts/draft-herbert-fast-04.txt,Connection error: HTTP Error 404: Not Found
rfc8799.xml,https://tools.ietf.org/html/draft-ietf-intarea-frag-fragile-17,200
rfc8799.xml,http://www.ietf.org/internet-drafts/draft-ietf-intarea-frag-fragile-17.txt,Connection error: HTTP Error 404: Not Found
rfc8799.xml,https://tools.ietf.org/html/draft-ietf-homenet-simple-naming-03,200
rfc8799.xml,http://www.ietf.org/internet-drafts/draft-ietf-homenet-simple-naming-03.txt,Connection error: HTTP Error 404: Not Found
rfc8799.xml,https://tools.ietf.org/html/draft-irtf-nmrg-ibn-concepts-definitions-01,200
rfc8799.xml,http://www.ietf.org/internet-drafts/draft-irtf-nmrg-ibn-concepts-definitions-01.txt,Connection error: HTTP Error 404: Not Found
rfc8799.xml,https://tools.ietf.org/html/draft-smith-6man-in-flight-eh-insertion-harmful-02,200
rfc8799.xml,http://www.ietf.org/internet-drafts/draft-smith-6man-in-flight-eh-insertion-harmful-02.txt,Connection error: HTTP Error 404: Not Found
rfc8799.xml,https://tools.ietf.org/html/draft-ietf-ippm-ioam-ipv6-options-02,200
rfc8799.xml,http://www.ietf.org/internet-drafts/draft-ietf-ippm-ioam-ipv6-options-02.txt,Connection error: HTTP Error 404: Not Found
rfc8799.xml,https://tools.ietf.org/html/draft-herbert-ipv4-eh-01,200
rfc8799.xml,http://www.ietf.org/internet-drafts/draft-herbert-ipv4-eh-01.txt,Connection error: HTTP Error 404: Not Found
rfc8799.xml,https://tools.ietf.org/html/draft-ietf-6man-ipv6-alt-mark-01,200
rfc8799.xml,http://www.ietf.org/internet-drafts/draft-ietf-6man-ipv6-alt-mark-01.txt,Connection error: HTTP Error 404: Not Found
rfc8799.xml,https://tools.ietf.org/html/draft-ietf-opsec-ipv6-eh-filtering-06,200
rfc8799.xml,http://www.ietf.org/internet-drafts/draft-ietf-opsec-ipv6-eh-filtering-06.txt,Connection error: HTTP Error 404: Not Found
rfc8799.xml,https://tools.ietf.org/html/draft-voyer-6man-extension-header-insertion-09,200
rfc8799.xml,http://www.ietf.org/internet-drafts/draft-voyer-6man-extension-header-insertion-09.txt,Connection error: HTTP Error 404: Not Found
rfc8799.xml,https://tools.ietf.org/html/draft-andrews-tcp-and-ipv6-use-minmtu-04,200
rfc8799.xml,http://www.ietf.org/internet-drafts/draft-andrews-tcp-and-ipv6-use-minmtu-04.txt,Connection error: HTTP Error 404: Not Found
rfc8799.xml,https://tools.ietf.org/html/draft-ietf-ipwave-vehicular-networking-16,200
rfc8799.xml,http://www.ietf.org/internet-drafts/draft-ietf-ipwave-vehicular-networking-16.txt,Connection error: HTTP Error 404: Not Found
rfc8799.xml,https://tools.ietf.org/html/draft-ietf-anima-reference-model-10,200
rfc8799.xml,http://www.ietf.org/internet-drafts/draft-ietf-anima-reference-model-10.txt,Connection error: HTTP Error 404: Not Found
rfc8799.xml,https://www.rfc-editor.org/info/rfc2205,200
rfc8799.xml,https://www.rfc-editor.org/info/rfc2474,200
rfc8799.xml,https://www.rfc-editor.org/info/rfc2775,200
rfc8799.xml,https://www.rfc-editor.org/info/rfc2923,200
rfc8799.xml,https://www.rfc-editor.org/info/rfc3234,200
rfc8799.xml,https://www.rfc-editor.org/info/rfc3879,200
rfc8799.xml,https://www.rfc-editor.org/info/rfc4193,200
rfc8799.xml,https://www.rfc-editor.org/info/rfc4291,200
rfc8799.xml,https://www.rfc-editor.org/info/rfc4397,200
rfc8799.xml,https://www.rfc-editor.org/info/rfc4427,200
rfc8799.xml,https://www.rfc-editor.org/info/rfc4655,200
rfc8799.xml,https://www.rfc-editor.org/info/rfc4821,200
rfc8799.xml,https://www.rfc-editor.org/info/rfc4838,200
rfc8799.xml,https://www.rfc-editor.org/info/rfc4924,200
rfc8799.xml,https://www.rfc-editor.org/info/rfc5704,200
rfc8799.xml,https://www.rfc-editor.org/info/rfc6294,200
rfc8799.xml,https://www.rfc-editor.org/info/rfc6325,200
rfc8799.xml,https://www.rfc-editor.org/info/rfc6398,200
rfc8799.xml,https://www.rfc-editor.org/info/rfc6407,200
rfc8799.xml,https://www.rfc-editor.org/info/rfc6709,200
rfc8799.xml,https://www.rfc-editor.org/info/rfc6947,200
rfc8799.xml,https://www.rfc-editor.org/info/rfc6950,200
rfc8799.xml,https://www.rfc-editor.org/info/rfc7045,200
rfc8799.xml,https://www.rfc-editor.org/info/rfc7228,200
rfc8799.xml,https://www.rfc-editor.org/info/rfc7368,200
rfc8799.xml,https://www.rfc-editor.org/info/rfc7381,200
rfc8799.xml,https://www.rfc-editor.org/info/rfc7556,200
rfc8799.xml,https://www.rfc-editor.org/info/rfc7663,200
rfc8799.xml,https://www.rfc-editor.org/info/rfc7665,200
rfc8799.xml,https://www.rfc-editor.org/info/rfc7754,200
rfc8799.xml,https://www.rfc-editor.org/info/rfc7788,200
rfc8799.xml,https://www.rfc-editor.org/info/rfc7872,200
rfc8799.xml,https://www.rfc-editor.org/info/rfc8085,200
rfc8799.xml,https://www.rfc-editor.org/info/rfc8086,200
rfc8799.xml,https://www.rfc-editor.org/info/rfc8100,200
rfc8799.xml,https://www.rfc-editor.org/info/rfc8151,200
rfc8799.xml,https://www.rfc-editor.org/info/rfc8200,200
rfc8799.xml,https://www.rfc-editor.org/info/rfc8300,200
rfc8799.xml,https://www.rfc-editor.org/info/rfc8402,200
rfc8799.xml,https://www.rfc-editor.org/info/rfc8445,200
rfc8799.xml,https://www.rfc-editor.org/info/rfc8517,200
rfc8799.xml,https://www.rfc-editor.org/info/rfc8557,200
rfc8799.xml,https://www.rfc-editor.org/info/rfc8568,200
rfc8799.xml,https://www.rfc-editor.org/info/rfc8578,200
rfc8799.xml,https://www.rfc-editor.org/info/rfc8655,200
rfc8799.xml,https://www.rfc-editor.org/info/rfc8754,200
rfc8799.xml,https://ieeexplore.ieee.org/document/8403927,Connection error: HTTP Error 418: Unknown Code
rfc8799.xml,https://tools.ietf.org/html/draft-ietf-spring-srv6-network-programming-16,200
rfc8799.xml,http://www.ietf.org/internet-drafts/draft-ietf-spring-srv6-network-programming-16.txt,Connection error: HTTP Error 404: Not Found
rfc8799.xml,https://tools.ietf.org/html/draft-ietf-dmm-5g-uplane-analysis-03,200
rfc8799.xml,http://www.ietf.org/internet-drafts/draft-ietf-dmm-5g-uplane-analysis-03.txt,Connection error: HTTP Error 404: Not Found
rfc8925.xml,https://datatracker.ietf.org/doc/draft-ietf-dhc-v6only-08,200
rfc8925.xml,https://dx.doi.org/10.17487/rfc8925,200
rfc8925.xml,https://www.rfc-editor.org/info/rfc8925,200
rfc8925.xml,https://trustee.ietf.org/license-info,200
rfc8925.xml,https://www.iana.org/assignments/bootp-dhcp-parameters/,200
rfc8925.xml,https://www.rfc-editor.org/info/rfc2119,200
rfc8925.xml,https://www.rfc-editor.org/info/rfc2131,200
rfc8925.xml,https://www.rfc-editor.org/info/rfc2563,200
rfc8925.xml,https://www.rfc-editor.org/info/rfc3927,200
rfc8925.xml,https://www.rfc-editor.org/info/rfc4039,200
rfc8925.xml,https://www.rfc-editor.org/info/rfc8174,200
rfc8925.xml,https://www.rfc-editor.org/info/rfc2132,200
rfc8925.xml,https://www.rfc-editor.org/info/rfc4861,200
rfc8925.xml,https://www.rfc-editor.org/info/rfc4957,200
rfc8925.xml,https://www.rfc-editor.org/info/rfc6146,200
rfc8925.xml,https://www.rfc-editor.org/info/rfc6147,200
rfc8925.xml,https://www.rfc-editor.org/info/rfc6877,200
rfc8850.xml,https://datatracker.ietf.org/doc/draft-ietf-clue-datachannel-18,200
rfc8850.xml,https://dx.doi.org/10.17487/rfc8850,200
rfc8850.xml,https://www.rfc-editor.org/info/rfc8850,200
rfc8850.xml,https://trustee.ietf.org/license-info,200
rfc8850.xml,https://www.rfc-editor.org/info/rfc2119,200
rfc8850.xml,https://www.rfc-editor.org/info/rfc3261,200
rfc8850.xml,https://www.rfc-editor.org/info/rfc3264,200
rfc8850.xml,https://www.rfc-editor.org/info/rfc4566,200
rfc8850.xml,https://www.rfc-editor.org/info/rfc4960,200
rfc8850.xml,https://www.rfc-editor.org/info/rfc5061,200
rfc8850.xml,https://www.rfc-editor.org/info/rfc6525,200
rfc8850.xml,https://www.rfc-editor.org/info/rfc7496,200
rfc8850.xml,https://www.rfc-editor.org/info/rfc8174,200
rfc8850.xml,https://www.rfc-editor.org/info/rfc8261,200
rfc8850.xml,https://www.rfc-editor.org/info/rfc8831,200
rfc8850.xml,https://www.rfc-editor.org/info/rfc8841,200
rfc8850.xml,https://www.rfc-editor.org/info/rfc8864,200
rfc8850.xml,https://www.rfc-editor.org/info/rfc3758,200
rfc8850.xml,https://www.rfc-editor.org/info/rfc8445,200
rfc8850.xml,https://www.rfc-editor.org/info/rfc8832,200
rfc8850.xml,https://www.rfc-editor.org/info/rfc8847,200
rfc8850.xml,https://www.rfc-editor.org/info/rfc8848,200
rfc8750.xml,https://datatracker.ietf.org/doc/draft-ietf-ipsecme-implicit-iv-11,200
rfc8750.xml,https://dx.doi.org/10.17487/rfc8750,200
rfc8750.xml,https://www.rfc-editor.org/info/rfc8750,200
rfc8750.xml,https://trustee.ietf.org/license-info,200
rfc8750.xml,https://www.rfc-editor.org/info/rfc2119,200
rfc8750.xml,https://www.rfc-editor.org/info/rfc3602,200
rfc8750.xml,https://www.rfc-editor.org/info/rfc3686,200
rfc8750.xml,https://www.rfc-editor.org/info/rfc4106,200
rfc8750.xml,https://www.rfc-editor.org/info/rfc4303,200
rfc8750.xml,https://www.rfc-editor.org/info/rfc4309,200
rfc8750.xml,https://www.rfc-editor.org/info/rfc5374,200
rfc8750.xml,https://www.rfc-editor.org/info/rfc6311,200
rfc8750.xml,https://www.rfc-editor.org/info/rfc6407,200
rfc8750.xml,https://www.rfc-editor.org/info/rfc7296,200
rfc8750.xml,https://www.rfc-editor.org/info/rfc7383,200
rfc8750.xml,https://www.rfc-editor.org/info/rfc7634,200
rfc8750.xml,https://www.rfc-editor.org/info/rfc8174,200
rfc8750.xml,https://www.rfc-editor.org/info/rfc8221,200
rfc8750.xml,https://www.researchgate.net/publication/266529975_Here_Come_The_Ninjas,Connection error: HTTP Error 403: Forbidden
rfc8750.xml,https://tools.ietf.org/html/draft-ietf-ipsecme-g-ikev2-00,200
rfc8750.xml,http://www.ietf.org/internet-drafts/draft-ietf-ipsecme-g-ikev2-00.txt,Connection error: HTTP Error 404: Not Found
rfc8750.xml,https://www.iana.org/assignments/ikev2-parameters,200
rfc9200.xml,https://datatracker.ietf.org/doc/draft-ietf-ace-oauth-authz-45,200
rfc9200.xml,https://dx.doi.org/10.17487/rfc9200,200
rfc9200.xml,https://www.rfc-editor.org/info/rfc9200,200
rfc9200.xml,https://trustee.ietf.org/license-info,200
rfc9200.xml,https://www.iana.org/assignments/cwt,200
rfc9200.xml,https://www.iana.org/assignments/core-parameters,200
rfc9200.xml,https://www.iana.org/assignments/jwt,200
rfc9200.xml,https://www.iana.org/assignments/oauth-parameters,200
rfc9200.xml,https://www.iana.org/assignments/oauth-parameters,200
rfc9200.xml,https://www.iana.org/assignments/oauth-parameters,200
rfc9200.xml,https://www.iana.org/assignments/oauth-parameters,200
rfc9200.xml,https://www.rfc-editor.org/info/rfc2119,200
rfc9200.xml,https://www.rfc-editor.org/info/rfc3986,200
rfc9200.xml,https://www.rfc-editor.org/info/rfc4648,200
rfc9200.xml,https://www.rfc-editor.org/info/rfc6347,200
rfc9200.xml,https://www.rfc-editor.org/info/rfc6749,200
rfc9200.xml,https://www.rfc-editor.org/info/rfc6750,200
rfc9200.xml,https://www.rfc-editor.org/info/rfc6838,200
rfc9200.xml,https://www.rfc-editor.org/info/rfc6920,200
rfc9200.xml,https://www.rfc-editor.org/info/rfc7252,200
rfc9200.xml,https://www.rfc-editor.org/info/rfc7519,200
rfc9200.xml,https://www.rfc-editor.org/info/rfc7662,200
rfc9200.xml,https://www.rfc-editor.org/info/rfc8126,200
rfc9200.xml,https://www.rfc-editor.org/info/rfc8152,200
rfc9200.xml,https://www.rfc-editor.org/info/rfc8174,200
rfc9200.xml,https://www.rfc-editor.org/info/rfc8392,200
rfc9200.xml,https://www.rfc-editor.org/info/rfc8610,200
rfc9200.xml,https://www.rfc-editor.org/info/rfc8693,200
rfc9200.xml,https://www.rfc-editor.org/info/rfc8747,200
rfc9200.xml,https://www.rfc-editor.org/info/rfc8949,200
rfc9200.xml,https://www.rfc-editor.org/info/rfc9201,200
rfc9200.xml,https://www.bluetooth.com/specifications/bluetooth-core-specification/,Connection error: HTTP Error 403: Forbidden
rfc9200.xml,https://datatracker.ietf.org/doc/html/draft-gerdes-ace-dcaf-authorize-04,200
rfc9200.xml,https://www.ietf.org/archive/id/draft-gerdes-ace-dcaf-authorize-04.txt,200
rfc9200.xml,https://doi.org/10.1109/ICCCN.2010.5560028,Connection error: HTTP Error 418: Unknown Code
rfc9200.xml,https://docs.oasis-open.org/mqtt/mqtt/v5.0/mqtt-v5.0.html,200
rfc9200.xml,https://datatracker.ietf.org/doc/html/draft-erdtman-oauth-rpcc-00,200
rfc9200.xml,https://www.ietf.org/archive/id/draft-erdtman-oauth-rpcc-00.txt,200
rfc9200.xml,https://datatracker.ietf.org/doc/html/draft-ietf-oauth-pop-key-distribution-07,200
rfc9200.xml,https://www.ietf.org/archive/id/draft-ietf-oauth-pop-key-distribution-07.txt,200
rfc9200.xml,https://www.rfc-editor.org/info/rfc4949,200
rfc9200.xml,https://www.rfc-editor.org/info/rfc6690,200
rfc9200.xml,https://www.rfc-editor.org/info/rfc6819,200
rfc9200.xml,https://www.rfc-editor.org/info/rfc7009,200
rfc9200.xml,https://www.rfc-editor.org/info/rfc7228,200
rfc9200.xml,https://www.rfc-editor.org/info/rfc7521,200
rfc9200.xml,https://www.rfc-editor.org/info/rfc7591,200
rfc9200.xml,https://www.rfc-editor.org/info/rfc7641,200
rfc9200.xml,https://www.rfc-editor.org/info/rfc7744,200
rfc9200.xml,https://www.rfc-editor.org/info/rfc7959,200
rfc9200.xml,https://www.rfc-editor.org/info/rfc8252,200
rfc9200.xml,https://www.rfc-editor.org/info/rfc8259,200
rfc9200.xml,https://www.rfc-editor.org/info/rfc8414,200
rfc9200.xml,https://www.rfc-editor.org/info/rfc8446,200
rfc9200.xml,https://www.rfc-editor.org/info/rfc8516,200
rfc9200.xml,https://www.rfc-editor.org/info/rfc8613,200
rfc9200.xml,https://www.rfc-editor.org/info/rfc8628,200
rfc9200.xml,https://www.rfc-editor.org/info/rfc9000,200
rfc9200.xml,https://www.rfc-editor.org/info/rfc9110,200
rfc9200.xml,https://www.rfc-editor.org/info/rfc9113,200
rfc9200.xml,https://www.rfc-editor.org/info/rfc9147,200
rfc9200.xml,https://www.rfc-editor.org/info/rfc9202,200
rfc9200.xml,https://www.rfc-editor.org/info/rfc9203,200
rfc9535.xml,https://datatracker.ietf.org/doc/draft-ietf-jsonpath-base-21,200
rfc9535.xml,https://dx.doi.org/10.17487/rfc9535,200
rfc9535.xml,https://www.rfc-editor.org/info/rfc9535,200
rfc9535.xml,https://trustee.ietf.org/license-info,200
rfc9535.xml,https://www.rfc-editor.org/info/rfc20,200
rfc9535.xml,https://www.rfc-editor.org/info/rfc2119,200
rfc9535.xml,https://www.rfc-editor.org/info/rfc3629,200
rfc9535.xml,https://www.rfc-editor.org/info/rfc5234,200
rfc9535.xml,https://www.rfc-editor.org/info/rfc6838,200
rfc9535.xml,https://www.rfc-editor.org/info/rfc7493,200
rfc9535.xml,https://www.rfc-editor.org/info/rfc8126,200
rfc9535.xml,https://www.rfc-editor.org/info/rfc8174,200
rfc9535.xml,https://www.rfc-editor.org/info/rfc8259,200
rfc9535.xml,https://www.rfc-editor.org/info/rfc9485,200
rfc9535.xml,https://www.unicode.org/versions/latest/,200
rfc9535.xml,https://www.unicode.org/versions/Unicode15.0.0/UnicodeStandard-15.0.pdf,200
rfc9535.xml,https://en.wikipedia.org/w/index.php?title=Boolean_algebra&oldid=1191386550#Laws,200
rfc9535.xml,https://cburgmer.github.io/json-path-comparison/,200
rfc9535.xml,https://www.iso.org/standard/41002.html,200
rfc9535.xml,https://ecma-international.org/publications-and-standards/standards/ecma-357,200
rfc9535.xml,https://www.ecma-international.org/wp-content/uploads/ECMA-262_3rd_edition_december_1999.pdf,200
rfc9535.xml,https://goessner.net/articles/JsonPath/,200
rfc9535.xml,https://www.rfc-editor.org/info/rfc6901,200
rfc9535.xml,https://www.rfc-editor.org/info/rfc8949,200
rfc9535.xml,https://github.com/tc39/proposal-slice-notation,200
rfc9535.xml,https://www.w3.org/TR/2010/REC-xpath20-20101214/,200
rfc8664.xml,https://datatracker.ietf.org/doc/draft-ietf-pce-segment-routing-16,200
rfc8664.xml,https://dx.doi.org/10.17487/rfc8664,200
rfc8664.xml,https://www.rfc-editor.org/info/rfc8664,200
rfc8664.xml,https://trustee.ietf.org/license-info,200
rfc8664.xml,https://www.rfc-editor.org/info/rfc2119,200
rfc8664.xml,https://www.rfc-editor.org/info/rfc3032,200
rfc8664.xml,https://www.rfc-editor.org/info/rfc5440,200
rfc8664.xml,https://www.rfc-editor.org/info/rfc8174,200
rfc8664.xml,https://www.rfc-editor.org/info/rfc8231,200
rfc8664.xml,https://www.rfc-editor.org/info/rfc8281,200
rfc8664.xml,https://www.rfc-editor.org/info/rfc8402,200
rfc8664.xml,https://www.rfc-editor.org/info/rfc8408,200
rfc8664.xml,https://www.rfc-editor.org/info/rfc8491,200
rfc8664.xml,https://www.rfc-editor.org/info/rfc8660,200
rfc8664.xml,https://tools.ietf.org/html/draft-ietf-6man-segment-routing-header-26,200
rfc8664.xml,http://www.ietf.org/internet-drafts/draft-ietf-6man-segment-routing-header-26.txt,Connection error: HTTP Error 404: Not Found
rfc8664.xml,https://tools.ietf.org/html/draft-ietf-idr-bgp-ls-segment-routing-msd-09,200
rfc8664.xml,http://www.ietf.org/internet-drafts/draft-ietf-idr-bgp-ls-segment-routing-msd-09.txt,Connection error: HTTP Error 404: Not Found
rfc8664.xml,https://tools.ietf.org/html/draft-ietf-pce-pcep-yang-13,200
rfc8664.xml,http://www.ietf.org/internet-drafts/draft-ietf-pce-pcep-yang-13.txt,Connection error: HTTP Error 404: Not Found
rfc8664.xml,https://www.rfc-editor.org/info/rfc3209,200
rfc8664.xml,https://www.rfc-editor.org/info/rfc4657,200
rfc8664.xml,https://www.rfc-editor.org/info/rfc7420,200
rfc8664.xml,https://www.rfc-editor.org/info/rfc8126,200
rfc8664.xml,https://www.rfc-editor.org/info/rfc8413,200
rfc8664.xml,https://www.rfc-editor.org/info/rfc8476,200
rfc8664.xml,https://www.rfc-editor.org/info/rfc8665,200
rfc8664.xml,https://www.rfc-editor.org/info/rfc8667,200
rfc8664.xml,https://tools.ietf.org/html/draft-ietf-spring-segment-routing-policy-05,200
rfc8664.xml,http://www.ietf.org/internet-drafts/draft-ietf-spring-segment-routing-policy-05.txt,Connection error: HTTP Error 404: Not Found
rfc9576.xml,https://datatracker.ietf.org/doc/draft-ietf-privacypass-architecture-16,200
rfc9576.xml,https://dx.doi.org/10.17487/rfc9576,200
rfc9576.xml,https://www.rfc-editor.org/info/rfc9576,200
rfc9576.xml,https://trustee.ietf.org/license-info,200
rfc9576.xml,https://www.rfc-editor.org/info/rfc9577,200
rfc9576.xml,https://www.rfc-editor.org/info/rfc2119,200
rfc9576.xml,https://www.rfc-editor.org/info/rfc8174,200
rfc9576.xml,https://www.rfc-editor.org/info/rfc9518,200
rfc9576.xml,https://datatracker.ietf.org/doc/html/draft-ietf-privacypass-key-consistency-01,200
rfc9576.xml,https://svn.torproject.org/svn/projects/design-paper/tor-design.html,200
rfc9576.xml,https://research.fb.com/privatestats,200
rfc9576.xml,https://www.rfc-editor.org/info/rfc9578,200
rfc9576.xml,https://doi.org/10.1007/978-3-030-56784-2_11,200
rfc9576.xml,https://www.rfc-editor.org/info/rfc9458,200
rfc9576.xml,https://blog.cloudflare.com/cloudflare-supports-privacy-pass/,Connection error: HTTP Error 403: Forbidden
rfc9576.xml,https://datatracker.ietf.org/doc/html/draft-ietf-privacypass-rate-limit-tokens-06,200
rfc9576.xml,https://www.rfc-editor.org/info/rfc9334,200
rfc9296.xml,https://datatracker.ietf.org/doc/draft-liu-lsr-p2poverlan-12,200
rfc9296.xml,https://dx.doi.org/10.17487/rfc9296,200
rfc9296.xml,https://www.rfc-editor.org/info/rfc9296,200
rfc9296.xml,https://trustee.ietf.org/license-info,200
rfc9296.xml,https://www.rfc-editor.org/info/rfc2119,200
rfc9296.xml,https://www.rfc-editor.org/info/rfc2863,200
rfc9296.xml,https://www.rfc-editor.org/info/rfc5309,200
rfc9296.xml,https://www.rfc-editor.org/info/rfc7224,200
rfc9296.xml,https://www.rfc-editor.org/info/rfc8174,200
rfc9296.xml,https://www.rfc-editor.org/info/rfc8343,200
rfc9296.xml,https://www.iana.org/assignments/smi-numbers,200
rfc9296.xml,https://www.iana.org/assignments/yang-parameters,200
rfc9296.xml,https://www.rfc-editor.org/info/rfc6991,200
rfc9296.xml,https://www.rfc-editor.org/info/rfc8126,200
rfc9150.xml,https://datatracker.ietf.org/doc/draft-camwinget-tls-ts13-macciphersuites-12,200
rfc9150.xml,https://dx.doi.org/10.17487/rfc9150,200
rfc9150.xml,https://www.rfc-editor.org/info/rfc9150,200
rfc9150.xml,https://trustee.ietf.org/license-info,200
rfc9150.xml,https://link.springer.com/chapter/10.1007/3-540-68697-5_1,200
rfc9150.xml,https://www.rfc-editor.org/info/rfc9147,200
rfc9150.xml,https://www.rfc-editor.org/info/rfc2104,200
rfc9150.xml,https://www.rfc-editor.org/info/rfc2119,200
rfc9150.xml,https://www.rfc-editor.org/info/rfc4868,200
rfc9150.xml,https://www.rfc-editor.org/info/rfc6234,200
rfc9150.xml,https://www.rfc-editor.org/info/rfc8174,200
rfc9150.xml,https://www.rfc-editor.org/info/rfc8446,200
rfc9150.xml,https://www.rfc-editor.org/info/rfc5246,200
rfc8653.xml,https://datatracker.ietf.org/doc/draft-ietf-dmm-ondemand-mobility-18,200
rfc8653.xml,https://dx.doi.org/10.17487/rfc8653,200
rfc8653.xml,https://www.rfc-editor.org/info/rfc8653,200
rfc8653.xml,https://trustee.ietf.org/license-info,200
rfc8653.xml,https://www.rfc-editor.org/info/rfc2119,200
rfc8653.xml,https://www.rfc-editor.org/info/rfc5014,200
rfc8653.xml,https://www.rfc-editor.org/info/rfc8174,200
rfc8653.xml,https://tools.ietf.org/html/draft-sijeon-dmm-use-cases-api-source-07,200
rfc8653.xml,http://www.ietf.org/internet-drafts/draft-sijeon-dmm-use-cases-api-source-07.txt,Connection error: HTTP Error 404: Not Found
rfc8653.xml,https://www.rfc-editor.org/info/rfc3261,200
rfc8653.xml,https://www.rfc-editor.org/info/rfc5213,200
rfc8653.xml,https://www.rfc-editor.org/info/rfc5563,200
rfc8653.xml,https://www.rfc-editor.org/info/rfc5944,200
rfc8653.xml,https://www.rfc-editor.org/info/rfc6275,200
rfc8653.xml,https://www.rfc-editor.org/info/rfc6824,200
rfc8653.xml,https://www.rfc-editor.org/info/rfc7333,200
rfc9162.xml,https://datatracker.ietf.org/doc/draft-ietf-trans-rfc6962-bis-42,200
rfc9162.xml,https://dx.doi.org/10.17487/rfc9162,200
rfc9162.xml,https://www.rfc-editor.org/info/rfc9162,200
rfc9162.xml,https://trustee.ietf.org/license-info,200
rfc9162.xml,https://pen.iana.org/pen/PenApplication.page,200
rfc9162.xml,https://www.iana.org/assignments/trans,200
rfc9162.xml,https://www.iana.org/assignments/,200
rfc9162.xml,http://nvlpubs.nist.gov/nistpubs/FIPS/NIST.FIPS.186-4.pdf,200
rfc9162.xml,https://www.w3.org/TR/2018/SPSD-html401-20180327,200
rfc9162.xml,https://www.rfc-editor.org/info/rfc2119,200
rfc9162.xml,https://www.rfc-editor.org/info/rfc3553,200
rfc9162.xml,https://www.rfc-editor.org/info/rfc3986,200
rfc9162.xml,https://www.rfc-editor.org/info/rfc4648,200
rfc9162.xml,https://www.rfc-editor.org/info/rfc5246,200
rfc9162.xml,https://www.rfc-editor.org/info/rfc5280,200
rfc9162.xml,https://www.rfc-editor.org/info/rfc5652,200
rfc9162.xml,https://www.rfc-editor.org/info/rfc6066,200
rfc9162.xml,https://www.rfc-editor.org/info/rfc6234,200
rfc9162.xml,https://www.rfc-editor.org/info/rfc6960,200
rfc9162.xml,https://www.rfc-editor.org/info/rfc6979,200
rfc9162.xml,https://www.rfc-editor.org/info/rfc7231,200
rfc9162.xml,https://www.rfc-editor.org/info/rfc7633,200
rfc9162.xml,https://www.rfc-editor.org/info/rfc7807,200
rfc9162.xml,https://www.rfc-editor.org/info/rfc8032,200
rfc9162.xml,https://www.rfc-editor.org/info/rfc8174,200
rfc9162.xml,https://www.rfc-editor.org/info/rfc8259,200
rfc9162.xml,https://www.rfc-editor.org/info/rfc8391,200
rfc9162.xml,https://www.rfc-editor.org/info/rfc8446,200
rfc9162.xml,http://pubs.opengroup.org/onlinepubs/9699919799.2016edition/basedefs/V1_chap04.html#tag_04_16,200
rfc9162.xml,https://cabforum.org/wp-content/uploads/CA-Browser-Forum-BR-1.7.3.pdf,Connection error: HTTP Error 404: Not Found
rfc9162.xml,https://googlechrome.github.io/CertificateTransparency/log_policy.html,200
rfc9162.xml,https://googlechrome.github.io/CertificateTransparency/ct_policy.html,200
rfc9162.xml,http://static.usenix.org/event/sec09/tech/full_papers/crosby.pdf,200
rfc9162.xml,https://www.gstatic.com/ct/log_list/log_list_schema.json,Connection error: HTTP Error 404: Not Found
rfc9162.xml,https://www.rfc-editor.org/info/rfc5912,200
rfc9162.xml,https://www.rfc-editor.org/info/rfc6268,200
rfc9162.xml,https://www.rfc-editor.org/info/rfc6962,200
rfc9162.xml,https://www.rfc-editor.org/info/rfc8126,200
rfc9162.xml,https://www.rfc-editor.org/info/rfc8820,200
rfc9035.xml,https://datatracker.ietf.org/doc/draft-ietf-roll-turnon-rfc8138-18,200
rfc9035.xml,https://dx.doi.org/10.17487/rfc9035,200
rfc9035.xml,https://www.rfc-editor.org/info/rfc9035,200
rfc9035.xml,https://trustee.ietf.org/license-info,200
rfc9035.xml,https://www.rfc-editor.org/info/rfc2119,200
rfc9035.xml,https://www.rfc-editor.org/info/rfc6550,200
rfc9035.xml,https://www.rfc-editor.org/info/rfc7102,200
rfc9035.xml,https://www.rfc-editor.org/info/rfc8138,200
rfc9035.xml,https://www.rfc-editor.org/info/rfc8174,200
rfc9035.xml,https://www.rfc-editor.org/info/rfc8505,200
rfc9035.xml,https://www.rfc-editor.org/info/rfc9010,200
rfc9035.xml,https://www.rfc-editor.org/info/rfc6282,200
rfc9035.xml,https://www.rfc-editor.org/info/rfc6553,200
rfc9035.xml,https://www.rfc-editor.org/info/rfc7228,200
rfc9035.xml,https://www.rfc-editor.org/info/rfc7416,200
rfc9035.xml,https://www.rfc-editor.org/info/rfc9008,200
rfc9365.xml,https://datatracker.ietf.org/doc/draft-ietf-ipwave-vehicular-networking-30,200
rfc9365.xml,https://dx.doi.org/10.17487/rfc9365,200
rfc9365.xml,https://www.rfc-editor.org/info/rfc9365,200
rfc9365.xml,https://trustee.ietf.org/license-info,200
rfc9365.xml,https://www.rfc-editor.org/info/rfc4861,200
rfc9365.xml,https://www.rfc-editor.org/info/rfc4862,200
rfc9365.xml,https://www.rfc-editor.org/info/rfc6275,200
rfc9365.xml,https://www.rfc-editor.org/info/rfc8691,200
rfc9365.xml,https://datatracker.ietf.org/doc/html/draft-templin-intarea-aero-27,200
rfc9365.xml,https://doi.org/10.1109/MCOM.2016.1600071CM,Connection error: HTTP Error 418: Unknown Code
rfc9365.xml,https://bitcoin.org/bitcoin.pdf,200
rfc9365.xml,https://path.berkeley.edu/research/connected-and-automated-vehicles/cooperative-adaptive-cruise-control,200
rfc9365.xml,https://doi.org/10.1109/WAINA.2016.74,Connection error: HTTP Error 418: Unknown Code
rfc9365.xml,https://doi.org/10.1109/TITS.2018.2883058,Connection error: HTTP Error 418: Unknown Code
rfc9365.xml,https://doi.org/10.1109/TITS.2022.3210753,Connection error: HTTP Error 418: Unknown Code
rfc9365.xml,https://doi.org/10.1049/cmu2.12043,Connection error: HTTP Error 403: Forbidden
rfc9365.xml,https://doi.org/10.1520/E2213-03R10,200
rfc9365.xml,https://eur-lex.europa.eu/legal-content/EN/TXT/PDF/?uri=CELEX:32008D0671&rid=7,200
rfc9365.xml,https://www.abc.net.au/news/2020-02-04/man-creates-fake-traffic-jam-on-google-maps-by-carting-99-phones/11929136,200
rfc9365.xml,https://www.fcc.gov/document/fcc-modernizes-59-ghz-band-improve-wi-fi-and-automotive-safety-0,200
rfc9365.xml,https://www.firstnet.gov/,200
rfc9365.xml,https://www.firstnet.gov/system/tdf/FirstNet-Annual-Report-FY2017.pdf?file=1&type=node&id=449,Connection error: HTTP Error 404: Not Found
rfc9365.xml,https://datatracker.ietf.org/doc/html/draft-ietf-dmm-fpc-cpdp-14,200
rfc9365.xml,https://doi.org/10.1109/TITS.2017.2700021,Connection error: HTTP Error 418: Unknown Code
rfc9365.xml,https://www.google.com/maps/,200
rfc9365.xml,https://www.eurecom.fr/fr/publication/3205,200
rfc9365.xml,https://doi.org/10.1109/IEEESTD.2016.7786995,Connection error: HTTP Error 418: Unknown Code
rfc9365.xml,https://doi.org/10.1109/IEEESTD.2010.5514475,Connection error: HTTP Error 418: Unknown Code
rfc9365.xml,https://doi.org/10.1145/2024724.2024727,Connection error: HTTP Error 403: Forbidden
rfc9365.xml,https://datatracker.ietf.org/doc/html/draft-ietf-intarea-ippl-00,200
rfc9365.xml,https://www.iso.org/standard/46549.html,200
rfc9365.xml,https://www.iso.org/standard/65691.html,200
rfc9365.xml,https://doi.org/10.1109/TMC.2018.2812746,Connection error: HTTP Error 418: Unknown Code
rfc9365.xml,https://datatracker.ietf.org/doc/html/draft-ietf-madinas-mac-address-randomization-06,200
rfc9365.xml,https://one.nhtsa.gov/people/injury/research/pub/ACAS/ACAS_index.htm,200
rfc9365.xml,https://datatracker.ietf.org/doc/html/draft-templin-intarea-omni-27,200
rfc9365.xml,https://datatracker.ietf.org/doc/html/draft-templin-intarea-parcels-55,200
rfc9365.xml,https://www.psc-europe.eu/,200
rfc9365.xml,https://datatracker.ietf.org/doc/html/draft-ietf-madinas-use-cases-05,200
rfc9365.xml,https://www.rfc-editor.org/info/rfc2710,200
rfc9365.xml,https://www.rfc-editor.org/info/rfc3626,200
rfc9365.xml,https://www.rfc-editor.org/info/rfc3753,200
rfc9365.xml,https://www.rfc-editor.org/info/rfc3810,200
rfc9365.xml,https://www.rfc-editor.org/info/rfc3963,200
rfc9365.xml,https://www.rfc-editor.org/info/rfc3971,200
rfc9365.xml,https://www.rfc-editor.org/info/rfc4086,200
rfc9365.xml,https://www.rfc-editor.org/info/rfc4193,200
rfc9365.xml,https://www.rfc-editor.org/info/rfc4301,200
rfc9365.xml,https://www.rfc-editor.org/info/rfc4302,200
rfc9365.xml,https://www.rfc-editor.org/info/rfc4303,200
rfc9365.xml,https://www.rfc-editor.org/info/rfc4308,200
rfc9365.xml,https://www.rfc-editor.org/info/rfc4821,200
rfc9365.xml,https://www.rfc-editor.org/info/rfc4885,200
rfc9365.xml,https://www.rfc-editor.org/info/rfc4888,200
rfc9365.xml,https://www.rfc-editor.org/info/rfc5213,200
rfc9365.xml,https://www.rfc-editor.org/info/rfc5280,200
rfc9365.xml,https://www.rfc-editor.org/info/rfc5415,200
rfc9365.xml,https://www.rfc-editor.org/info/rfc5614,200
rfc9365.xml,https://www.rfc-editor.org/info/rfc5881,200
rfc9365.xml,https://www.rfc-editor.org/info/rfc5889,200
rfc9365.xml,https://www.rfc-editor.org/info/rfc6130,200
rfc9365.xml,https://www.rfc-editor.org/info/rfc6250,200
rfc9365.xml,https://www.rfc-editor.org/info/rfc6550,200
rfc9365.xml,https://www.rfc-editor.org/info/rfc6583,200
rfc9365.xml,https://www.rfc-editor.org/info/rfc6775,200
rfc9365.xml,https://www.rfc-editor.org/info/rfc6959,200
rfc9365.xml,https://www.rfc-editor.org/info/rfc7149,200
rfc9365.xml,https://www.rfc-editor.org/info/rfc7181,200
rfc9365.xml,https://www.rfc-editor.org/info/rfc7296,200
rfc9365.xml,https://www.rfc-editor.org/info/rfc7333,200
rfc9365.xml,https://www.rfc-editor.org/info/rfc7427,200
rfc9365.xml,https://www.rfc-editor.org/info/rfc7429,200
rfc9365.xml,https://www.rfc-editor.org/info/rfc7466,200
rfc9365.xml,https://www.rfc-editor.org/info/rfc7721,200
rfc9365.xml,https://www.rfc-editor.org/info/rfc8002,200
rfc9365.xml,https://www.rfc-editor.org/info/rfc8028,200
rfc9365.xml,https://www.rfc-editor.org/info/rfc8175,200
rfc9365.xml,https://www.rfc-editor.org/info/rfc8200,200
rfc9365.xml,https://www.rfc-editor.org/info/rfc8446,200
rfc9365.xml,https://www.rfc-editor.org/info/rfc8505,200
rfc9365.xml,https://www.rfc-editor.org/info/rfc8629,200
rfc9365.xml,https://www.rfc-editor.org/info/rfc8684,200
rfc9365.xml,https://www.rfc-editor.org/info/rfc8757,200
rfc9365.xml,https://www.rfc-editor.org/info/rfc8899,200
rfc9365.xml,https://www.rfc-editor.org/info/rfc8928,200
rfc9365.xml,https://www.rfc-editor.org/info/rfc8981,200
rfc9365.xml,https://www.rfc-editor.org/info/rfc9000,200
rfc9365.xml,https://www.rfc-editor.org/info/rfc9099,200
rfc9365.xml,https://www.rfc-editor.org/info/rfc9119,200
rfc9365.xml,https://www.rfc-editor.org/info/rfc9300,200
rfc9365.xml,https://doi.org/10.1109/TVT.2015.2476958,Connection error: HTTP Error 418: Unknown Code
rfc9365.xml,https://doi.org/10.1109/TITS.2017.2710881,Connection error: HTTP Error 418: Unknown Code
rfc9365.xml,https://doi.org/10.1007/978-3-319-27293-1_12,200
rfc9365.xml,https://doi.org/10.1109/ICCNC.2015.7069376,Connection error: HTTP Error 418: Unknown Code
rfc9365.xml,https://datatracker.ietf.org/doc/html/draft-jeong-ipwave-security-privacy-07,200
rfc9365.xml,https://doi.org/10.1145/1999995.2000008,Connection error: HTTP Error 403: Forbidden
rfc9365.xml,https://portal.3gpp.org/desktopmodules/Specifications/SpecificationDetails.aspx?specificationId=3108,Connection error: HTTP Error 403: Forbidden: Access is denied.
rfc9365.xml,https://path.berkeley.edu/research/connected-and-automated-vehicles/truck-platooning,200
rfc9365.xml,https://portal.3gpp.org/desktopmodules/Specifications/SpecificationDetails.aspx?specificationId=3078,Connection error: HTTP Error 403: Forbidden: Access is denied.
rfc9365.xml,https://portal.3gpp.org/desktopmodules/Specifications/SpecificationDetails.aspx?specificationId=3578,Connection error: HTTP Error 403: Forbidden: Access is denied.
rfc9365.xml,https://datatracker.ietf.org/doc/html/draft-templin-ipwave-uam-its-04,200
rfc9365.xml,https://doi.org/10.1109/MCOM.2017.1700879,Connection error: HTTP Error 418: Unknown Code
rfc9365.xml,https://datatracker.ietf.org/doc/html/draft-jeong-ipwave-vehicular-mobility-management-09,200
rfc9365.xml,https://datatracker.ietf.org/doc/html/draft-jeong-ipwave-vehicular-neighbor-discovery-15,200
rfc9365.xml,https://doi.org/10.1109/TITS.2012.2206387,Connection error: HTTP Error 418: Unknown Code
rfc9365.xml,https://doi.org/10.1109/IEEESTD.2014.6755433,Connection error: HTTP Error 418: Unknown Code
rfc9365.xml,https://doi.org/10.1109/IEEESTD.2016.7426684,Connection error: HTTP Error 418: Unknown Code
rfc9365.xml,https://doi.org/10.1109/IEEESTD.2016.7458115,Connection error: HTTP Error 418: Unknown Code
rfc9365.xml,https://doi.org/10.1109/IEEESTD.2016.7435228,Connection error: HTTP Error 418: Unknown Code
rfc9365.xml,https://www.waze.com/,200
rfc9365.xml,https://datatracker.ietf.org/doc/html/draft-thubert-6man-ipv6-over-wireless-15,200
rfc9642.xml,https://datatracker.ietf.org/doc/draft-ietf-netconf-keystore-35,200
rfc9642.xml,https://dx.doi.org/10.17487/rfc9642,200
rfc9642.xml,https://www.rfc-editor.org/info/rfc9642,200
rfc9642.xml,https://trustee.ietf.org/license-info,200
rfc9642.xml,https://www.rfc-editor.org/info/rfc2119,200
rfc9642.xml,https://www.rfc-editor.org/info/rfc4252,200
rfc9642.xml,https://www.rfc-editor.org/info/rfc6020,200
rfc9642.xml,https://www.rfc-editor.org/info/rfc6241,200
rfc9642.xml,https://www.rfc-editor.org/info/rfc7950,200
rfc9642.xml,https://www.rfc-editor.org/info/rfc8040,200
rfc9642.xml,https://www.rfc-editor.org/info/rfc8174,200
rfc9642.xml,https://www.rfc-editor.org/info/rfc8341,200
rfc9642.xml,https://www.rfc-editor.org/info/rfc8446,200
rfc9642.xml,https://www.rfc-editor.org/info/rfc9000,200
rfc9642.xml,https://www.rfc-editor.org/info/rfc9640,200
rfc9642.xml,https://datatracker.ietf.org/doc/html/draft-ietf-netconf-http-client-server-23,200
rfc9642.xml,https://datatracker.ietf.org/doc/html/draft-ietf-netconf-netconf-client-server-37,200
rfc9642.xml,https://datatracker.ietf.org/doc/html/draft-ietf-netmod-system-config-09,200
rfc9642.xml,https://datatracker.ietf.org/doc/html/draft-ietf-netconf-restconf-client-server-38,200
rfc9642.xml,https://www.rfc-editor.org/info/rfc3688,200
rfc9642.xml,https://www.rfc-editor.org/info/rfc8259,200
rfc9642.xml,https://www.rfc-editor.org/info/rfc8340,200
rfc9642.xml,https://www.rfc-editor.org/info/rfc8342,200
rfc9642.xml,https://www.rfc-editor.org/info/rfc8407,200
rfc9642.xml,https://www.rfc-editor.org/info/rfc8792,200
rfc9642.xml,https://www.rfc-editor.org/info/rfc9641,200
rfc9642.xml,https://www.rfc-editor.org/info/rfc9643,200
rfc9642.xml,https://www.rfc-editor.org/info/rfc9644,200
rfc9642.xml,https://www.rfc-editor.org/info/rfc9645,200
rfc9642.xml,https://standards.ieee.org/standard/802_1AR-2018.html,Connection error: HTTP Error 403: Forbidden
rfc9642.xml,https://www.w3.org/TR/xml/,200
rfc9694.xml,https://datatracker.ietf.org/doc/draft-ietf-mediaman-toplevel-06,200
rfc9694.xml,https://dx.doi.org/10.17487/rfc9694,200
rfc9694.xml,https://www.rfc-editor.org/info/rfc9694,200
rfc9694.xml,https://trustee.ietf.org/license-info,200
rfc9694.xml,https://www.iana.org/assignments/top-level-media-types,200
rfc9694.xml,https://www.iana.org/assignments/media-types,200
rfc9694.xml,https://www.iana.org/form/media-types,200
rfc9694.xml,https://www.rfc-editor.org/info/rfc2119,200
rfc9694.xml,https://www.rfc-editor.org/info/rfc6838,200
rfc9694.xml,https://www.rfc-editor.org/info/rfc8126,200
rfc9694.xml,https://www.rfc-editor.org/info/rfc8174,200
rfc9694.xml,https://en.wikipedia.org/w/index.php?title=Chemical_file_format&oldid=1235421631,200
rfc9694.xml,https://pubs.acs.org/doi/10.1021/ci9803233,Connection error: HTTP Error 403: Forbidden
rfc9694.xml,https://www.w3.org/TR/2014/REC-rdf11-concepts-20140225/,200
rfc9694.xml,https://www.rfc-editor.org/info/rfc1341,200
rfc9694.xml,https://www.rfc-editor.org/info/rfc1437,200
rfc9694.xml,https://www.rfc-editor.org/info/rfc2046,200
rfc9694.xml,https://www.rfc-editor.org/info/rfc2048,200
rfc9694.xml,https://www.rfc-editor.org/info/rfc2077,200
rfc9694.xml,https://www.rfc-editor.org/info/rfc4735,200
rfc9694.xml,https://www.rfc-editor.org/info/rfc6648,200
rfc9694.xml,https://www.rfc-editor.org/info/rfc8081,200
rfc9694.xml,https://www.rfc-editor.org/info/rfc9695,200
rfc8957.xml,https://datatracker.ietf.org/doc/draft-ietf-mpls-sfl-framework-11,200
rfc8957.xml,https://dx.doi.org/10.17487/rfc8957,200
rfc8957.xml,https://www.rfc-editor.org/info/rfc8957,200
rfc8957.xml,https://trustee.ietf.org/license-info,200
rfc8957.xml,https://www.rfc-editor.org/info/rfc2119,200
rfc8957.xml,https://www.rfc-editor.org/info/rfc3032,200
rfc8957.xml,https://www.rfc-editor.org/info/rfc5462,200
rfc8957.xml,https://www.rfc-editor.org/info/rfc6790,200
rfc8957.xml,https://www.rfc-editor.org/info/rfc8174,200
rfc8957.xml,https://tools.ietf.org/html/draft-bryant-mpls-sfl-control-09,200
rfc8957.xml,https://www.ietf.org/internet-drafts/draft-bryant-mpls-sfl-control-09.txt,Connection error: HTTP Error 404: Not Found
rfc8957.xml,https://www.rfc-editor.org/info/rfc3985,200
rfc8957.xml,https://www.rfc-editor.org/info/rfc6374,200
rfc8957.xml,https://www.rfc-editor.org/info/rfc7011,200
rfc8957.xml,https://www.rfc-editor.org/info/rfc7258,200
rfc8957.xml,https://www.rfc-editor.org/info/rfc8321,200
rfc8957.xml,https://www.rfc-editor.org/info/rfc8372,200
rfc9197.xml,https://datatracker.ietf.org/doc/draft-ietf-ippm-ioam-data-17,200
rfc9197.xml,https://dx.doi.org/10.17487/rfc9197,200
rfc9197.xml,https://www.rfc-editor.org/info/rfc9197,200
rfc9197.xml,https://trustee.ietf.org/license-info,200
rfc9197.xml,https://standards.ieee.org/ieee/1003.1/7101/,Connection error: HTTP Error 403: Forbidden
rfc9197.xml,https://www.rfc-editor.org/info/rfc2119,200
rfc9197.xml,https://www.rfc-editor.org/info/rfc5905,200
rfc9197.xml,https://www.rfc-editor.org/info/rfc8126,200
rfc9197.xml,https://www.rfc-editor.org/info/rfc8174,200
rfc9197.xml,https://datatracker.ietf.org/doc/html/draft-ietf-ippm-ioam-data-integrity-01,200
rfc9197.xml,https://www.ietf.org/archive/id/draft-ietf-ippm-ioam-data-integrity-01.txt,200
rfc9197.xml,https://datatracker.ietf.org/doc/html/draft-ietf-ippm-ioam-deployment-01,200
rfc9197.xml,https://www.ietf.org/archive/id/draft-ietf-ippm-ioam-deployment-01.txt,200
rfc9197.xml,https://datatracker.ietf.org/doc/html/draft-spiegel-ippm-ioam-rawexport-06,200
rfc9197.xml,https://www.ietf.org/archive/id/draft-spiegel-ippm-ioam-rawexport-06.txt,200
rfc9197.xml,https://datatracker.ietf.org/doc/html/draft-kitamura-ipv6-record-route-00,200
rfc9197.xml,https://www.ietf.org/archive/id/draft-kitamura-ipv6-record-route-00.txt,200
rfc9197.xml,https://datatracker.ietf.org/doc/html/draft-ietf-nvo3-vxlan-gpe-12,200
rfc9197.xml,https://www.rfc-editor.org/info/rfc7276,200
rfc9197.xml,https://www.rfc-editor.org/info/rfc7384,200
rfc9197.xml,https://www.rfc-editor.org/info/rfc7665,200
rfc9197.xml,https://www.rfc-editor.org/info/rfc7799,200
rfc9197.xml,https://www.rfc-editor.org/info/rfc7820,200
rfc9197.xml,https://www.rfc-editor.org/info/rfc7821,200
rfc9197.xml,https://www.rfc-editor.org/info/rfc8300,200
rfc9197.xml,https://www.rfc-editor.org/info/rfc8799,200
rfc9197.xml,https://www.rfc-editor.org/info/rfc8877,200
rfc9197.xml,https://www.rfc-editor.org/info/rfc8926,200
rfc9704.xml,https://datatracker.ietf.org/doc/draft-ietf-add-split-horizon-authority-14,200
rfc9704.xml,https://dx.doi.org/10.17487/rfc9704,200
rfc9704.xml,https://www.rfc-editor.org/info/rfc9704,200
rfc9704.xml,https://trustee.ietf.org/license-info,200
rfc9704.xml,https://www.rfc-editor.org/info/rfc2119,200
rfc9704.xml,https://www.rfc-editor.org/info/rfc2131,200
rfc9704.xml,https://www.rfc-editor.org/info/rfc3118,200
rfc9704.xml,https://www.rfc-editor.org/info/rfc3396,200
rfc9704.xml,https://www.rfc-editor.org/info/rfc4034,200
rfc9704.xml,https://www.rfc-editor.org/info/rfc4035,200
rfc9704.xml,https://www.rfc-editor.org/info/rfc4086,200
rfc9704.xml,https://www.rfc-editor.org/info/rfc4648,200
rfc9704.xml,https://www.rfc-editor.org/info/rfc6698,200
rfc9704.xml,https://www.rfc-editor.org/info/rfc6761,200
rfc9704.xml,https://www.rfc-editor.org/info/rfc8126,200
rfc9704.xml,https://www.rfc-editor.org/info/rfc8174,200
rfc9704.xml,https://www.rfc-editor.org/info/rfc8415,200
rfc9704.xml,https://www.rfc-editor.org/info/rfc8801,200
rfc9704.xml,https://www.rfc-editor.org/info/rfc8976,200
rfc9704.xml,https://www.rfc-editor.org/info/rfc9525,200
rfc9704.xml,https://datatracker.ietf.org/doc/html/draft-ietf-dnsop-domain-verification-techniques-06,200
rfc9704.xml,https://www.rfc-editor.org/info/rfc4702,200
rfc9704.xml,https://www.rfc-editor.org/info/rfc4704,200
rfc9704.xml,https://www.rfc-editor.org/info/rfc5986,200
rfc9704.xml,https://www.rfc-editor.org/info/rfc6234,200
rfc9704.xml,https://www.rfc-editor.org/info/rfc6731,200
rfc9704.xml,https://www.rfc-editor.org/info/rfc6762,200
rfc9704.xml,https://www.rfc-editor.org/info/rfc7686,200
rfc9704.xml,https://www.rfc-editor.org/info/rfc7696,200
rfc9704.xml,https://www.rfc-editor.org/info/rfc7858,200
rfc9704.xml,https://www.rfc-editor.org/info/rfc8106,200
rfc9704.xml,https://www.rfc-editor.org/info/rfc8310,200
rfc9704.xml,https://www.rfc-editor.org/info/rfc8484,200
rfc9704.xml,https://www.rfc-editor.org/info/rfc8598,200
rfc9704.xml,https://www.rfc-editor.org/info/rfc8792,200
rfc9704.xml,https://www.rfc-editor.org/info/rfc8806,200
rfc9704.xml,https://www.rfc-editor.org/info/rfc9250,200
rfc9704.xml,https://www.rfc-editor.org/info/rfc9364,200
rfc9704.xml,https://www.rfc-editor.org/info/rfc9462,200
rfc9704.xml,https://www.rfc-editor.org/info/rfc9463,200
rfc9704.xml,https://www.rfc-editor.org/info/rfc9464,200
rfc9704.xml,https://www.rfc-editor.org/info/rfc9499,200
rfc9321.xml,https://datatracker.ietf.org/doc/draft-santesson-svt-08,200
rfc9321.xml,https://dx.doi.org/10.17487/rfc9321,200
rfc9321.xml,https://www.rfc-editor.org/info/rfc9321,200
rfc9321.xml,https://trustee.ietf.org/license-info,200
rfc9321.xml,https://www.iana.org/assignments/jose/,200
rfc9321.xml,https://www.rfc-editor.org/info/rfc2119,200
rfc9321.xml,https://www.rfc-editor.org/info/rfc3125,200
rfc9321.xml,https://www.rfc-editor.org/info/rfc3161,200
rfc9321.xml,https://www.rfc-editor.org/info/rfc3647,200
rfc9321.xml,https://www.rfc-editor.org/info/rfc5035,200
rfc9321.xml,https://www.rfc-editor.org/info/rfc5280,200
rfc9321.xml,https://www.rfc-editor.org/info/rfc5652,200
rfc9321.xml,https://www.rfc-editor.org/info/rfc7515,200
rfc9321.xml,https://www.rfc-editor.org/info/rfc7518,200
rfc9321.xml,https://www.rfc-editor.org/info/rfc7519,200
rfc9321.xml,https://www.rfc-editor.org/info/rfc8174,200
rfc9321.xml,https://www.rfc-editor.org/info/rfc9231,200
rfc9321.xml,https://www.w3.org/TR/xmldsig-core1/,200
rfc9321.xml,https://www.rfc-editor.org/info/rfc8610,200
rfc9321.xml,https://www.w3.org/2000/09/xmldsig#,200
rfc9321.xml,https://uri.etsi.org/01903/v1.3.2#,200
rfc9321.xml,http://id.swedenconnect.se/svt/1.0/sig-prop/ns,Connection error: <urlopen error [Errno -2] Name or service not known>
rfc9169.xml,https://datatracker.ietf.org/doc/draft-housley-ers-asn1-modules-03,200
rfc9169.xml,https://dx.doi.org/10.17487/rfc9169,200
rfc9169.xml,https://www.rfc-editor.org/info/rfc9169,200
rfc9169.xml,https://trustee.ietf.org/license-info,200
rfc9169.xml,https://www.itu.int/rec/T-REC-X.680,200
rfc9169.xml,https://www.rfc-editor.org/info/rfc4998,200
rfc9169.xml,https://www.rfc-editor.org/info/rfc5055,200
rfc9169.xml,https://www.rfc-editor.org/info/rfc5276,200
rfc9169.xml,https://www.rfc-editor.org/info/rfc5911,200
rfc9169.xml,https://www.rfc-editor.org/info/rfc5912,200
rfc9169.xml,https://www.rfc-editor.org/info/rfc6268,200
rfc9169.xml,https://www.itu.int/rec/T-REC-X.208/en,200
rfc8991.xml,https://datatracker.ietf.org/doc/draft-ietf-anima-grasp-api-10,200
rfc8991.xml,https://dx.doi.org/10.17487/rfc8991,200
rfc8991.xml,https://www.rfc-editor.org/info/rfc8991,200
rfc8991.xml,https://trustee.ietf.org/license-info,200
rfc8991.xml,https://www.rfc-editor.org/info/rfc8610,200
rfc8991.xml,https://www.rfc-editor.org/info/rfc8949,200
rfc8991.xml,https://www.rfc-editor.org/info/rfc8990,200
rfc8991.xml,https://tools.ietf.org/html/draft-ciavaglia-anima-coordination-01,200
rfc8991.xml,https://tools.ietf.org/html/draft-ietf-anima-asa-guidelines-00,200
rfc8991.xml,https://www.ietf.org/archive/id/draft-ietf-anima-asa-guidelines-00.txt,200
rfc8991.xml,https://tools.ietf.org/html/draft-ietf-anima-grasp-distribution-02,200
rfc8991.xml,https://libcbor.readthedocs.io/,200
rfc8991.xml,https://www.rfc-editor.org/info/rfc8993,200
rfc8991.xml,https://www.rfc-editor.org/info/rfc8994,200
rfc8991.xml,https://www.rfc-editor.org/info/rfc8995,200
rfc9145.xml,https://datatracker.ietf.org/doc/draft-ietf-sfc-nsh-integrity-09,200
rfc9145.xml,https://dx.doi.org/10.17487/rfc9145,200
rfc9145.xml,https://www.rfc-editor.org/info/rfc9145,200
rfc9145.xml,https://trustee.ietf.org/license-info,200
rfc9145.xml,https://www.iana.org/assignments/nsh,200
rfc9145.xml,https://doi.org/10.6028/NIST.SP.800-38D,200
rfc9145.xml,https://www.rfc-editor.org/info/rfc2104,200
rfc9145.xml,https://www.rfc-editor.org/info/rfc2119,200
rfc9145.xml,https://www.rfc-editor.org/info/rfc4107,200
rfc9145.xml,https://www.rfc-editor.org/info/rfc4868,200
rfc9145.xml,https://www.rfc-editor.org/info/rfc5116,200
rfc9145.xml,https://www.rfc-editor.org/info/rfc7665,200
rfc9145.xml,https://www.rfc-editor.org/info/rfc8174,200
rfc9145.xml,https://www.rfc-editor.org/info/rfc8300,200
rfc9145.xml,https://datatracker.ietf.org/doc/html/draft-irtf-cfrg-aead-limits-03,200
rfc9145.xml,https://www.ietf.org/archive/id/draft-irtf-cfrg-aead-limits-03.txt,200
rfc9145.xml,https://datatracker.ietf.org/doc/html/draft-nguyen-sfc-security-architecture-00,200
rfc9145.xml,https://www.ietf.org/archive/id/draft-nguyen-sfc-security-architecture-00.txt,200
rfc9145.xml,https://datatracker.ietf.org/doc/html/draft-ietf-intarea-tunnels-10,200
rfc9145.xml,https://www.ietf.org/archive/id/draft-ietf-intarea-tunnels-10.txt,200
rfc9145.xml,https://datatracker.ietf.org/doc/html/draft-arkko-farrell-arch-model-t-04,200
rfc9145.xml,https://www.ietf.org/archive/id/draft-arkko-farrell-arch-model-t-04.txt,200
rfc9145.xml,https://www.rfc-editor.org/info/rfc4046,200
rfc9145.xml,https://www.rfc-editor.org/info/rfc5905,200
rfc9145.xml,https://www.rfc-editor.org/info/rfc6973,200
rfc9145.xml,https://www.rfc-editor.org/info/rfc7258,200
rfc9145.xml,https://www.rfc-editor.org/info/rfc7498,200
rfc9145.xml,https://www.rfc-editor.org/info/rfc7635,200
rfc9145.xml,https://www.rfc-editor.org/info/rfc8165,200
rfc9145.xml,https://www.rfc-editor.org/info/rfc8459,200
rfc9145.xml,https://www.rfc-editor.org/info/rfc8633,200
rfc9145.xml,https://www.rfc-editor.org/info/rfc8877,200
rfc9145.xml,https://www.rfc-editor.org/info/rfc8915,200
rfc9145.xml,https://datatracker.ietf.org/meeting/104/materials/slides-104-sfc-sfc-chair-slides-01,200
rfc9599.xml,https://datatracker.ietf.org/doc/draft-ietf-tsvwg-ecn-encap-guidelines-22,200
rfc9599.xml,https://dx.doi.org/10.17487/rfc9599,200
rfc9599.xml,https://www.rfc-editor.org/info/rfc9599,200
rfc9599.xml,https://trustee.ietf.org/license-info,200
rfc9599.xml,https://www.rfc-editor.org/info/rfc2119,200
rfc9599.xml,https://www.rfc-editor.org/info/rfc3168,200
rfc9599.xml,https://www.rfc-editor.org/info/rfc3819,200
rfc9599.xml,https://www.rfc-editor.org/info/rfc4774,200
rfc9599.xml,https://www.rfc-editor.org/info/rfc5129,200
rfc9599.xml,https://www.rfc-editor.org/info/rfc6040,200
rfc9599.xml,https://www.rfc-editor.org/info/rfc7141,200
rfc9599.xml,https://www.rfc-editor.org/info/rfc9600,200
rfc9599.xml,https://www.cisco.com/c/en/us/support/docs/asynchronous-transfer-mode-atm/atm-traffic-management/10415-atmabr.html,200
rfc9599.xml,https://doi.org/10.1002/j.1538-7305.1953.tb01433.x,Connection error: HTTP Error 418: Unknown Code
rfc9599.xml,https://doi.org/10.1109/IEEESTD.2022.10004498,Connection error: HTTP Error 418: Unknown Code
rfc9599.xml,https://datatracker.ietf.org/doc/html/draft-ietf-intarea-gue-09,200
rfc9599.xml,https://www.itu.int/rec/T-REC-I.371-200403-I/en,200
rfc9599.xml,https://doi.org/10.1109/TC.1985.6312192,Connection error: HTTP Error 418: Unknown Code
rfc9599.xml,https://www.rfc-editor.org/info/rfc2003,200
rfc9599.xml,https://www.rfc-editor.org/info/rfc2473,200
rfc9599.xml,https://www.rfc-editor.org/info/rfc2637,200
rfc9599.xml,https://www.rfc-editor.org/info/rfc2661,200
rfc9599.xml,https://www.rfc-editor.org/info/rfc2784,200
rfc9599.xml,https://www.rfc-editor.org/info/rfc2884,200
rfc9599.xml,https://www.rfc-editor.org/info/rfc2983,200
rfc9599.xml,https://www.rfc-editor.org/info/rfc3931,200
rfc9599.xml,https://www.rfc-editor.org/info/rfc4301,200
rfc9599.xml,https://www.rfc-editor.org/info/rfc4380,200
rfc9599.xml,https://www.rfc-editor.org/info/rfc5415,200
rfc9599.xml,https://www.rfc-editor.org/info/rfc6633,200
rfc9599.xml,https://www.rfc-editor.org/info/rfc6660,200
rfc9599.xml,https://www.rfc-editor.org/info/rfc7323,200
rfc9599.xml,https://www.rfc-editor.org/info/rfc7348,200
rfc9599.xml,https://www.rfc-editor.org/info/rfc7567,200
rfc9599.xml,https://www.rfc-editor.org/info/rfc7637,200
rfc9599.xml,https://www.rfc-editor.org/info/rfc7713,200
rfc9599.xml,https://www.rfc-editor.org/info/rfc7780,200
rfc9599.xml,https://www.rfc-editor.org/info/rfc8084,200
rfc9599.xml,https://www.rfc-editor.org/info/rfc8087,200
rfc9599.xml,https://www.rfc-editor.org/info/rfc8174,200
rfc9599.xml,https://www.rfc-editor.org/info/rfc8257,200
rfc9599.xml,https://www.rfc-editor.org/info/rfc8300,200
rfc9599.xml,https://www.rfc-editor.org/info/rfc8311,200
rfc9599.xml,https://www.rfc-editor.org/info/rfc8926,200
rfc9599.xml,https://www.rfc-editor.org/info/rfc9300,200
rfc9599.xml,https://www.rfc-editor.org/info/rfc9331,200
rfc9599.xml,https://www.rfc-editor.org/info/rfc9601,200
rfc9496.xml,https://datatracker.ietf.org/doc/draft-irtf-cfrg-ristretto255-decaf448-08,200
rfc9496.xml,https://dx.doi.org/10.17487/rfc9496,200
rfc9496.xml,https://www.rfc-editor.org/info/rfc9496,200
rfc9496.xml,https://trustee.ietf.org/license-info,200
rfc9496.xml,https://www.rfc-editor.org/info/rfc2119,200
rfc9496.xml,https://www.rfc-editor.org/info/rfc8174,200
rfc9496.xml,https://www.shiftleft.org/papers/decaf/decaf.pdf,200
rfc9496.xml,https://hdevalence.ca/blog/2020-10-04-its-25519am,200
rfc9496.xml,https://jonasnick.github.io/blog/2017/05/23/exploiting-low-order-generators-in-one-time-ring-signatures/,200
rfc9496.xml,https://mailarchive.ietf.org/arch/msg/cfrg/-9LEdnzVrE5RORux3Oo_oDDRksU/,200
rfc9496.xml,https://www.rfc-editor.org/info/rfc7748,200
rfc9496.xml,https://www.rfc-editor.org/info/rfc8032,200
rfc9496.xml,https://www.rfc-editor.org/info/rfc9380,200
rfc9496.xml,https://ristretto.group,200
rfc9496.xml,https://eprint.iacr.org/2008/522,200
rfc9395.xml,https://datatracker.ietf.org/doc/draft-ietf-ipsecme-ikev1-algo-to-historic-09,200
rfc9395.xml,https://dx.doi.org/10.17487/rfc9395,200
rfc9395.xml,https://www.rfc-editor.org/info/rfc9395,200
rfc9395.xml,https://trustee.ietf.org/license-info,200
rfc9395.xml,https://www.rfc-editor.org/info/rfc2119,200
rfc9395.xml,https://www.rfc-editor.org/info/rfc8174,200
rfc9395.xml,https://www.rfc-editor.org/info/rfc8247,200
rfc9395.xml,https://nvd.nist.gov/vuln/detail/CVE-2016-5361,Connection error: HTTP Error 502: Bad Gateway
rfc9395.xml,https://datatracker.ietf.org/doc/html/draft-ietf-ipsecme-g-ikev2-09,200
rfc9395.xml,https://datatracker.ietf.org/doc/html/draft-ietf-ipsecme-labeled-ipsec-11,200
rfc9395.xml,https://www.rfc-editor.org/info/rfc2407,200
rfc9395.xml,https://www.rfc-editor.org/info/rfc2408,200
rfc9395.xml,https://www.rfc-editor.org/info/rfc2409,200
rfc9395.xml,https://www.rfc-editor.org/info/rfc4306,200
rfc9395.xml,https://www.rfc-editor.org/info/rfc6407,200
rfc9395.xml,https://www.rfc-editor.org/info/rfc7296,200
rfc9395.xml,https://www.rfc-editor.org/info/rfc8221,200
rfc9395.xml,https://www.rfc-editor.org/info/rfc8784,200
rfc9637.xml,https://datatracker.ietf.org/doc/draft-ietf-v6ops-rfc3849-update-05,200
rfc9637.xml,https://dx.doi.org/10.17487/rfc9637,200
rfc9637.xml,https://www.rfc-editor.org/info/rfc9637,200
rfc9637.xml,https://trustee.ietf.org/license-info,200
rfc9637.xml,https://www.iana.org/assignments/iana-ipv6-special-registry,200
rfc9637.xml,https://www.rfc-editor.org/info/rfc2119,200
rfc9637.xml,https://www.rfc-editor.org/info/rfc8174,200
rfc9637.xml,https://www.team-cymru.com/post/unravelling-the-mystery-of-bogons-a-senior-stakeholder-and-it-professional-guide,200
rfc9637.xml,https://ftp.ripe.net/pub/stats/ripencc/nro-stats,200
rfc9637.xml,https://www.rfc-editor.org/info/rfc3849,200
rfc9637.xml,https://www.rfc-editor.org/info/rfc4291,200
rfc9647.xml,https://datatracker.ietf.org/doc/draft-ietf-babel-yang-model-13,200
rfc9647.xml,https://dx.doi.org/10.17487/rfc9647,200
rfc9647.xml,https://www.rfc-editor.org/info/rfc9647,200
rfc9647.xml,https://trustee.ietf.org/license-info,200
rfc9647.xml,https://www.rfc-editor.org/info/rfc2119,200
rfc9647.xml,https://www.rfc-editor.org/info/rfc4252,200
rfc9647.xml,https://www.rfc-editor.org/info/rfc4868,200
rfc9647.xml,https://www.rfc-editor.org/info/rfc6241,200
rfc9647.xml,https://www.rfc-editor.org/info/rfc6991,200
rfc9647.xml,https://www.rfc-editor.org/info/rfc7693,200
rfc9647.xml,https://www.rfc-editor.org/info/rfc7950,200
rfc9647.xml,https://www.rfc-editor.org/info/rfc8040,200
rfc9647.xml,https://www.rfc-editor.org/info/rfc8174,200
rfc9647.xml,https://www.rfc-editor.org/info/rfc8341,200
rfc9647.xml,https://www.rfc-editor.org/info/rfc8343,200
rfc9647.xml,https://www.rfc-editor.org/info/rfc8349,200
rfc9647.xml,https://www.rfc-editor.org/info/rfc8446,200
rfc9647.xml,https://www.rfc-editor.org/info/rfc8966,200
rfc9647.xml,https://www.rfc-editor.org/info/rfc8967,200
rfc9647.xml,https://www.rfc-editor.org/info/rfc8968,200
rfc9647.xml,https://www.rfc-editor.org/info/rfc9000,200
rfc9647.xml,https://www.rfc-editor.org/info/rfc9046,200
rfc9647.xml,https://www.rfc-editor.org/info/rfc9147,200
rfc9647.xml,https://www.rfc-editor.org/info/rfc9640,200
rfc9647.xml,https://www.rfc-editor.org/info/rfc2104,200
rfc9647.xml,https://www.rfc-editor.org/info/rfc3688,200
rfc9647.xml,https://www.rfc-editor.org/info/rfc6020,200
rfc9647.xml,https://www.rfc-editor.org/info/rfc7468,200
rfc9647.xml,https://www.rfc-editor.org/info/rfc8340,200
rfc9647.xml,https://www.rfc-editor.org/info/rfc8342,200
rfc9647.xml,https://www.rfc-editor.org/info/rfc8407,200
rfc9647.xml,https://www.w3.org/TR/xml/,200
rfc9191.xml,https://datatracker.ietf.org/doc/draft-ietf-emu-eaptlscert-08,200
rfc9191.xml,https://dx.doi.org/10.17487/rfc9191,200
rfc9191.xml,https://www.rfc-editor.org/info/rfc9191,200
rfc9191.xml,https://trustee.ietf.org/license-info,200
rfc9191.xml,https://www.rfc-editor.org/info/rfc2119,200
rfc9191.xml,https://www.rfc-editor.org/info/rfc3748,200
rfc9191.xml,https://www.rfc-editor.org/info/rfc4851,200
rfc9191.xml,https://www.rfc-editor.org/info/rfc5216,200
rfc9191.xml,https://www.rfc-editor.org/info/rfc5280,200
rfc9191.xml,https://www.rfc-editor.org/info/rfc5281,200
rfc9191.xml,https://www.rfc-editor.org/info/rfc7170,200
rfc9191.xml,https://www.rfc-editor.org/info/rfc8174,200
rfc9191.xml,https://www.rfc-editor.org/info/rfc8446,200
rfc9191.xml,https://www.rfc-editor.org/rfc/rfc9190,200
rfc9191.xml,https://datatracker.ietf.org/doc/html/draft-mattsson-cose-cbor-cert-compress-08,200
rfc9191.xml,https://datatracker.ietf.org/doc/html/draft-ietf-tls-ctls-04,200
rfc9191.xml,https://www.ietf.org/archive/id/draft-ietf-tls-ctls-04.txt,200
rfc9191.xml,https://doi.org/10.1109/IEEESTD.2020.9018454,Connection error: HTTP Error 418: Unknown Code
rfc9191.xml,https://www.rfc-editor.org/info/rfc2865,200
rfc9191.xml,https://www.rfc-editor.org/info/rfc5246,200
rfc9191.xml,https://www.rfc-editor.org/info/rfc6066,200
rfc9191.xml,https://www.rfc-editor.org/info/rfc6090,200
rfc9191.xml,https://www.rfc-editor.org/info/rfc7250,200
rfc9191.xml,https://www.rfc-editor.org/info/rfc7924,200
rfc9191.xml,https://www.rfc-editor.org/info/rfc8032,200
rfc9191.xml,https://www.rfc-editor.org/info/rfc8392,200
rfc9191.xml,https://www.rfc-editor.org/info/rfc8422,200
rfc9191.xml,https://www.rfc-editor.org/info/rfc8879,200
rfc9191.xml,https://www.rfc-editor.org/info/rfc8949,200
rfc9191.xml,https://datatracker.ietf.org/doc/html/draft-tschofenig-tls-cwt-02,200
rfc9191.xml,https://www.ietf.org/archive/id/draft-tschofenig-tls-cwt-02.txt,200
rfc9191.xml,https://datatracker.ietf.org/doc/html/draft-ietf-emu-tls-eap-types-04,200
rfc9191.xml,https://datatracker.ietf.org/doc/html/draft-thomson-tls-sic-00,200
rfc9191.xml,https://www.ietf.org/archive/id/draft-thomson-tls-sic-00.txt,200
rfc9084.xml,https://datatracker.ietf.org/doc/draft-ietf-lsr-ospf-prefix-originator-12,200
rfc9084.xml,https://dx.doi.org/10.17487/rfc9084,200
rfc9084.xml,https://www.rfc-editor.org/info/rfc9084,200
rfc9084.xml,https://trustee.ietf.org/license-info,200
rfc9084.xml,https://www.rfc-editor.org/info/rfc2119,200
rfc9084.xml,https://www.rfc-editor.org/info/rfc2328,200
rfc9084.xml,https://www.rfc-editor.org/info/rfc3630,200
rfc9084.xml,https://www.rfc-editor.org/info/rfc5329,200
rfc9084.xml,https://www.rfc-editor.org/info/rfc5340,200
rfc9084.xml,https://www.rfc-editor.org/info/rfc7684,200
rfc9084.xml,https://www.rfc-editor.org/info/rfc8174,200
rfc9084.xml,https://www.rfc-editor.org/info/rfc8362,200
rfc9084.xml,https://www.rfc-editor.org/info/rfc3101,200
rfc9084.xml,https://www.rfc-editor.org/info/rfc5838,200
rfc9084.xml,https://www.rfc-editor.org/info/rfc7752,200
rfc9084.xml,https://www.rfc-editor.org/info/rfc9085,200
rfc9756.xml,https://datatracker.ietf.org/doc/draft-ietf-pce-iana-update-03,200
rfc9756.xml,https://dx.doi.org/10.17487/rfc9756,200
rfc9756.xml,https://www.rfc-editor.org/info/rfc9756,200
rfc9756.xml,https://trustee.ietf.org/license-info,200
rfc9756.xml,https://www.rfc-editor.org/info/rfc5440,200
rfc9756.xml,https://www.rfc-editor.org/info/rfc8126,200
rfc9756.xml,https://www.rfc-editor.org/info/rfc8231,200
rfc9756.xml,https://www.rfc-editor.org/info/rfc8233,200
rfc9756.xml,https://www.rfc-editor.org/info/rfc8281,200
rfc9756.xml,https://www.rfc-editor.org/info/rfc8356,200
rfc9756.xml,https://www.rfc-editor.org/info/rfc8623,200
rfc9756.xml,https://www.rfc-editor.org/info/rfc8664,200
rfc9756.xml,https://www.rfc-editor.org/info/rfc8685,200
rfc9756.xml,https://www.rfc-editor.org/info/rfc8697,200
rfc9756.xml,https://www.rfc-editor.org/info/rfc8733,200
rfc9756.xml,https://www.rfc-editor.org/info/rfc8745,200
rfc9756.xml,https://www.rfc-editor.org/info/rfc8779,200
rfc9756.xml,https://www.rfc-editor.org/info/rfc8780,200
rfc9756.xml,https://www.rfc-editor.org/info/rfc8800,200
rfc9756.xml,https://www.rfc-editor.org/info/rfc8934,200
rfc9756.xml,https://www.rfc-editor.org/info/rfc9050,200
rfc9756.xml,https://www.rfc-editor.org/info/rfc9059,200
rfc9756.xml,https://www.rfc-editor.org/info/rfc9168,200
rfc9756.xml,https://www.rfc-editor.org/info/rfc9357,200
rfc9756.xml,https://www.rfc-editor.org/info/rfc9504,200
rfc9756.xml,https://www.rfc-editor.org/info/rfc9603,200
rfc9756.xml,https://www.rfc-editor.org/info/rfc9604,200
rfc9756.xml,https://datatracker.ietf.org/doc/html/draft-ietf-pce-pceps-tls13-04,200
rfc9756.xml,https://www.rfc-editor.org/info/rfc3692,200
rfc9756.xml,https://www.rfc-editor.org/info/rfc6709,200
rfc9620.xml,https://datatracker.ietf.org/doc/draft-irtf-hrpc-guidelines-21,200
rfc9620.xml,https://dx.doi.org/10.17487/rfc9620,200
rfc9620.xml,https://www.rfc-editor.org/info/rfc9620,200
rfc9620.xml,https://trustee.ietf.org/license-info,200
rfc9620.xml,https://torproject.org,200
rfc9620.xml,https://www.irtf.org/mailman/listinfo/hrpc,Connection error: HTTP Error 403: Forbidden
rfc9620.xml,https://mailarchive.ietf.org/arch/browse/hrpc/,200
rfc9620.xml,https://datatracker.ietf.org/doc/html/draft-arkko-iab-internet-consolidation-02,200
rfc9620.xml,https://freedom-to-tinker.com/2018/04/09/four-cents-to-deanonymize-companies-reverse-hashed-email-addresses/,200
rfc9620.xml,https://link.springer.com/chapter/10.1007/978-3-642-30241-1_6,200
rfc9620.xml,https://web.archive.org/web/20150304002021/https://freakattack.com/,200
rfc9620.xml,https://www.usenix.org/conference/usenixsecurity22/presentation/issa,200
rfc9620.xml,http://www.apig.ch/UNIGE%20Catalog.pdf,200
rfc9620.xml,https://github.com/IRTF-HRPC/reviews,200
rfc9620.xml,https://html.spec.whatwg.org/multipage/,200
rfc9620.xml,https://doi.org/10.14722/ndss.2017.23456,Connection error: HTTP Error 403: Forbidden
rfc9620.xml,https://www.ohchr.org/en/instruments-mechanisms/instruments/international-covenant-civil-and-political-rights,Connection error: HTTP Error 403: Forbidden
rfc9620.xml,https://www.ohchr.org/en/instruments-mechanisms/instruments/international-covenant-economic-social-and-cultural-rights,Connection error: HTTP Error 403: Forbidden
rfc9620.xml,https://internetrightsandprinciples.org/campaign/,200
rfc9620.xml,https://doi.org/10.4337/9781849805025.00022,Connection error: HTTP Error 403: Forbidden
rfc9620.xml,https://digitallibrary.un.org/record/798709?v=pdf,200
rfc9620.xml,https://doi.org/10.1145/2810103.2813707,Connection error: HTTP Error 403: Forbidden
rfc9620.xml,https://datatracker.ietf.org/doc/html/draft-ietf-madinas-mac-address-randomization-15,200
rfc9620.xml,https://eprint.iacr.org/2017/664,200
rfc9620.xml,https://arstechnica.com/tech-policy/2013/11/newegg-on-trial-mystery-company-tqp-re-writes-the-history-of-encryption/,200
rfc9620.xml,https://www.ietf.org/about/note-well/,200
rfc9620.xml,https://doi.org/10.1145/2935634.2935640,Connection error: HTTP Error 403: Forbidden
rfc9620.xml,https://www.w3.org/Consortium/Patent-Policy-20040205/,200
rfc9620.xml,https://papers.ssrn.com/sol3/papers.cfm?abstract_id=2769645,Connection error: HTTP Error 403: Forbidden
rfc9620.xml,https://datatracker.ietf.org/doc/html/draft-pouwelse-censorfree-scenarios-02,200
rfc9620.xml,https://www.rfc-editor.org/info/rfc1035,200
rfc9620.xml,https://www.rfc-editor.org/info/rfc1958,200
rfc9620.xml,https://www.rfc-editor.org/info/rfc1984,200
rfc9620.xml,https://www.rfc-editor.org/info/rfc2026,200
rfc9620.xml,https://www.rfc-editor.org/info/rfc2277,200
rfc9620.xml,https://www.rfc-editor.org/info/rfc3365,200
rfc9620.xml,https://www.rfc-editor.org/info/rfc3552,200
rfc9620.xml,https://www.rfc-editor.org/info/rfc3724,200
rfc9620.xml,https://www.rfc-editor.org/info/rfc3935,200
rfc9620.xml,https://www.rfc-editor.org/info/rfc4033,200
rfc9620.xml,https://www.rfc-editor.org/info/rfc4101,200
rfc9620.xml,https://www.rfc-editor.org/info/rfc4949,200
rfc9620.xml,https://www.rfc-editor.org/info/rfc5321,200
rfc9620.xml,https://www.rfc-editor.org/info/rfc5646,200
rfc9620.xml,https://www.rfc-editor.org/info/rfc6108,200
rfc9620.xml,https://www.rfc-editor.org/info/rfc6365,200
rfc9620.xml,https://www.rfc-editor.org/info/rfc6701,200
rfc9620.xml,https://www.rfc-editor.org/info/rfc6973,200
rfc9620.xml,https://www.rfc-editor.org/info/rfc7258,200
rfc9620.xml,https://www.rfc-editor.org/info/rfc7301,200
rfc9620.xml,https://www.rfc-editor.org/info/rfc7624,200
rfc9620.xml,https://www.rfc-editor.org/info/rfc7725,200
rfc9620.xml,https://www.rfc-editor.org/info/rfc7754,200
rfc9620.xml,https://www.rfc-editor.org/info/rfc7844,200
rfc9620.xml,https://www.rfc-editor.org/info/rfc7858,200
rfc9620.xml,https://www.rfc-editor.org/info/rfc8179,200
rfc9620.xml,https://www.rfc-editor.org/info/rfc8280,200
rfc9620.xml,https://www.rfc-editor.org/info/rfc8446,200
rfc9620.xml,https://www.rfc-editor.org/info/rfc8484,200
rfc9620.xml,https://www.rfc-editor.org/info/rfc8558,200
rfc9620.xml,https://www.rfc-editor.org/info/rfc8890,200
rfc9620.xml,https://www.rfc-editor.org/info/rfc8980,200
rfc9620.xml,https://www.rfc-editor.org/info/rfc8981,200
rfc9620.xml,https://www.rfc-editor.org/info/rfc9000,200
rfc9620.xml,https://www.rfc-editor.org/info/rfc9071,200
rfc9620.xml,https://www.rfc-editor.org/info/rfc9293,200
rfc9620.xml,https://www.rfc-editor.org/info/rfc9420,200
rfc9620.xml,https://www.rfc-editor.org/info/rfc9505,200
rfc9620.xml,https://doi.org/10.1145/357401.357402,Connection error: HTTP Error 403: Forbidden
rfc9620.xml,https://datatracker.ietf.org/doc/html/draft-ietf-tls-esni-20,200
rfc9620.xml,https://www.un.org/en/about-us/universal-declaration-of-human-rights,Connection error: HTTP Error 403: Forbidden
rfc9620.xml,https://www.ohchr.org/en/publications/reference-publications/guiding-principles-business-and-human-rights,Connection error: HTTP Error 403: Forbidden
rfc9620.xml,https://www.ohchr.org/en/core-international-human-rights-instruments-and-their-monitoring-bodies,Connection error: HTTP Error 403: Forbidden
rfc9620.xml,https://digitallibrary.un.org/record/845728?ln=en,200
rfc9620.xml,https://www.w3.org/standards/webdesign/accessibility,200
rfc9620.xml,https://www.w3.org/International/questions/qa-i18n.en,200
rfc9620.xml,https://doi.org/10.4337/9781849805025.00008,Connection error: HTTP Error 403: Forbidden
rfc9620.xml,https://dash.harvard.edu/handle/1/4455262,200
rfc9329.xml,https://datatracker.ietf.org/doc/draft-ietf-ipsecme-rfc8229bis-09,200
rfc9329.xml,https://dx.doi.org/10.17487/rfc9329,200
rfc9329.xml,https://www.rfc-editor.org/info/rfc9329,200
rfc9329.xml,https://trustee.ietf.org/license-info,200
rfc9329.xml,https://www.rfc-editor.org/info/rfc2119,200
rfc9329.xml,https://www.rfc-editor.org/info/rfc2119,200
rfc9329.xml,https://www.rfc-editor.org/info/rfc3948,200
rfc9329.xml,https://www.rfc-editor.org/info/rfc3948,200
rfc9329.xml,https://www.rfc-editor.org/info/rfc4301,200
rfc9329.xml,https://www.rfc-editor.org/info/rfc4301,200
rfc9329.xml,https://www.rfc-editor.org/info/rfc4303,200
rfc9329.xml,https://www.rfc-editor.org/info/rfc4303,200
rfc9329.xml,https://www.rfc-editor.org/info/rfc6040,200
rfc9329.xml,https://www.rfc-editor.org/info/rfc6040,200
rfc9329.xml,https://www.rfc-editor.org/info/rfc7296,200
rfc9329.xml,https://www.rfc-editor.org/info/rfc7296,200
rfc9329.xml,https://www.rfc-editor.org/info/rfc8019,200
rfc9329.xml,https://www.rfc-editor.org/info/rfc8019,200
rfc9329.xml,https://www.rfc-editor.org/info/rfc8174,200
rfc9329.xml,https://www.rfc-editor.org/info/rfc8174,200
rfc9329.xml,https://datatracker.ietf.org/doc/html/draft-ietf-ipsecme-ike-tcp-01,200
rfc9329.xml,https://www.ietf.org/archive/id/draft-ietf-ipsecme-ike-tcp-01.txt,200
rfc9329.xml,https://www.rfc-editor.org/info/rfc1122,200
rfc9329.xml,https://www.rfc-editor.org/info/rfc1122,200
rfc9329.xml,https://www.rfc-editor.org/info/rfc2817,200
rfc9329.xml,https://www.rfc-editor.org/info/rfc2817,200
rfc9329.xml,https://www.rfc-editor.org/info/rfc3168,200
rfc9329.xml,https://www.rfc-editor.org/info/rfc3168,200
rfc9329.xml,https://www.rfc-editor.org/info/rfc4555,200
rfc9329.xml,https://www.rfc-editor.org/info/rfc4555,200
rfc9329.xml,https://www.rfc-editor.org/info/rfc4621,200
rfc9329.xml,https://www.rfc-editor.org/info/rfc4621,200
rfc9329.xml,https://www.rfc-editor.org/info/rfc4953,200
rfc9329.xml,https://www.rfc-editor.org/info/rfc4953,200
rfc9329.xml,https://www.rfc-editor.org/info/rfc4987,200
rfc9329.xml,https://www.rfc-editor.org/info/rfc4987,200
rfc9329.xml,https://www.rfc-editor.org/info/rfc5246,200
rfc9329.xml,https://www.rfc-editor.org/info/rfc5246,200
rfc9329.xml,https://www.rfc-editor.org/info/rfc5685,200
rfc9329.xml,https://www.rfc-editor.org/info/rfc5685,200
rfc9329.xml,https://www.rfc-editor.org/info/rfc5723,200
rfc9329.xml,https://www.rfc-editor.org/info/rfc5723,200
rfc9329.xml,https://www.rfc-editor.org/info/rfc5961,200
rfc9329.xml,https://www.rfc-editor.org/info/rfc5961,200
rfc9329.xml,https://www.rfc-editor.org/info/rfc6311,200
rfc9329.xml,https://www.rfc-editor.org/info/rfc6311,200
rfc9329.xml,https://www.rfc-editor.org/info/rfc6520,200
rfc9329.xml,https://www.rfc-editor.org/info/rfc6520,200
rfc9329.xml,https://www.rfc-editor.org/info/rfc6528,200
rfc9329.xml,https://www.rfc-editor.org/info/rfc6528,200
rfc9329.xml,https://www.rfc-editor.org/info/rfc7383,200
rfc9329.xml,https://www.rfc-editor.org/info/rfc7383,200
rfc9329.xml,https://www.rfc-editor.org/info/rfc8229,200
rfc9329.xml,https://www.rfc-editor.org/info/rfc8229,200
rfc9329.xml,https://www.rfc-editor.org/info/rfc8446,200
rfc9329.xml,https://www.rfc-editor.org/info/rfc8446,200
rfc9329.xml,https://www.rfc-editor.org/info/rfc9293,200
rfc9329.xml,https://www.rfc-editor.org/info/rfc9293,200
rfc9329.xml,https://www.rfc-editor.org/info/rfc9325,200
rfc9329.xml,https://doi.org/10.1117/12.630496,200
rfc9129.xml,https://datatracker.ietf.org/doc/draft-ietf-ospf-yang-29,200
rfc9129.xml,https://dx.doi.org/10.17487/rfc9129,200
rfc9129.xml,https://www.rfc-editor.org/info/rfc9129,200
rfc9129.xml,https://trustee.ietf.org/license-info,200
rfc9129.xml,https://www.rfc-editor.org/info/rfc1765,200
rfc9129.xml,https://www.rfc-editor.org/info/rfc1793,200
rfc9129.xml,https://www.rfc-editor.org/info/rfc2119,200
rfc9129.xml,https://www.rfc-editor.org/info/rfc2328,200
rfc9129.xml,https://www.rfc-editor.org/info/rfc3101,200
rfc9129.xml,https://www.rfc-editor.org/info/rfc3623,200
rfc9129.xml,https://www.rfc-editor.org/info/rfc3630,200
rfc9129.xml,https://www.rfc-editor.org/info/rfc3688,200
rfc9129.xml,https://www.rfc-editor.org/info/rfc4552,200
rfc9129.xml,https://www.rfc-editor.org/info/rfc4576,200
rfc9129.xml,https://www.rfc-editor.org/info/rfc4577,200
rfc9129.xml,https://www.rfc-editor.org/info/rfc4915,200
rfc9129.xml,https://www.rfc-editor.org/info/rfc4973,200
rfc9129.xml,https://www.rfc-editor.org/info/rfc5082,200
rfc9129.xml,https://www.rfc-editor.org/info/rfc5185,200
rfc9129.xml,https://www.rfc-editor.org/info/rfc5187,200
rfc9129.xml,https://www.rfc-editor.org/info/rfc5250,200
rfc9129.xml,https://www.rfc-editor.org/info/rfc5286,200
rfc9129.xml,https://www.rfc-editor.org/info/rfc5309,200
rfc9129.xml,https://www.rfc-editor.org/info/rfc5329,200
rfc9129.xml,https://www.rfc-editor.org/info/rfc5340,200
rfc9129.xml,https://www.rfc-editor.org/info/rfc5613,200
rfc9129.xml,https://www.rfc-editor.org/info/rfc5642,200
rfc9129.xml,https://www.rfc-editor.org/info/rfc5709,200
rfc9129.xml,https://www.rfc-editor.org/info/rfc5714,200
rfc9129.xml,https://www.rfc-editor.org/info/rfc5838,200
rfc9129.xml,https://www.rfc-editor.org/info/rfc6020,200
rfc9129.xml,https://www.rfc-editor.org/info/rfc6241,200
rfc9129.xml,https://www.rfc-editor.org/info/rfc6242,200
rfc9129.xml,https://www.rfc-editor.org/info/rfc6565,200
rfc9129.xml,https://www.rfc-editor.org/info/rfc6845,200
rfc9129.xml,https://www.rfc-editor.org/info/rfc6860,200
rfc9129.xml,https://www.rfc-editor.org/info/rfc6987,200
rfc9129.xml,https://www.rfc-editor.org/info/rfc6991,200
rfc9129.xml,https://www.rfc-editor.org/info/rfc7166,200
rfc9129.xml,https://www.rfc-editor.org/info/rfc7474,200
rfc9129.xml,https://www.rfc-editor.org/info/rfc7490,200
rfc9129.xml,https://www.rfc-editor.org/info/rfc7684,200
rfc9129.xml,https://www.rfc-editor.org/info/rfc7770,200
rfc9129.xml,https://www.rfc-editor.org/info/rfc7777,200
rfc9129.xml,https://www.rfc-editor.org/info/rfc7884,200
rfc9129.xml,https://www.rfc-editor.org/info/rfc7950,200
rfc9129.xml,https://www.rfc-editor.org/info/rfc8040,200
rfc9129.xml,https://www.rfc-editor.org/info/rfc8174,200
rfc9129.xml,https://www.rfc-editor.org/info/rfc8177,200
rfc9129.xml,https://www.rfc-editor.org/info/rfc8294,200
rfc9129.xml,https://www.rfc-editor.org/info/rfc8340,200
rfc9129.xml,https://www.rfc-editor.org/info/rfc8341,200
rfc9129.xml,https://www.rfc-editor.org/info/rfc8342,200
rfc9129.xml,https://www.rfc-editor.org/info/rfc8343,200
rfc9129.xml,https://www.rfc-editor.org/info/rfc8349,200
rfc9129.xml,https://www.rfc-editor.org/info/rfc8405,200
rfc9129.xml,https://www.rfc-editor.org/info/rfc8446,200
rfc9129.xml,https://www.rfc-editor.org/info/rfc8476,200
rfc9129.xml,https://www.rfc-editor.org/info/rfc9314,200
rfc9129.xml,https://www.rfc-editor.org/info/rfc905,200
rfc9129.xml,https://www.rfc-editor.org/info/rfc4750,200
rfc9129.xml,https://www.rfc-editor.org/info/rfc5443,200
rfc9129.xml,https://www.rfc-editor.org/info/rfc5643,200
rfc9129.xml,https://www.rfc-editor.org/info/rfc5649,200
rfc9129.xml,https://www.rfc-editor.org/info/rfc5880,200
rfc9129.xml,https://www.rfc-editor.org/info/rfc5881,200
rfc8888.xml,https://datatracker.ietf.org/doc/draft-ietf-avtcore-cc-feedback-message-09,200
rfc8888.xml,https://dx.doi.org/10.17487/rfc8888,200
rfc8888.xml,https://www.rfc-editor.org/info/rfc8888,200
rfc8888.xml,https://trustee.ietf.org/license-info,200
rfc8888.xml,https://www.rfc-editor.org/info/rfc2119,200
rfc8888.xml,https://www.rfc-editor.org/info/rfc3168,200
rfc8888.xml,https://www.rfc-editor.org/info/rfc3550,200
rfc8888.xml,https://www.rfc-editor.org/info/rfc3551,200
rfc8888.xml,https://www.rfc-editor.org/info/rfc3711,200
rfc8888.xml,https://www.rfc-editor.org/info/rfc4585,200
rfc8888.xml,https://www.rfc-editor.org/info/rfc5124,200
rfc8888.xml,https://www.rfc-editor.org/info/rfc5234,200
rfc8888.xml,https://www.rfc-editor.org/info/rfc5506,200
rfc8888.xml,https://www.rfc-editor.org/info/rfc6679,200
rfc8888.xml,https://www.rfc-editor.org/info/rfc8083,200
rfc8888.xml,https://www.rfc-editor.org/info/rfc8174,200
rfc8888.xml,https://www.rfc-editor.org/info/rfc8843,200
rfc8888.xml,https://www.rfc-editor.org/info/rfc8859,200
rfc8888.xml,https://www.ietf.org/proceedings/95/slides/slides-95-rmcat-1.pdf,200
rfc8888.xml,https://tools.ietf.org/html/draft-ietf-rmcat-gcc-02,200
rfc8888.xml,https://www.rfc-editor.org/info/rfc3611,200
rfc8888.xml,https://www.rfc-editor.org/info/rfc5104,200
rfc8888.xml,https://www.rfc-editor.org/info/rfc6843,200
rfc8888.xml,https://www.rfc-editor.org/info/rfc8298,200
rfc8888.xml,https://www.rfc-editor.org/info/rfc8382,200
rfc8888.xml,https://www.rfc-editor.org/info/rfc8698,200
rfc8888.xml,https://tools.ietf.org/html/draft-ietf-rmcat-rtp-cc-feedback-05,200
rfc8888.xml,https://www.ietf.org/internet-drafts/draft-ietf-rmcat-rtp-cc-feedback-05.txt,Connection error: HTTP Error 404: Not Found
rfc8888.xml,https://tools.ietf.org/html/draft-holmer-rmcat-transport-wide-cc-extensions-01,200
rfc8888.xml,https://www.ietf.org/internet-drafts/draft-holmer-rmcat-transport-wide-cc-extensions-01.txt,Connection error: HTTP Error 404: Not Found
rfc9341.xml,https://datatracker.ietf.org/doc/draft-ietf-ippm-rfc8321bis-04,200
rfc9341.xml,https://dx.doi.org/10.17487/rfc9341,200
rfc9341.xml,https://www.rfc-editor.org/info/rfc9341,200
rfc9341.xml,https://trustee.ietf.org/license-info,200
rfc9341.xml,https://www.rfc-editor.org/info/rfc2119,200
rfc9341.xml,https://www.rfc-editor.org/info/rfc2119,200
rfc9341.xml,https://www.rfc-editor.org/info/rfc3393,200
rfc9341.xml,https://www.rfc-editor.org/info/rfc3393,200
rfc9341.xml,https://www.rfc-editor.org/info/rfc7679,200
rfc9341.xml,https://www.rfc-editor.org/info/rfc7679,200
rfc9341.xml,https://www.rfc-editor.org/info/rfc7680,200
rfc9341.xml,https://www.rfc-editor.org/info/rfc7680,200
rfc9341.xml,https://www.rfc-editor.org/info/rfc8174,200
rfc9341.xml,https://www.rfc-editor.org/info/rfc8174,200
rfc9341.xml,https://datatracker.ietf.org/doc/html/draft-ietf-ippm-explicit-flow-measurements-02,200
rfc9341.xml,https://www.ietf.org/archive/id/draft-ietf-ippm-explicit-flow-measurements-02.txt,200
rfc9341.xml,https://doi.org/10.1109/IEEESTD.2008.4579760,Connection error: HTTP Error 418: Unknown Code
rfc9341.xml,https://doi.org/10.1109/MNET.2019.1800152,Connection error: HTTP Error 418: Unknown Code
rfc9341.xml,https://www.rfc-editor.org/info/rfc2330,200
rfc9341.xml,https://www.rfc-editor.org/info/rfc2330,200
rfc9341.xml,https://www.rfc-editor.org/info/rfc4656,200
rfc9341.xml,https://www.rfc-editor.org/info/rfc4656,200
rfc9341.xml,https://www.rfc-editor.org/info/rfc5357,200
rfc9341.xml,https://www.rfc-editor.org/info/rfc5357,200
rfc9341.xml,https://www.rfc-editor.org/info/rfc5481,200
rfc9341.xml,https://www.rfc-editor.org/info/rfc5481,200
rfc9341.xml,https://www.rfc-editor.org/info/rfc5905,200
rfc9341.xml,https://www.rfc-editor.org/info/rfc5905,200
rfc9341.xml,https://www.rfc-editor.org/info/rfc6390,200
rfc9341.xml,https://www.rfc-editor.org/info/rfc6390,200
rfc9341.xml,https://www.rfc-editor.org/info/rfc6703,200
rfc9341.xml,https://www.rfc-editor.org/info/rfc6703,200
rfc9341.xml,https://www.rfc-editor.org/info/rfc7384,200
rfc9341.xml,https://www.rfc-editor.org/info/rfc7384,200
rfc9341.xml,https://www.rfc-editor.org/info/rfc7799,200
rfc9341.xml,https://www.rfc-editor.org/info/rfc7799,200
rfc9341.xml,https://www.rfc-editor.org/info/rfc8321,200
rfc9341.xml,https://www.rfc-editor.org/info/rfc8321,200
rfc9341.xml,https://www.rfc-editor.org/info/rfc8799,200
rfc9341.xml,https://www.rfc-editor.org/info/rfc8799,200
rfc9341.xml,https://www.rfc-editor.org/info/rfc9342,200
rfc9312.xml,https://datatracker.ietf.org/doc/draft-ietf-quic-manageability-18,200
rfc9312.xml,https://dx.doi.org/10.17487/rfc9312,200
rfc9312.xml,https://www.rfc-editor.org/info/rfc9312,200
rfc9312.xml,https://trustee.ietf.org/license-info,200
rfc9312.xml,https://www.rfc-editor.org/info/rfc9001,200
rfc9312.xml,https://www.rfc-editor.org/info/rfc9000,200
rfc9312.xml,https://www.rfc-editor.org/info/rfc8811,200
rfc9312.xml,https://www.rfc-editor.org/info/rfc8899,200
rfc9312.xml,https://arxiv.org/abs/1612.02902,200
rfc9312.xml,https://www.rfc-editor.org/info/rfc9308,200
rfc9312.xml,https://www.rfc-editor.org/info/rfc9287,200
rfc9312.xml,https://www.rfc-editor.org/info/rfc9114,200
rfc9312.xml,https://www.rfc-editor.org/info/rfc8999,200
rfc9312.xml,https://datatracker.ietf.org/doc/html/draft-ietf-quic-load-balancers-14,200
rfc9312.xml,https://www.ietf.org/archive/id/draft-ietf-quic-load-balancers-14.txt,200
rfc9312.xml,https://www.rfc-editor.org/info/rfc9002,200
rfc9312.xml,https://datatracker.ietf.org/doc/html/draft-ietf-quic-retry-offload-00,200
rfc9312.xml,https://www.ietf.org/archive/id/draft-ietf-quic-retry-offload-00.txt,200
rfc9312.xml,https://www.ietf.org/proceedings/88/slides/slides-88-tsvarea-10.pdf,200
rfc9312.xml,https://datatracker.ietf.org/doc/html/draft-ietf-quic-version-negotiation-10,200
rfc9312.xml,https://www.ietf.org/archive/id/draft-ietf-quic-version-negotiation-10.txt,200
rfc9312.xml,https://www.rfc-editor.org/info/rfc1191,200
rfc9312.xml,https://www.rfc-editor.org/info/rfc1812,200
rfc9312.xml,https://www.rfc-editor.org/info/rfc2475,200
rfc9312.xml,https://www.rfc-editor.org/info/rfc3168,200
rfc9312.xml,https://www.rfc-editor.org/info/rfc3449,200
rfc9312.xml,https://www.rfc-editor.org/info/rfc4443,200
rfc9312.xml,https://www.rfc-editor.org/info/rfc4459,200
rfc9312.xml,https://www.rfc-editor.org/info/rfc4787,200
rfc9312.xml,https://www.rfc-editor.org/info/rfc4987,200
rfc9312.xml,https://www.rfc-editor.org/info/rfc5382,200
rfc9312.xml,https://www.rfc-editor.org/info/rfc6066,200
rfc9312.xml,https://www.rfc-editor.org/info/rfc7301,200
rfc9312.xml,https://www.rfc-editor.org/info/rfc7605,200
rfc9312.xml,https://www.rfc-editor.org/info/rfc7801,200
rfc9312.xml,https://www.rfc-editor.org/info/rfc7838,200
rfc9312.xml,https://www.rfc-editor.org/info/rfc7983,200
rfc9312.xml,https://www.rfc-editor.org/info/rfc8201,200
rfc9312.xml,https://www.rfc-editor.org/info/rfc8504,200
rfc9312.xml,https://www.rfc-editor.org/info/rfc9065,200
rfc9312.xml,https://www.rfc-editor.org/info/rfc9250,200
rfc9312.xml,https://datatracker.ietf.org/doc/html/draft-ietf-tls-esni-14,200
rfc9312.xml,https://www.ietf.org/archive/id/draft-ietf-tls-esni-14.txt,200
rfc9312.xml,https://link.springer.com/chapter/10.1007/978-3-642-54999-1_2,200
rfc9312.xml,https://www.rfc-editor.org/info/rfc8546,200
rfc9385.xml,https://datatracker.ietf.org/doc/draft-smyslov-ike2-gost-15,200
rfc9385.xml,https://dx.doi.org/10.17487/rfc9385,200
rfc9385.xml,https://www.rfc-editor.org/info/rfc9385,200
rfc9385.xml,https://trustee.ietf.org/license-info,200
rfc9385.xml,https://www.rfc-editor.org/info/rfc2119,200
rfc9385.xml,https://www.rfc-editor.org/info/rfc8174,200
rfc9385.xml,https://www.rfc-editor.org/info/rfc6986,200
rfc9385.xml,https://www.rfc-editor.org/info/rfc7091,200
rfc9385.xml,https://www.rfc-editor.org/info/rfc7296,200
rfc9385.xml,https://www.rfc-editor.org/info/rfc7427,200
rfc9385.xml,https://www.rfc-editor.org/info/rfc7836,200
rfc9385.xml,https://www.rfc-editor.org/info/rfc9215,200
rfc9385.xml,https://www.rfc-editor.org/info/rfc9227,200
rfc9385.xml,https://www.rfc-editor.org/info/rfc2104,200
rfc9385.xml,https://www.rfc-editor.org/info/rfc7619,200
rfc9385.xml,https://www.rfc-editor.org/info/rfc7801,200
rfc9385.xml,https://www.rfc-editor.org/info/rfc8891,200
rfc9385.xml,https://doi.org/10.4213/mvk260,Connection error: HTTP Error 403: Forbidden
rfc9385.xml,https://doi.org/10.1016/j.ipl.2014.07.007,200
rfc9385.xml,https://eprint.iacr.org/2014/675,200
rfc9385.xml,https://testgost2012.cryptopro.ru/certsrv/,200
rfc9470.xml,https://datatracker.ietf.org/doc/draft-ietf-oauth-step-up-authn-challenge-17,200
rfc9470.xml,https://dx.doi.org/10.17487/rfc9470,200
rfc9470.xml,https://www.rfc-editor.org/info/rfc9470,200
rfc9470.xml,https://trustee.ietf.org/license-info,200
rfc9470.xml,https://www.rfc-editor.org/info/rfc2119,200
rfc9470.xml,https://www.rfc-editor.org/info/rfc6749,200
rfc9470.xml,https://www.rfc-editor.org/info/rfc6750,200
rfc9470.xml,https://www.rfc-editor.org/info/rfc8174,200
rfc9470.xml,https://www.iana.org/assignments/oauth-parameters,200
rfc9470.xml,https://openid.net/specs/openid-connect-core-1_0.html,200
rfc9470.xml,https://openid.net/specs/openid-connect-discovery-1_0.html,200
rfc9470.xml,https://openid.net/specs/openid-connect-unmet-authentication-requirements-1_0.html,200
rfc9470.xml,https://www.rfc-editor.org/info/rfc7519,200
rfc9470.xml,https://www.rfc-editor.org/info/rfc7662,200
rfc9470.xml,https://www.rfc-editor.org/info/rfc8414,200
rfc9470.xml,https://www.rfc-editor.org/info/rfc9068,200
rfc9470.xml,https://www.rfc-editor.org/info/rfc9110,200
rfc9470.xml,https://www.rfc-editor.org/info/rfc9449,200
rfc9008.xml,https://datatracker.ietf.org/doc/draft-ietf-roll-useofrplinfo-44,200
rfc9008.xml,https://dx.doi.org/10.17487/rfc9008,200
rfc9008.xml,https://www.rfc-editor.org/info/rfc9008,200
rfc9008.xml,https://trustee.ietf.org/license-info,200
rfc9008.xml,https://rfc-editor.org/info/bcp38,200
rfc9008.xml,https://www.rfc-editor.org/info/rfc2827,200
rfc9008.xml,https://www.rfc-editor.org/info/rfc2119,200
rfc9008.xml,https://www.rfc-editor.org/info/rfc6040,200
rfc9008.xml,https://www.rfc-editor.org/info/rfc6282,200
rfc9008.xml,https://www.rfc-editor.org/info/rfc6550,200
rfc9008.xml,https://www.rfc-editor.org/info/rfc6553,200
rfc9008.xml,https://www.rfc-editor.org/info/rfc6554,200
rfc9008.xml,https://www.rfc-editor.org/info/rfc7045,200
rfc9008.xml,https://www.rfc-editor.org/info/rfc8025,200
rfc9008.xml,https://www.rfc-editor.org/info/rfc8138,200
rfc9008.xml,https://www.rfc-editor.org/info/rfc8174,200
rfc9008.xml,https://www.rfc-editor.org/info/rfc8200,200
rfc9008.xml,https://tools.ietf.org/html/draft-ietf-anima-autonomic-control-plane-30,200
rfc9008.xml,https://www.ietf.org/internet-drafts/draft-ietf-anima-autonomic-control-plane-30.txt,Connection error: HTTP Error 404: Not Found
rfc9008.xml,https://tools.ietf.org/html/draft-ietf-anima-bootstrapping-keyinfra-45,200
rfc9008.xml,https://www.ietf.org/internet-drafts/draft-ietf-anima-bootstrapping-keyinfra-45.txt,Connection error: HTTP Error 404: Not Found
rfc9008.xml,https://arstechnica.com/information-technology/2016/09/botnet-of-145k-cameras-reportedly-deliver-internets-biggest-ddos-ever/,200
rfc9008.xml,https://www.rfc-editor.org/info/rfc801,200
rfc9008.xml,https://www.rfc-editor.org/info/rfc2460,200
rfc9008.xml,https://www.rfc-editor.org/info/rfc2473,200
rfc9008.xml,https://www.rfc-editor.org/info/rfc4443,200
rfc9008.xml,https://www.rfc-editor.org/info/rfc5406,200
rfc9008.xml,https://www.rfc-editor.org/info/rfc6437,200
rfc9008.xml,https://www.rfc-editor.org/info/rfc6775,200
rfc9008.xml,https://www.rfc-editor.org/info/rfc6997,200
rfc9008.xml,https://www.rfc-editor.org/info/rfc7102,200
rfc9008.xml,https://www.rfc-editor.org/info/rfc7416,200
rfc9008.xml,https://www.rfc-editor.org/info/rfc8180,200
rfc9008.xml,https://www.rfc-editor.org/info/rfc8504,200
rfc9008.xml,https://www.rfc-editor.org/info/rfc8505,200
rfc9008.xml,https://www.rfc-editor.org/info/rfc8928,200
rfc9008.xml,https://www.rfc-editor.org/info/rfc8929,200
rfc9008.xml,https://www.rfc-editor.org/rfc/rfc9010,200
rfc9008.xml,https://tools.ietf.org/html/draft-ietf-intarea-tunnels-10,200
rfc9008.xml,https://www.ietf.org/internet-drafts/draft-ietf-intarea-tunnels-10.txt,Connection error: HTTP Error 404: Not Found
rfc9008.xml,https://tools.ietf.org/html/draft-ietf-6tisch-dtsecurity-zerotouch-join-04,200
rfc9008.xml,https://www.ietf.org/internet-drafts/draft-ietf-6tisch-dtsecurity-zerotouch-join-04.txt,Connection error: HTTP Error 404: Not Found
rfc8970.xml,https://datatracker.ietf.org/doc/draft-ietf-extra-imap-fetch-preview-10,200
rfc8970.xml,https://dx.doi.org/10.17487/rfc8970,200
rfc8970.xml,https://www.rfc-editor.org/info/rfc8970,200
rfc8970.xml,https://trustee.ietf.org/license-info,200
rfc8970.xml,http://www.iana.org/assignments/imap-capabilities,200
rfc8970.xml,https://www.rfc-editor.org/info/rfc2046,200
rfc8970.xml,https://www.rfc-editor.org/info/rfc2119,200
rfc8970.xml,https://www.rfc-editor.org/info/rfc3501,200
rfc8970.xml,https://www.rfc-editor.org/info/rfc3629,200
rfc8970.xml,https://www.rfc-editor.org/info/rfc5234,200
rfc8970.xml,https://www.rfc-editor.org/info/rfc5255,200
rfc8970.xml,https://www.rfc-editor.org/info/rfc8174,200
rfc8970.xml,https://www.rfc-editor.org/info/rfc2045,200
rfc8970.xml,https://www.rfc-editor.org/info/rfc2854,200
rfc8970.xml,https://www.rfc-editor.org/info/rfc5182,200
rfc9013.xml,https://datatracker.ietf.org/doc/draft-ietf-ospf-encapsulation-cap-09,200
rfc9013.xml,https://dx.doi.org/10.17487/rfc9013,200
rfc9013.xml,https://www.rfc-editor.org/info/rfc9013,200
rfc9013.xml,https://trustee.ietf.org/license-info,200
rfc9013.xml,https://www.rfc-editor.org/info/rfc2119,200
rfc9013.xml,https://www.rfc-editor.org/info/rfc5640,200
rfc9013.xml,https://www.rfc-editor.org/info/rfc7770,200
rfc9013.xml,https://www.rfc-editor.org/info/rfc8126,200
rfc9013.xml,https://www.rfc-editor.org/info/rfc8174,200
rfc9013.xml,https://www.rfc-editor.org/info/rfc9012,200
rfc9013.xml,https://www.rfc-editor.org/info/rfc2328,200
rfc9013.xml,https://www.rfc-editor.org/info/rfc5340,200
rfc9013.xml,https://www.rfc-editor.org/info/rfc5512,200
rfc9013.xml,https://www.rfc-editor.org/info/rfc5565,200
rfc9013.xml,https://www.rfc-editor.org/info/rfc7490,200
rfc8692.xml,https://datatracker.ietf.org/doc/draft-ietf-lamps-pkix-shake-15,200
rfc8692.xml,https://dx.doi.org/10.17487/rfc8692,200
rfc8692.xml,https://www.rfc-editor.org/info/rfc8692,200
rfc8692.xml,https://trustee.ietf.org/license-info,200
rfc8692.xml,https://www.rfc-editor.org/info/rfc2119,200
rfc8692.xml,https://www.rfc-editor.org/info/rfc3279,200
rfc8692.xml,https://www.rfc-editor.org/info/rfc4055,200
rfc8692.xml,https://www.rfc-editor.org/info/rfc5280,200
rfc8692.xml,https://www.rfc-editor.org/info/rfc5480,200
rfc8692.xml,https://www.rfc-editor.org/info/rfc8017,200
rfc8692.xml,https://www.rfc-editor.org/info/rfc8174,200
rfc8692.xml,https://doi.org/10.6028/NIST.FIPS.202,200
rfc8692.xml,https://www.iana.org/assignments/hash-function-text-names/,200
rfc8692.xml,https://www.rfc-editor.org/info/rfc5912,200
rfc8692.xml,https://www.rfc-editor.org/info/rfc6979,200
rfc8692.xml,http://www.secg.org/sec1-v2.pdf,200
rfc8692.xml,https://www.iana.org/assignments/smi-numbers,200
rfc8692.xml,http://dx.doi.org/10.6028/NIST.SP.800-107r1,200
rfc8692.xml,http://dx.doi.org/10.6028/NIST.SP.800-78-4,200
rfc9515.xml,https://datatracker.ietf.org/doc/draft-ietf-grow-bmp-registries-change-04,200
rfc9515.xml,https://dx.doi.org/10.17487/rfc9515,200
rfc9515.xml,https://www.rfc-editor.org/info/rfc9515,200
rfc9515.xml,https://trustee.ietf.org/license-info,200
rfc9515.xml,https://www.rfc-editor.org/info/rfc7854,200
rfc9515.xml,https://www.rfc-editor.org/info/rfc8126,200
rfc9346.xml,https://datatracker.ietf.org/doc/draft-ietf-lsr-isis-rfc5316bis-07,200
rfc9346.xml,https://dx.doi.org/10.17487/rfc9346,200
rfc9346.xml,https://www.rfc-editor.org/info/rfc9346,200
rfc9346.xml,https://trustee.ietf.org/license-info,200
rfc9346.xml,https://www.rfc-editor.org/info/rfc1195,200
rfc9346.xml,https://www.rfc-editor.org/info/rfc1195,200
rfc9346.xml,https://www.rfc-editor.org/info/rfc2119,200
rfc9346.xml,https://www.rfc-editor.org/info/rfc2119,200
rfc9346.xml,https://www.rfc-editor.org/info/rfc4271,200
rfc9346.xml,https://www.rfc-editor.org/info/rfc4271,200
rfc9346.xml,https://www.rfc-editor.org/info/rfc5305,200
rfc9346.xml,https://www.rfc-editor.org/info/rfc5305,200
rfc9346.xml,https://www.rfc-editor.org/info/rfc5308,200
rfc9346.xml,https://www.rfc-editor.org/info/rfc5308,200
rfc9346.xml,https://www.rfc-editor.org/info/rfc5925,200
rfc9346.xml,https://www.rfc-editor.org/info/rfc5925,200
rfc9346.xml,https://www.rfc-editor.org/info/rfc6119,200
rfc9346.xml,https://www.rfc-editor.org/info/rfc6119,200
rfc9346.xml,https://www.rfc-editor.org/info/rfc7981,200
rfc9346.xml,https://www.rfc-editor.org/info/rfc7981,200
rfc9346.xml,https://www.rfc-editor.org/info/rfc8174,200
rfc9346.xml,https://www.rfc-editor.org/info/rfc8174,200
rfc9346.xml,https://www.rfc-editor.org/info/rfc3209,200
rfc9346.xml,https://www.rfc-editor.org/info/rfc3209,200
rfc9346.xml,https://www.rfc-editor.org/info/rfc4216,200
rfc9346.xml,https://www.rfc-editor.org/info/rfc4216,200
rfc9346.xml,https://www.rfc-editor.org/info/rfc4655,200
rfc9346.xml,https://www.rfc-editor.org/info/rfc4655,200
rfc9346.xml,https://www.rfc-editor.org/info/rfc5152,200
rfc9346.xml,https://www.rfc-editor.org/info/rfc5152,200
rfc9346.xml,https://www.rfc-editor.org/info/rfc5304,200
rfc9346.xml,https://www.rfc-editor.org/info/rfc5304,200
rfc9346.xml,https://www.rfc-editor.org/info/rfc5307,200
rfc9346.xml,https://www.rfc-editor.org/info/rfc5307,200
rfc9346.xml,https://www.rfc-editor.org/info/rfc5310,200
rfc9346.xml,https://www.rfc-editor.org/info/rfc5310,200
rfc9346.xml,https://www.rfc-editor.org/info/rfc5316,200
rfc9346.xml,https://www.rfc-editor.org/info/rfc5316,200
rfc9346.xml,https://www.rfc-editor.org/info/rfc5441,200
rfc9346.xml,https://www.rfc-editor.org/info/rfc5441,200
rfc9346.xml,https://www.rfc-editor.org/info/rfc6823,200
rfc9346.xml,https://www.rfc-editor.org/info/rfc6823,200
rfc9143.xml,https://datatracker.ietf.org/doc/draft-ietf-mmusic-rfc8843bis-05,200
rfc9143.xml,https://dx.doi.org/10.17487/rfc9143,200
rfc9143.xml,https://www.rfc-editor.org/info/rfc9143,200
rfc9143.xml,https://trustee.ietf.org/license-info,200
rfc9143.xml,https://www.rfc-editor.org/info/rfc2119,200
rfc9143.xml,https://www.rfc-editor.org/info/rfc3264,200
rfc9143.xml,https://www.rfc-editor.org/info/rfc3550,200
rfc9143.xml,https://www.rfc-editor.org/info/rfc3605,200
rfc9143.xml,https://www.rfc-editor.org/info/rfc3629,200
rfc9143.xml,https://www.rfc-editor.org/info/rfc3711,200
rfc9143.xml,https://www.rfc-editor.org/info/rfc4566,200
rfc9143.xml,https://www.rfc-editor.org/info/rfc4961,200
rfc9143.xml,https://www.rfc-editor.org/info/rfc5761,200
rfc9143.xml,https://www.rfc-editor.org/info/rfc5764,200
rfc9143.xml,https://www.rfc-editor.org/info/rfc5888,200
rfc9143.xml,https://www.rfc-editor.org/info/rfc6347,200
rfc9143.xml,https://www.rfc-editor.org/info/rfc7941,200
rfc9143.xml,https://www.rfc-editor.org/info/rfc8174,200
rfc9143.xml,https://www.rfc-editor.org/info/rfc8285,200
rfc9143.xml,https://www.rfc-editor.org/info/rfc8445,200
rfc9143.xml,https://www.rfc-editor.org/info/rfc8839,200
rfc9143.xml,https://www.rfc-editor.org/info/rfc8840,200
rfc9143.xml,https://www.rfc-editor.org/info/rfc8858,200
rfc9143.xml,https://www.rfc-editor.org/info/rfc8859,200
rfc9143.xml,https://www.rfc-editor.org/errata/eid6431,200
rfc9143.xml,https://www.rfc-editor.org/errata/eid6437,200
rfc9143.xml,https://datatracker.ietf.org/doc/html/draft-ietf-avtext-lrr-07,200
rfc9143.xml,https://www.ietf.org/archive/id/draft-ietf-avtext-lrr-07.txt,200
rfc9143.xml,https://www.rfc-editor.org/info/rfc2543,200
rfc9143.xml,https://www.rfc-editor.org/info/rfc3261,200
rfc9143.xml,https://www.rfc-editor.org/info/rfc3611,200
rfc9143.xml,https://www.rfc-editor.org/info/rfc4585,200
rfc9143.xml,https://www.rfc-editor.org/info/rfc5104,200
rfc9143.xml,https://www.rfc-editor.org/info/rfc5576,200
rfc9143.xml,https://www.rfc-editor.org/info/rfc7160,200
rfc9143.xml,https://www.rfc-editor.org/info/rfc7201,200
rfc9143.xml,https://www.rfc-editor.org/info/rfc7656,200
rfc9143.xml,https://www.rfc-editor.org/info/rfc7657,200
rfc9143.xml,https://www.rfc-editor.org/info/rfc8829,200
rfc9143.xml,https://www.rfc-editor.org/info/rfc8838,200
rfc9143.xml,https://www.rfc-editor.org/info/rfc8843,200
rfc8718.xml,https://datatracker.ietf.org/doc/draft-ietf-mtgvenue-iaoc-venue-selection-process-16,200
rfc8718.xml,https://dx.doi.org/10.17487/rfc8718,200
rfc8718.xml,https://www.rfc-editor.org/info/rfc8718,200
rfc8718.xml,https://trustee.ietf.org/license-info,200
rfc8718.xml,https://www.rfc-editor.org/info/rfc2119,200
rfc8718.xml,https://www.rfc-editor.org/info/rfc8174,200
rfc8718.xml,https://www.rfc-editor.org/info/rfc8719,200
rfc8718.xml,https://www.rfc-editor.org/info/rfc3935,200
rfc8718.xml,https://www.rfc-editor.org/info/rfc6771,200
rfc8718.xml,https://www.rfc-editor.org/info/rfc8711,200
rfc9040.xml,https://datatracker.ietf.org/doc/draft-ietf-tcpm-2140bis-11,200
rfc9040.xml,https://dx.doi.org/10.17487/rfc9040,200
rfc9040.xml,https://www.rfc-editor.org/info/rfc9040,200
rfc9040.xml,https://trustee.ietf.org/license-info,200
rfc9040.xml,https://www.rfc-editor.org/info/rfc793,200
rfc9040.xml,https://www.rfc-editor.org/info/rfc1122,200
rfc9040.xml,https://www.rfc-editor.org/info/rfc1191,200
rfc9040.xml,https://www.rfc-editor.org/info/rfc2119,200
rfc9040.xml,https://www.rfc-editor.org/info/rfc4821,200
rfc9040.xml,https://www.rfc-editor.org/info/rfc5681,200
rfc9040.xml,https://www.rfc-editor.org/info/rfc6298,200
rfc9040.xml,https://www.rfc-editor.org/info/rfc7413,200
rfc9040.xml,https://www.rfc-editor.org/info/rfc8174,200
rfc9040.xml,https://www.rfc-editor.org/info/rfc8201,200
rfc9040.xml,https://datatracker.ietf.org/doc/html/draft-allman-tcpm-bump-initcwnd-00,200
rfc9040.xml,https://www.ietf.org/archive/id/draft-allman-tcpm-bump-initcwnd-00.txt,200
rfc9040.xml,https://doi.org/10.1109/ICC.2016.7510786,Connection error: HTTP Error 418: Unknown Code
rfc9040.xml,https://datatracker.ietf.org/doc/html/draft-ietf-tcpm-generalized-ecn-07,200
rfc9040.xml,https://www.ietf.org/archive/id/draft-ietf-tcpm-generalized-ecn-07.txt,200
rfc9040.xml,https://doi.org/10.1145/179606.179671,Connection error: HTTP Error 403: Forbidden
rfc9040.xml,https://doi.org/10.1109/MCOM.2002.1039865,Connection error: HTTP Error 418: Unknown Code
rfc9040.xml,https://www.freebsd.org/,200
rfc9040.xml,https://datatracker.ietf.org/doc/html/draft-hughes-restart-00,200
rfc9040.xml,https://doi.org/10.1109/ICC.2012.6364516,Connection error: HTTP Error 418: Unknown Code
rfc9040.xml,https://www.iana.org/assignments/tcp-parameters,200
rfc9040.xml,https://doi.org/10.1109/INFCOMW.2018.8406887,Connection error: HTTP Error 418: Unknown Code
rfc9040.xml,https://www.rfc-editor.org/info/rfc1379,200
rfc9040.xml,https://www.rfc-editor.org/info/rfc1644,200
rfc9040.xml,https://www.rfc-editor.org/info/rfc2001,200
rfc9040.xml,https://www.rfc-editor.org/info/rfc2140,200
rfc9040.xml,https://www.rfc-editor.org/info/rfc2414,200
rfc9040.xml,https://www.rfc-editor.org/info/rfc2663,200
rfc9040.xml,https://www.rfc-editor.org/info/rfc3124,200
rfc9040.xml,https://www.rfc-editor.org/info/rfc3390,200
rfc9040.xml,https://www.rfc-editor.org/info/rfc4340,200
rfc9040.xml,https://www.rfc-editor.org/info/rfc4960,200
rfc9040.xml,https://www.rfc-editor.org/info/rfc5925,200
rfc9040.xml,https://www.rfc-editor.org/info/rfc6437,200
rfc9040.xml,https://www.rfc-editor.org/info/rfc6691,200
rfc9040.xml,https://www.rfc-editor.org/info/rfc6928,200
rfc9040.xml,https://www.rfc-editor.org/info/rfc7231,200
rfc9040.xml,https://www.rfc-editor.org/info/rfc7323,200
rfc9040.xml,https://www.rfc-editor.org/info/rfc7424,200
rfc9040.xml,https://www.rfc-editor.org/info/rfc7540,200
rfc9040.xml,https://www.rfc-editor.org/info/rfc7661,200
rfc9040.xml,https://www.rfc-editor.org/info/rfc8684,200
rfc9126.xml,https://datatracker.ietf.org/doc/draft-ietf-oauth-par-10,200
rfc9126.xml,https://dx.doi.org/10.17487/rfc9126,200
rfc9126.xml,https://www.rfc-editor.org/info/rfc9126,200
rfc9126.xml,https://trustee.ietf.org/license-info,200
rfc9126.xml,https://www.rfc-editor.org/info/rfc2119,200
rfc9126.xml,https://www.rfc-editor.org/info/rfc6749,200
rfc9126.xml,https://www.rfc-editor.org/info/rfc8174,200
rfc9126.xml,https://www.rfc-editor.org/info/rfc8259,200
rfc9126.xml,https://www.rfc-editor.org/info/rfc8414,200
rfc9126.xml,https://www.rfc-editor.org/info/rfc9101,200
rfc9126.xml,http://www.iana.org/assignments/oauth-parameters,200
rfc9126.xml,https://datatracker.ietf.org/doc/html/draft-ietf-oauth-security-topics-18,200
rfc9126.xml,https://www.ietf.org/archive/id/draft-ietf-oauth-security-topics-18.txt,200
rfc9126.xml,https://datatracker.ietf.org/doc/html/draft-ietf-oauth-v2-1-03,200
rfc9126.xml,https://www.ietf.org/internet-drafts/draft-ietf-oauth-v2-1-03.txt,Connection error: HTTP Error 404: Not Found
rfc9126.xml,http://openid.net/specs/openid-connect-core-1_0.html,200
rfc9126.xml,http://openid.net/specs/openid-connect-discovery-1_0.html,200
rfc9126.xml,https://www.rfc-editor.org/info/rfc6755,200
rfc9126.xml,https://www.rfc-editor.org/info/rfc7517,200
rfc9126.xml,https://www.rfc-editor.org/info/rfc7519,200
rfc9126.xml,https://www.rfc-editor.org/info/rfc7523,200
rfc9126.xml,https://www.rfc-editor.org/info/rfc7591,200
rfc9126.xml,https://www.rfc-editor.org/info/rfc7636,200
rfc9126.xml,https://www.rfc-editor.org/info/rfc8252,200
rfc9126.xml,https://www.rfc-editor.org/info/rfc8705,200
rfc9126.xml,https://www.rfc-editor.org/info/rfc8707,200
rfc9126.xml,https://bitbucket.org/openid/fapi/src/master/Financial_API_Pushed_Request_Object.md,200
rfc8772.xml,https://datatracker.ietf.org/doc/draft-chz-simple-cu-separation-bng-protocol-06,200
rfc8772.xml,https://dx.doi.org/10.17487/rfc8772,200
rfc8772.xml,https://www.rfc-editor.org/info/rfc8772,200
rfc8772.xml,https://trustee.ietf.org/license-info,200
rfc8772.xml,https://www.rfc-editor.org/info/rfc20,200
rfc8772.xml,https://www.rfc-editor.org/info/rfc793,200
rfc8772.xml,https://www.rfc-editor.org/info/rfc2119,200
rfc8772.xml,https://www.rfc-editor.org/info/rfc2661,200
rfc8772.xml,https://www.rfc-editor.org/info/rfc2865,200
rfc8772.xml,https://www.rfc-editor.org/info/rfc6241,200
rfc8772.xml,https://www.rfc-editor.org/info/rfc8174,200
rfc8772.xml,https://doi.org/10.1109/IEEESTD.2018.8403927,Connection error: HTTP Error 418: Unknown Code
rfc8772.xml,https://www.rfc-editor.org/info/rfc1661,200
rfc8772.xml,https://www.rfc-editor.org/info/rfc2131,200
rfc8772.xml,https://www.rfc-editor.org/info/rfc2516,200
rfc8772.xml,https://www.rfc-editor.org/info/rfc2698,200
rfc8772.xml,https://www.rfc-editor.org/info/rfc3022,200
rfc8772.xml,https://www.rfc-editor.org/info/rfc3336,200
rfc8772.xml,https://www.rfc-editor.org/info/rfc5511,200
rfc8772.xml,https://www.rfc-editor.org/info/rfc7042,200
rfc8772.xml,https://www.rfc-editor.org/info/rfc7348,200
rfc8772.xml,https://www.rfc-editor.org/info/rfc8446,200
rfc9154.xml,https://datatracker.ietf.org/doc/draft-ietf-regext-secure-authinfo-transfer-07,200
rfc9154.xml,https://dx.doi.org/10.17487/rfc9154,200
rfc9154.xml,https://www.rfc-editor.org/info/rfc9154,200
rfc9154.xml,https://trustee.ietf.org/license-info,200
rfc9154.xml,https://www.rfc-editor.org/info/rfc2119,200
rfc9154.xml,https://www.rfc-editor.org/info/rfc3688,200
rfc9154.xml,https://www.rfc-editor.org/info/rfc4086,200
rfc9154.xml,https://www.rfc-editor.org/info/rfc5730,200
rfc9154.xml,https://www.rfc-editor.org/info/rfc5731,200
rfc9154.xml,https://www.rfc-editor.org/info/rfc5733,200
rfc9154.xml,https://www.rfc-editor.org/info/rfc5734,200
rfc9154.xml,https://www.rfc-editor.org/info/rfc8174,200
rfc9154.xml,https://www.rfc-editor.org/info/rfc8499,200
rfc9154.xml,https://www.w3.org/TR/2008/REC-xml-20081126,200
rfc9154.xml,https://csrc.nist.gov/publications/detail/fips/140/2/final,200
rfc9154.xml,https://csrc.nist.gov/publications/detail/fips/180/4/final,200
rfc9154.xml,https://www.rfc-editor.org/info/rfc7451,200
rfc9616.xml,https://datatracker.ietf.org/doc/draft-ietf-babel-rtt-extension-07,200
rfc9616.xml,https://dx.doi.org/10.17487/rfc9616,200
rfc9616.xml,https://www.rfc-editor.org/info/rfc9616,200
rfc9616.xml,https://trustee.ietf.org/license-info,200
rfc9616.xml,https://www.rfc-editor.org/info/rfc2119,200
rfc9616.xml,https://www.rfc-editor.org/info/rfc8174,200
rfc9616.xml,https://www.rfc-editor.org/info/rfc8966,200
rfc9616.xml,http://arxiv.org/abs/1403.3488,200
rfc9616.xml,https://www.rfc-editor.org/info/rfc891,200
rfc9616.xml,https://www.rfc-editor.org/info/rfc5905,200
rfc9195.xml,https://datatracker.ietf.org/doc/draft-ietf-netmod-yang-instance-file-format-21,200
rfc9195.xml,https://dx.doi.org/10.17487/rfc9195,200
rfc9195.xml,https://www.rfc-editor.org/info/rfc9195,200
rfc9195.xml,https://trustee.ietf.org/license-info,200
rfc9195.xml,https://www.rfc-editor.org/info/rfc2119,200
rfc9195.xml,https://www.rfc-editor.org/info/rfc5234,200
rfc9195.xml,https://www.rfc-editor.org/info/rfc6020,200
rfc9195.xml,https://www.rfc-editor.org/info/rfc6243,200
rfc9195.xml,https://www.rfc-editor.org/info/rfc6991,200
rfc9195.xml,https://www.rfc-editor.org/info/rfc7950,200
rfc9195.xml,https://www.rfc-editor.org/info/rfc7951,200
rfc9195.xml,https://www.rfc-editor.org/info/rfc7952,200
rfc9195.xml,https://www.rfc-editor.org/info/rfc8174,200
rfc9195.xml,https://www.rfc-editor.org/info/rfc8342,200
rfc9195.xml,https://www.rfc-editor.org/info/rfc8525,200
rfc9195.xml,https://www.rfc-editor.org/info/rfc8526,200
rfc9195.xml,https://www.rfc-editor.org/info/rfc8527,200
rfc9195.xml,https://www.rfc-editor.org/info/rfc8791,200
rfc9195.xml,https://www.rfc-editor.org/info/rfc3688,200
rfc9195.xml,https://www.rfc-editor.org/info/rfc8340,200
rfc9195.xml,https://www.rfc-editor.org/info/rfc8407,200
rfc9195.xml,https://www.rfc-editor.org/info/rfc8632,200
rfc9195.xml,https://www.rfc-editor.org/info/rfc8641,200
rfc9195.xml,https://www.rfc-editor.org/info/rfc8792,200
rfc9195.xml,https://www.rfc-editor.org/info/rfc8808,200
rfc9052.xml,https://datatracker.ietf.org/doc/draft-ietf-cose-rfc8152bis-struct-15,200
rfc9052.xml,https://dx.doi.org/10.17487/rfc9052,200
rfc9052.xml,https://www.rfc-editor.org/info/rfc9052,200
rfc9052.xml,https://trustee.ietf.org/license-info,200
rfc9052.xml,https://www.rfc-editor.org/info/rfc2119,200
rfc9052.xml,https://www.rfc-editor.org/info/rfc8174,200
rfc9052.xml,https://www.rfc-editor.org/info/rfc9053,200
rfc9052.xml,https://www.rfc-editor.org/info/std94,200
rfc9052.xml,https://www.rfc-editor.org/info/bcp201,200
rfc9052.xml,https://www.iana.org/assignments/core-parameters/,200
rfc9052.xml,https://datatracker.ietf.org/doc/html/draft-ietf-core-groupcomm-bis-07,200
rfc9052.xml,https://www.ietf.org/archive/id/draft-ietf-core-groupcomm-bis-07.txt,200
rfc9052.xml,https://datatracker.ietf.org/doc/html/draft-ietf-cose-countersign-08,200
rfc9052.xml,https://www.ietf.org/archive/id/draft-ietf-cose-countersign-08.txt,200
rfc9052.xml,https://www.iana.org/assignments/cose/,200
rfc9052.xml,https://www.iana.org/assignments/cose/,200
rfc9052.xml,https://www.iana.org/assignments/cose/,200
rfc9052.xml,https://nvlpubs.nist.gov/nistpubs/FIPS/NIST.FIPS.186-4.pdf,200
rfc9052.xml,https://github.com/cose-wg/Examples,200
rfc9052.xml,https://www.certicom.com/content/dam/certicom/images/pdfs/CerticomWP-PVSigSec_login.pdf,200
rfc9052.xml,https://www.rfc-editor.org/info/rfc2633,200
rfc9052.xml,https://www.rfc-editor.org/info/rfc3394,200
rfc9052.xml,https://www.rfc-editor.org/info/rfc3851,200
rfc9052.xml,https://www.rfc-editor.org/info/rfc4262,200
rfc9052.xml,https://www.rfc-editor.org/info/rfc4949,200
rfc9052.xml,https://www.rfc-editor.org/info/rfc5116,200
rfc9052.xml,https://www.rfc-editor.org/info/rfc5652,200
rfc9052.xml,https://www.rfc-editor.org/info/rfc5751,200
rfc9052.xml,https://www.rfc-editor.org/info/rfc5752,200
rfc9052.xml,https://www.rfc-editor.org/info/rfc5990,200
rfc9052.xml,https://www.rfc-editor.org/info/rfc6838,200
rfc9052.xml,https://www.rfc-editor.org/info/rfc7252,200
rfc9052.xml,https://www.rfc-editor.org/info/rfc7515,200
rfc9052.xml,https://www.rfc-editor.org/info/rfc7516,200
rfc9052.xml,https://www.rfc-editor.org/info/rfc7517,200
rfc9052.xml,https://www.rfc-editor.org/info/rfc7518,200
rfc9052.xml,https://www.rfc-editor.org/info/rfc8032,200
rfc9052.xml,https://www.rfc-editor.org/info/rfc8126,200
rfc9052.xml,https://www.rfc-editor.org/info/rfc8152,200
rfc9052.xml,https://www.rfc-editor.org/info/rfc8230,200
rfc9052.xml,https://www.rfc-editor.org/info/rfc8551,200
rfc9052.xml,https://www.rfc-editor.org/info/rfc8610,200
rfc9052.xml,https://www.rfc-editor.org/info/rfc8613,200
rfc9052.xml,https://www.rfc-editor.org/info/rfc9054,200
rfc9052.xml,https://www.rfc-editor.org/info/rfc9106,200
rfc9052.xml,https://www.rfc-editor.org/info/std90,200
rfc9052.xml,https://www.w3.org/TR/WebCryptoAPI/,200
rfc8759.xml,https://datatracker.ietf.org/doc/draft-ietf-payload-rtp-ttml-06,200
rfc8759.xml,https://dx.doi.org/10.17487/rfc8759,200
rfc8759.xml,https://www.rfc-editor.org/info/rfc8759,200
rfc8759.xml,https://trustee.ietf.org/license-info,200
rfc8759.xml,https://www.iana.org/assignments/media-types,200
rfc8759.xml,https://www.rfc-editor.org/info/rfc2119,200
rfc8759.xml,https://www.rfc-editor.org/info/rfc3550,200
rfc8759.xml,https://www.rfc-editor.org/info/rfc4103,200
rfc8759.xml,https://www.rfc-editor.org/info/rfc4855,200
rfc8759.xml,https://www.rfc-editor.org/info/rfc7303,200
rfc8759.xml,https://www.rfc-editor.org/info/rfc8083,200
rfc8759.xml,https://www.rfc-editor.org/info/rfc8085,200
rfc8759.xml,https://www.rfc-editor.org/info/rfc8174,200
rfc8759.xml,https://tech.ebu.ch/publications/tech3370,Connection error: HTTP Error 403: Forbidden
rfc8759.xml,https://www.w3.org/TR/ttml-profile-registry/,200
rfc8759.xml,https://www.w3.org/TR/ttml2/,200
rfc8759.xml,https://www.rfc-editor.org/info/rfc2648,200
rfc8759.xml,https://www.rfc-editor.org/info/rfc3551,200
rfc8759.xml,https://www.rfc-editor.org/info/rfc3711,200
rfc8759.xml,https://www.rfc-editor.org/info/rfc4396,200
rfc8759.xml,https://www.rfc-editor.org/info/rfc4585,200
rfc8759.xml,https://www.rfc-editor.org/info/rfc4588,200
rfc8759.xml,https://www.rfc-editor.org/info/rfc4732,200
rfc8759.xml,https://www.rfc-editor.org/info/rfc4734,200
rfc8759.xml,https://www.rfc-editor.org/info/rfc5109,200
rfc8759.xml,https://www.rfc-editor.org/info/rfc5124,200
rfc8759.xml,https://www.rfc-editor.org/info/rfc7201,200
rfc8759.xml,https://www.rfc-editor.org/info/rfc7202,200
rfc8759.xml,https://ieeexplore.ieee.org/document/8716822,Connection error: HTTP Error 418: Unknown Code
rfc8759.xml,https://www.w3.org/TR/ttml-imsc1.1/,200
rfc9524.xml,https://datatracker.ietf.org/doc/draft-ietf-spring-sr-replication-segment-19,200
rfc9524.xml,https://dx.doi.org/10.17487/rfc9524,200
rfc9524.xml,https://www.rfc-editor.org/info/rfc9524,200
rfc9524.xml,https://trustee.ietf.org/license-info,200
rfc9524.xml,https://www.rfc-editor.org/info/rfc2119,200
rfc9524.xml,https://www.rfc-editor.org/info/rfc4443,200
rfc9524.xml,https://www.rfc-editor.org/info/rfc8174,200
rfc9524.xml,https://www.rfc-editor.org/info/rfc8402,200
rfc9524.xml,https://www.rfc-editor.org/info/rfc8754,200
rfc9524.xml,https://www.rfc-editor.org/info/rfc8986,200
rfc9524.xml,https://www.rfc-editor.org/info/rfc9259,200
rfc9524.xml,https://datatracker.ietf.org/doc/html/draft-ietf-pim-sr-p2mp-policy-07,200
rfc9524.xml,https://datatracker.ietf.org/doc/html/draft-filsfils-spring-srv6-net-pgm-illustration-04,200
rfc9524.xml,https://www.rfc-editor.org/info/rfc2827,200
rfc9524.xml,https://www.rfc-editor.org/info/rfc3704,200
rfc9524.xml,https://www.rfc-editor.org/info/rfc6513,200
rfc9524.xml,https://www.rfc-editor.org/info/rfc7432,200
rfc9524.xml,https://www.rfc-editor.org/info/rfc7988,200
rfc9524.xml,https://www.rfc-editor.org/info/rfc8660,200
rfc9524.xml,https://www.rfc-editor.org/info/rfc9256,200
rfc9524.xml,https://www.rfc-editor.org/info/rfc9350,200
rfc9524.xml,https://datatracker.ietf.org/doc/html/draft-ietf-6man-sids-06,200
rfc8992.xml,https://datatracker.ietf.org/doc/draft-ietf-anima-prefix-management-07,200
rfc8992.xml,https://dx.doi.org/10.17487/rfc8992,200
rfc8992.xml,https://www.rfc-editor.org/info/rfc8992,200
rfc8992.xml,https://trustee.ietf.org/license-info,200
rfc8992.xml,https://www.rfc-editor.org/info/rfc2119,200
rfc8992.xml,https://www.rfc-editor.org/info/rfc7950,200
rfc8992.xml,https://www.rfc-editor.org/info/rfc8174,200
rfc8992.xml,https://www.rfc-editor.org/info/rfc8259,200
rfc8992.xml,https://www.rfc-editor.org/info/rfc8415,200
rfc8992.xml,https://www.rfc-editor.org/info/rfc8610,200
rfc8992.xml,https://www.rfc-editor.org/info/rfc8990,200
rfc8992.xml,https://www.rfc-editor.org/info/rfc8994,200
rfc8992.xml,https://www.rfc-editor.org/info/rfc8995,200
rfc8992.xml,https://tools.ietf.org/html/draft-ietf-core-yang-cbor-15,200
rfc8992.xml,https://tools.ietf.org/html/draft-liu-dhc-dhcp-yang-model-07,200
rfc8992.xml,https://www.rfc-editor.org/info/rfc1918,200
rfc8992.xml,https://www.rfc-editor.org/info/rfc2865,200
rfc8992.xml,https://www.rfc-editor.org/info/rfc3046,200
rfc8992.xml,https://www.rfc-editor.org/info/rfc6221,200
rfc8992.xml,https://www.rfc-editor.org/info/rfc6346,200
rfc8992.xml,https://www.rfc-editor.org/info/rfc7575,200
rfc8992.xml,https://www.rfc-editor.org/info/rfc7576,200
rfc8992.xml,https://www.rfc-editor.org/info/rfc8650,200
rfc8992.xml,https://www.rfc-editor.org/info/rfc8949,200
rfc8992.xml,https://www.rfc-editor.org/info/rfc8993,200
rfc9389.xml,https://datatracker.ietf.org/doc/draft-ietf-elegy-rfc8989bis-05,200
rfc9389.xml,https://dx.doi.org/10.17487/rfc9389,200
rfc9389.xml,https://www.rfc-editor.org/info/rfc9389,200
rfc9389.xml,https://trustee.ietf.org/license-info,200
rfc9389.xml,https://www.rfc-editor.org/info/rfc8713,200
rfc9389.xml,https://www.rfc-editor.org/info/rfc8788,200
rfc9389.xml,https://www.rfc-editor.org/info/rfc8989,200
rfc9640.xml,https://datatracker.ietf.org/doc/draft-ietf-netconf-crypto-types-34,200
rfc9640.xml,https://dx.doi.org/10.17487/rfc9640,200
rfc9640.xml,https://www.rfc-editor.org/info/rfc9640,200
rfc9640.xml,https://trustee.ietf.org/license-info,200
rfc9640.xml,https://www.itu.int/rec/T-REC-X.680-202102-I,200
rfc9640.xml,https://www.itu.int/rec/T-REC-X.690-202102-I,200
rfc9640.xml,https://www.rfc-editor.org/info/rfc2119,200
rfc9640.xml,https://www.rfc-editor.org/info/rfc2986,200
rfc9640.xml,https://www.rfc-editor.org/info/rfc4252,200
rfc9640.xml,https://www.rfc-editor.org/info/rfc4253,200
rfc9640.xml,https://www.rfc-editor.org/info/rfc5280,200
rfc9640.xml,https://www.rfc-editor.org/info/rfc5652,200
rfc9640.xml,https://www.rfc-editor.org/info/rfc5915,200
rfc9640.xml,https://www.rfc-editor.org/info/rfc5958,200
rfc9640.xml,https://www.rfc-editor.org/info/rfc6031,200
rfc9640.xml,https://www.rfc-editor.org/info/rfc6241,200
rfc9640.xml,https://www.rfc-editor.org/info/rfc6960,200
rfc9640.xml,https://www.rfc-editor.org/info/rfc6991,200
rfc9640.xml,https://www.rfc-editor.org/info/rfc7093,200
rfc9640.xml,https://www.rfc-editor.org/info/rfc7950,200
rfc9640.xml,https://www.rfc-editor.org/info/rfc8017,200
rfc9640.xml,https://www.rfc-editor.org/info/rfc8040,200
rfc9640.xml,https://www.rfc-editor.org/info/rfc8174,200
rfc9640.xml,https://www.rfc-editor.org/info/rfc8341,200
rfc9640.xml,https://www.rfc-editor.org/info/rfc8446,200
rfc9640.xml,https://www.rfc-editor.org/info/rfc9000,200
rfc9640.xml,https://datatracker.ietf.org/doc/html/draft-ietf-netconf-http-client-server-23,200
rfc9640.xml,https://datatracker.ietf.org/doc/html/draft-ietf-netconf-netconf-client-server-37,200
rfc9640.xml,https://datatracker.ietf.org/doc/html/draft-ietf-netconf-restconf-client-server-38,200
rfc9640.xml,https://www.rfc-editor.org/info/rfc3688,200
rfc9640.xml,https://www.rfc-editor.org/info/rfc4211,200
rfc9640.xml,https://www.rfc-editor.org/info/rfc5056,200
rfc9640.xml,https://www.rfc-editor.org/info/rfc6020,200
rfc9640.xml,https://www.rfc-editor.org/info/rfc7317,200
rfc9640.xml,https://www.rfc-editor.org/info/rfc8259,200
rfc9640.xml,https://www.rfc-editor.org/info/rfc8340,200
rfc9640.xml,https://www.rfc-editor.org/info/rfc8342,200
rfc9640.xml,https://www.rfc-editor.org/info/rfc8407,200
rfc9640.xml,https://www.rfc-editor.org/info/rfc8792,200
rfc9640.xml,https://www.rfc-editor.org/info/rfc9641,200
rfc9640.xml,https://www.rfc-editor.org/info/rfc9642,200
rfc9640.xml,https://www.rfc-editor.org/info/rfc9643,200
rfc9640.xml,https://www.rfc-editor.org/info/rfc9644,200
rfc9640.xml,https://www.rfc-editor.org/info/rfc9645,200
rfc9640.xml,https://www.w3.org/TR/2008/REC-xml-20081126/,200
rfc9097.xml,https://datatracker.ietf.org/doc/draft-ietf-ippm-capacity-metric-method-12,200
rfc9097.xml,https://dx.doi.org/10.17487/rfc9097,200
rfc9097.xml,https://www.rfc-editor.org/info/rfc9097,200
rfc9097.xml,https://trustee.ietf.org/license-info,200
rfc9097.xml,https://www.rfc-editor.org/info/rfc2119,200
rfc9097.xml,https://www.rfc-editor.org/info/rfc2330,200
rfc9097.xml,https://www.rfc-editor.org/info/rfc2681,200
rfc9097.xml,https://www.rfc-editor.org/info/rfc4656,200
rfc9097.xml,https://www.rfc-editor.org/info/rfc4737,200
rfc9097.xml,https://www.rfc-editor.org/info/rfc5357,200
rfc9097.xml,https://www.rfc-editor.org/info/rfc6438,200
rfc9097.xml,https://www.rfc-editor.org/info/rfc7497,200
rfc9097.xml,https://www.rfc-editor.org/info/rfc7680,200
rfc9097.xml,https://www.rfc-editor.org/info/rfc8174,200
rfc9097.xml,https://www.rfc-editor.org/info/rfc8468,200
rfc9097.xml,https://irtf.org/anrw/2017/anrw17-final5.pdf,Connection error: HTTP Error 403: Forbidden
rfc9097.xml,https://datatracker.ietf.org/liaison/1632/,200
rfc9097.xml,https://datatracker.ietf.org/liaison/1645/,200
rfc9097.xml,https://www.rfc-editor.org/info/rfc2544,200
rfc9097.xml,https://www.rfc-editor.org/info/rfc3148,200
rfc9097.xml,https://www.rfc-editor.org/info/rfc5136,200
rfc9097.xml,https://www.rfc-editor.org/info/rfc6815,200
rfc9097.xml,https://www.rfc-editor.org/info/rfc7312,200
rfc9097.xml,https://www.rfc-editor.org/info/rfc7594,200
rfc9097.xml,https://www.rfc-editor.org/info/rfc7799,200
rfc9097.xml,https://www.rfc-editor.org/info/rfc8085,200
rfc9097.xml,https://www.rfc-editor.org/info/rfc8337,200
rfc9097.xml,https://www.broadband-forum.org/technical/download/TR-471.pdf,200
rfc9097.xml,https://www.itu.int/rec/T-REC-Y.1540-201912-I/en,200
rfc9097.xml,https://www.itu.int/rec/T-REC-Y.Sup60/en,200
rfc9713.xml,https://datatracker.ietf.org/doc/draft-ietf-dtn-bpv7-admin-iana-04,200
rfc9713.xml,https://dx.doi.org/10.17487/rfc9713,200
rfc9713.xml,https://www.rfc-editor.org/info/rfc9713,200
rfc9713.xml,https://trustee.ietf.org/license-info,200
rfc9713.xml,https://www.iana.org/assignments/bundle/,200
rfc9713.xml,https://www.rfc-editor.org/info/rfc2119,200
rfc9713.xml,https://www.rfc-editor.org/info/rfc8174,200
rfc9713.xml,https://www.rfc-editor.org/info/rfc9171,200
rfc9713.xml,https://public.ccsds.org/Pubs/734x2b1.pdf,200
rfc9713.xml,https://www.rfc-editor.org/info/rfc5050,200
rfc9713.xml,https://www.rfc-editor.org/info/rfc7116,200
rfc9713.xml,https://www.rfc-editor.org/info/rfc8126,200
rfc8864.xml,https://datatracker.ietf.org/doc/draft-ietf-mmusic-data-channel-sdpneg-28,200
rfc8864.xml,https://dx.doi.org/10.17487/rfc8864,200
rfc8864.xml,https://www.rfc-editor.org/info/rfc8864,200
rfc8864.xml,https://trustee.ietf.org/license-info,200
rfc8864.xml,https://www.rfc-editor.org/info/rfc2119,200
rfc8864.xml,https://www.rfc-editor.org/info/rfc3264,200
rfc8864.xml,https://www.rfc-editor.org/info/rfc3629,200
rfc8864.xml,https://www.rfc-editor.org/info/rfc4960,200
rfc8864.xml,https://www.rfc-editor.org/info/rfc5234,200
rfc8864.xml,https://www.rfc-editor.org/info/rfc6525,200
rfc8864.xml,https://www.rfc-editor.org/info/rfc8174,200
rfc8864.xml,https://www.rfc-editor.org/info/rfc8831,200
rfc8864.xml,https://www.rfc-editor.org/info/rfc8832,200
rfc8864.xml,https://www.rfc-editor.org/info/rfc8841,200
rfc8864.xml,https://www.rfc-editor.org/info/rfc8859,200
rfc8864.xml,https://www.rfc-editor.org/info/rfc8866,200
rfc8864.xml,https://www.rfc-editor.org/info/rfc4975,200
rfc8864.xml,https://www.rfc-editor.org/info/rfc6455,200
rfc8864.xml,https://www.rfc-editor.org/info/rfc8850,200
rfc8864.xml,https://www.rfc-editor.org/info/rfc8855,200
rfc8864.xml,https://www.rfc-editor.org/info/rfc8873,200
rfc8864.xml,https://www.itu.int/rec/T-REC-T.38-201511-I/en,200
rfc8864.xml,https://www.w3.org/TR/webrtc/,200
rfc8993.xml,https://datatracker.ietf.org/doc/draft-ietf-anima-reference-model-10,200
rfc8993.xml,https://dx.doi.org/10.17487/rfc8993,200
rfc8993.xml,https://www.rfc-editor.org/info/rfc8993,200
rfc8993.xml,https://trustee.ietf.org/license-info,200
rfc8993.xml,https://1.ieee802.org/security/802-1ar,Connection error: HTTP Error 403: Forbidden
rfc8993.xml,https://www.rfc-editor.org/info/rfc8990,200
rfc8993.xml,https://www.rfc-editor.org/info/rfc8994,200
rfc8993.xml,https://www.rfc-editor.org/info/rfc8995,200
rfc8993.xml,https://tools.ietf.org/html/draft-du-anima-an-intent-05,200
rfc8993.xml,https://www.ietf.org/archive/id/draft-du-anima-an-intent-05.txt,200
rfc8993.xml,https://tools.ietf.org/html/draft-ietf-anima-asa-guidelines-00,200
rfc8993.xml,https://www.ietf.org/archive/id/draft-ietf-anima-asa-guidelines-00.txt,200
rfc8993.xml,https://tools.ietf.org/html/draft-ietf-anima-grasp-distribution-02,200
rfc8993.xml,https://www.rfc-editor.org/info/rfc7575,200
rfc8993.xml,https://www.rfc-editor.org/info/rfc7576,200
rfc8993.xml,https://www.rfc-editor.org/info/rfc8368,200
rfc8993.xml,https://www.rfc-editor.org/info/rfc8991,200
rfc8993.xml,https://www.rfc-editor.org/info/rfc8992,200
rfc8993.xml,https://tools.ietf.org/html/draft-ietf-supa-generic-policy-data-model-04,200
rfc8993.xml,https://www.ietf.org/archive/id/draft-ietf-supa-generic-policy-data-model-04.txt,200
rfc8861.xml,https://datatracker.ietf.org/doc/draft-ietf-avtcore-rtp-multi-stream-optimisation-12,200
rfc8861.xml,https://dx.doi.org/10.17487/rfc8861,200
rfc8861.xml,https://www.rfc-editor.org/info/rfc8861,200
rfc8861.xml,https://trustee.ietf.org/license-info,200
rfc8861.xml,https://www.rfc-editor.org/info/rfc2119,200
rfc8861.xml,https://www.rfc-editor.org/info/rfc3264,200
rfc8861.xml,https://www.rfc-editor.org/info/rfc3550,200
rfc8861.xml,https://www.rfc-editor.org/info/rfc4566,200
rfc8861.xml,https://www.rfc-editor.org/info/rfc7022,200
rfc8861.xml,https://www.rfc-editor.org/info/rfc8108,200
rfc8861.xml,https://www.rfc-editor.org/info/rfc8174,200
rfc8861.xml,https://www.rfc-editor.org/info/rfc8859,200
rfc8861.xml,https://www.rfc-editor.org/info/rfc2974,200
rfc8861.xml,https://www.rfc-editor.org/info/rfc3611,200
rfc8861.xml,https://www.rfc-editor.org/info/rfc3711,200
rfc8861.xml,https://www.rfc-editor.org/info/rfc4585,200
rfc8861.xml,https://www.rfc-editor.org/info/rfc4588,200
rfc8861.xml,https://www.rfc-editor.org/info/rfc5104,200
rfc8861.xml,https://www.rfc-editor.org/info/rfc5506,200
rfc8861.xml,https://www.rfc-editor.org/info/rfc6190,200
rfc8861.xml,https://www.rfc-editor.org/info/rfc7201,200
rfc8861.xml,https://www.rfc-editor.org/info/rfc7826,200
rfc9086.xml,https://datatracker.ietf.org/doc/draft-ietf-idr-bgpls-segment-routing-epe-19,200
rfc9086.xml,https://dx.doi.org/10.17487/rfc9086,200
rfc9086.xml,https://www.rfc-editor.org/info/rfc9086,200
rfc9086.xml,https://trustee.ietf.org/license-info,200
rfc9086.xml,https://www.rfc-editor.org/info/rfc2119,200
rfc9086.xml,https://www.rfc-editor.org/info/rfc5065,200
rfc9086.xml,https://www.rfc-editor.org/info/rfc6286,200
rfc9086.xml,https://www.rfc-editor.org/info/rfc7752,200
rfc9086.xml,https://www.rfc-editor.org/info/rfc8174,200
rfc9086.xml,https://www.rfc-editor.org/info/rfc8402,200
rfc9086.xml,https://www.rfc-editor.org/info/rfc9085,200
rfc9086.xml,https://datatracker.ietf.org/doc/html/draft-ietf-idr-bgpls-srv6-ext-08,200
rfc9086.xml,https://www.ietf.org/archive/id/draft-ietf-idr-bgpls-srv6-ext-08.txt,200
rfc9086.xml,https://www.rfc-editor.org/info/rfc9087,200
rfc9086.xml,https://datatracker.ietf.org/doc/html/draft-ietf-spring-segment-routing-policy-13,200
rfc9086.xml,https://www.ietf.org/archive/id/draft-ietf-spring-segment-routing-policy-13.txt,200
rfc9240.xml,https://datatracker.ietf.org/doc/draft-ietf-alto-unified-props-new-24,200
rfc9240.xml,https://dx.doi.org/10.17487/rfc9240,200
rfc9240.xml,https://www.rfc-editor.org/info/rfc9240,200
rfc9240.xml,https://trustee.ietf.org/license-info,200
rfc9240.xml,https://www.rfc-editor.org/info/rfc2119,200
rfc9240.xml,https://www.rfc-editor.org/info/rfc3986,200
rfc9240.xml,https://www.rfc-editor.org/info/rfc4291,200
rfc9240.xml,https://www.rfc-editor.org/info/rfc4632,200
rfc9240.xml,https://www.rfc-editor.org/info/rfc5952,200
rfc9240.xml,https://www.rfc-editor.org/info/rfc7285,200
rfc9240.xml,https://www.rfc-editor.org/info/rfc8126,200
rfc9240.xml,https://www.rfc-editor.org/info/rfc8174,200
rfc9240.xml,https://www.rfc-editor.org/info/rfc8259,200
rfc9240.xml,https://www.rfc-editor.org/info/rfc8446,200
rfc9240.xml,https://www.rfc-editor.org/info/rfc8895,200
rfc9240.xml,https://datatracker.ietf.org/doc/html/draft-ietf-alto-path-vector-25,200
rfc9240.xml,https://www.ietf.org/archive/id/draft-ietf-alto-path-vector-25.txt,200
rfc9240.xml,https://www.rfc-editor.org/info/rfc3849,200
rfc9240.xml,https://www.rfc-editor.org/info/rfc5511,200
rfc9240.xml,https://www.rfc-editor.org/info/rfc5737,200
rfc9240.xml,https://www.rfc-editor.org/info/rfc7921,200
rfc9240.xml,https://www.rfc-editor.org/info/rfc8896,200
rfc9240.xml,https://www.rfc-editor.org/info/rfc9241,200
rfc8900.xml,https://datatracker.ietf.org/doc/draft-ietf-intarea-frag-fragile-17,200
rfc8900.xml,https://dx.doi.org/10.17487/rfc8900,200
rfc8900.xml,https://www.rfc-editor.org/info/rfc8900,200
rfc8900.xml,https://trustee.ietf.org/license-info,200
rfc8900.xml,https://www.rfc-editor.org/info/rfc768,200
rfc8900.xml,https://www.rfc-editor.org/info/rfc791,200
rfc8900.xml,https://www.rfc-editor.org/info/rfc792,200
rfc8900.xml,https://www.rfc-editor.org/info/rfc793,200
rfc8900.xml,https://www.rfc-editor.org/info/rfc1035,200
rfc8900.xml,https://www.rfc-editor.org/info/rfc1191,200
rfc8900.xml,https://www.rfc-editor.org/info/rfc2119,200
rfc8900.xml,https://www.rfc-editor.org/info/rfc4443,200
rfc8900.xml,https://www.rfc-editor.org/info/rfc4821,200
rfc8900.xml,https://www.rfc-editor.org/info/rfc6437,200
rfc8900.xml,https://www.rfc-editor.org/info/rfc6438,200
rfc8900.xml,https://www.rfc-editor.org/info/rfc8085,200
rfc8900.xml,https://www.rfc-editor.org/info/rfc8174,200
rfc8900.xml,https://www.rfc-editor.org/info/rfc8200,200
rfc8900.xml,https://www.rfc-editor.org/info/rfc8201,200
rfc8900.xml,https://www.rfc-editor.org/info/rfc8899,200
rfc8900.xml,http://www.potaroo.net/ispcol/2018-04/atr.html,200
rfc8900.xml,http://www.potaroo.net/ispcol/2017-08/xtn-hdrs.html,200
rfc8900.xml,http://www.hpl.hp.com/techreports/Compaq-DEC/WRL-87-3.pdf,Connection error: <urlopen error [Errno 110] Connection timed out>
rfc8900.xml,http://www.aciri.org/vern/Ptacek-Newsham-Evasion-98.ps,Connection error: HTTP Error 404: Not Found
rfc8900.xml,https://www.rfc-editor.org/info/rfc1122,200
rfc8900.xml,https://www.rfc-editor.org/info/rfc1812,200
rfc8900.xml,https://www.rfc-editor.org/info/rfc1858,200
rfc8900.xml,https://www.rfc-editor.org/info/rfc1981,200
rfc8900.xml,https://www.rfc-editor.org/info/rfc2003,200
rfc8900.xml,https://www.rfc-editor.org/info/rfc2328,200
rfc8900.xml,https://www.rfc-editor.org/info/rfc2460,200
rfc8900.xml,https://www.rfc-editor.org/info/rfc2473,200
rfc8900.xml,https://www.rfc-editor.org/info/rfc2784,200
rfc8900.xml,https://www.rfc-editor.org/info/rfc3128,200
rfc8900.xml,https://www.rfc-editor.org/info/rfc4340,200
rfc8900.xml,https://www.rfc-editor.org/info/rfc4459,200
rfc8900.xml,https://www.rfc-editor.org/info/rfc4890,200
rfc8900.xml,https://www.rfc-editor.org/info/rfc4960,200
rfc8900.xml,https://www.rfc-editor.org/info/rfc4963,200
rfc8900.xml,https://www.rfc-editor.org/info/rfc5326,200
rfc8900.xml,https://www.rfc-editor.org/info/rfc5340,200
rfc8900.xml,https://www.rfc-editor.org/info/rfc5722,200
rfc8900.xml,https://www.rfc-editor.org/info/rfc5927,200
rfc8900.xml,https://www.rfc-editor.org/info/rfc6346,200
rfc8900.xml,https://www.rfc-editor.org/info/rfc6888,200
rfc8900.xml,https://www.rfc-editor.org/info/rfc7098,200
rfc8900.xml,https://www.rfc-editor.org/info/rfc7424,200
rfc8900.xml,https://www.rfc-editor.org/info/rfc7588,200
rfc8900.xml,https://www.rfc-editor.org/info/rfc7676,200
rfc8900.xml,https://www.rfc-editor.org/info/rfc7739,200
rfc8900.xml,https://www.rfc-editor.org/info/rfc7872,200
rfc8900.xml,https://www.rfc-editor.org/info/rfc8086,200
rfc8900.xml,https://tools.ietf.org/html/draft-ietf-intarea-tunnels-10,200
rfc8900.xml,http://www.ietf.org/internet-drafts/draft-ietf-intarea-tunnels-10.txt,Connection error: HTTP Error 404: Not Found
rfc8900.xml,https://tools.ietf.org/html/draft-ietf-tsvwg-udp-options-08,200
rfc8900.xml,http://www.ietf.org/internet-drafts/draft-ietf-tsvwg-udp-options-08.txt,Connection error: HTTP Error 404: Not Found
rfc8752.xml,https://datatracker.ietf.org/doc/draft-iab-escape-report-00,200
rfc8752.xml,https://dx.doi.org/10.17487/rfc8752,200
rfc8752.xml,https://www.rfc-editor.org/info/rfc8752,200
rfc8752.xml,https://trustee.ietf.org/license-info,200
rfc8752.xml,https://www.ietf.org/mailman/listinfo/wpack,Connection error: HTTP Error 403: Forbidden
rfc8752.xml,https://github.com/whatwg/fetch/issues/784,200
rfc8752.xml,https://www.iab.org/wp-content/IAB-uploads/2019/06/sawood-alam-2.pdf,Connection error: HTTP Error 403: Forbidden
rfc8752.xml,https://blog.amp.dev/2018/03/08/standardizing-lessons-learned-from-amp/,200
rfc8752.xml,https://developers.googleblog.com/2019/08/the-speed-benefit-of-amp-prerendering.html,200
rfc8752.xml,https://doi.org/10.1007/bf00196791,200
rfc8752.xml,https://www.iab.org/wp-content/IAB-uploads/2019/07/NYT-ESCAPE.pdf,Connection error: HTTP Error 403: Forbidden
rfc8752.xml,https://www.iab.org/wp-content/IAB-uploads/2019/06/patch.pdf,Connection error: HTTP Error 403: Forbidden
rfc8752.xml,https://tools.ietf.org/html/draft-yasskin-wpack-bundled-exchanges-02,200
rfc8752.xml,http://www.ietf.org/internet-drafts/draft-yasskin-wpack-bundled-exchanges-02.txt,Connection error: HTTP Error 404: Not Found
rfc8752.xml,https://www.iab.org/activities/workshops/escape-workshop/,Connection error: HTTP Error 403: Forbidden
rfc8752.xml,https://www.chathamhouse.org/chatham-house-rule,Connection error: HTTP Error 403: Forbidden
rfc8752.xml,https://www.stuff.co.nz/business/111330323/facebook-working-around-the-clock-to-block-christchurch-shootings-video,200
rfc8752.xml,https://www.w3.org/TR/clear-site-data/,200
rfc8752.xml,https://doi.org/10.1145/2660267.2660347,Connection error: HTTP Error 403: Forbidden
rfc8752.xml,https://www.iab.org/wp-content/IAB-uploads/2019/06/cramer-position-paper.pdf,Connection error: HTTP Error 403: Forbidden
rfc8752.xml,https://www.iab.org/wp-content/IAB-uploads/2019/06/IAB-Position-Paper_-Signed-Exchanges.pdf,Connection error: HTTP Error 403: Forbidden
rfc8752.xml,https://www.iab.org/wp-content/IAB-uploads/2019/06/washpost.pdf,Connection error: HTTP Error 403: Forbidden
rfc8752.xml,https://eur-lex.europa.eu/legal-content/EN/TXT/HTML/?uri=CELEX:32016R0679&from=EN#d1e2606-1-1,200
rfc8752.xml,https://www.rfc-editor.org/info/rfc7230,200
rfc8752.xml,https://wicg.github.io/webpackage/loading.html,200
rfc8752.xml,https://www.rfc-editor.org/info/rfc7089,200
rfc8752.xml,https://www.rfc-editor.org/info/rfc6454,200
rfc8752.xml,https://www.iab.org/wp-content/IAB-uploads/2019/06/shigeki-ohtsu.pdf,Connection error: HTTP Error 403: Forbidden
rfc8752.xml,https://www.rfc-editor.org/info/rfc2660,200
rfc8752.xml,https://www.rfc-editor.org/info/rfc5218,200
rfc8752.xml,https://tools.ietf.org/html/draft-yasskin-http-origin-signed-responses-08,200
rfc8752.xml,http://www.ietf.org/internet-drafts/draft-yasskin-http-origin-signed-responses-08.txt,Connection error: HTTP Error 404: Not Found
rfc8752.xml,https://www.w3.org/2001/tag/doc/distributed-content/,200
rfc8752.xml,https://www.rfc-editor.org/info/rfc8446,200
rfc8752.xml,https://www.iab.org/wp-content/IAB-uploads/2019/06/chrome.html,Connection error: HTTP Error 403: Forbidden
rfc8752.xml,https://amp.dev/,200
rfc8752.xml,https://schema.org/,200
rfc8752.xml,https://developers.google.com/amp/cache/,200
rfc9567.xml,https://datatracker.ietf.org/doc/draft-ietf-dnsop-dns-error-reporting-08,200
rfc9567.xml,https://dx.doi.org/10.17487/rfc9567,200
rfc9567.xml,https://www.rfc-editor.org/info/rfc9567,200
rfc9567.xml,https://trustee.ietf.org/license-info,200
rfc9567.xml,https://www.rfc-editor.org/info/rfc2119,200
rfc9567.xml,https://www.rfc-editor.org/info/rfc8174,200
rfc9567.xml,https://cve.mitre.org/cgi-bin/cvename.cgi?name=CVE-2021-44228,200
rfc9567.xml,https://datatracker.ietf.org/doc/html/draft-ietf-dnssd-multi-qtypes-00,200
rfc9567.xml,https://www.rfc-editor.org/info/rfc2308,200
rfc9567.xml,https://www.rfc-editor.org/info/rfc4592,200
rfc9567.xml,https://www.rfc-editor.org/info/rfc6891,200
rfc9567.xml,https://www.rfc-editor.org/info/rfc7766,200
rfc9567.xml,https://www.rfc-editor.org/info/rfc7873,200
rfc9567.xml,https://www.rfc-editor.org/info/rfc8020,200
rfc9567.xml,https://www.rfc-editor.org/info/rfc8198,200
rfc9567.xml,https://www.rfc-editor.org/info/rfc8914,200
rfc9567.xml,https://www.rfc-editor.org/info/rfc9156,200
rfc9567.xml,https://www.rfc-editor.org/info/rfc9499,200
rfc8981.xml,https://datatracker.ietf.org/doc/draft-ietf-6man-rfc4941bis-12,200
rfc8981.xml,https://dx.doi.org/10.17487/rfc8981,200
rfc8981.xml,https://www.rfc-editor.org/info/rfc8981,200
rfc8981.xml,https://trustee.ietf.org/license-info,200
rfc8981.xml,https://www.rfc-editor.org/info/rfc2119,200
rfc8981.xml,https://www.rfc-editor.org/info/rfc4086,200
rfc8981.xml,https://www.rfc-editor.org/info/rfc4193,200
rfc8981.xml,https://www.rfc-editor.org/info/rfc4291,200
rfc8981.xml,https://www.rfc-editor.org/info/rfc4861,200
rfc8981.xml,https://www.rfc-editor.org/info/rfc4862,200
rfc8981.xml,https://www.rfc-editor.org/info/rfc5453,200
rfc8981.xml,https://www.rfc-editor.org/info/rfc6724,200
rfc8981.xml,https://www.rfc-editor.org/info/rfc7136,200
rfc8981.xml,https://www.rfc-editor.org/info/rfc8174,200
rfc8981.xml,https://blake3.io/,200
rfc8981.xml,https://nvlpubs.nist.gov/nistpubs/FIPS/NIST.FIPS.180-4.pdf,200
rfc8981.xml,https://www.iana.org/assignments/ipv6-interface-ids,200
rfc8981.xml,https://tools.ietf.org/html/draft-ietf-mboned-ieee802-mcast-problems-13,200
rfc8981.xml,https://www.ietf.org/internet-drafts/draft-ietf-mboned-ieee802-mcast-problems-13.txt,Connection error: HTTP Error 404: Not Found
rfc8981.xml,https://doi.org/10.1109/CSAC.1996.569678,Connection error: HTTP Error 418: Unknown Code
rfc8981.xml,http://pubs.opengroup.org/onlinepubs/9699919799/basedefs/contents.html,200
rfc8981.xml,https://publications.sba-research.org/publications/Ullrich2015Privacy.pdf,200
rfc8981.xml,https://www.rfc-editor.org/info/rfc1321,200
rfc8981.xml,https://www.rfc-editor.org/info/rfc2104,200
rfc8981.xml,https://www.rfc-editor.org/info/rfc4941,200
rfc8981.xml,https://www.rfc-editor.org/info/rfc5014,200
rfc8981.xml,https://www.rfc-editor.org/info/rfc6059,200
rfc8981.xml,https://www.rfc-editor.org/info/rfc6151,200
rfc8981.xml,https://www.rfc-editor.org/info/rfc6265,200
rfc8981.xml,https://www.rfc-editor.org/info/rfc7039,200
rfc8981.xml,https://www.rfc-editor.org/info/rfc7217,200
rfc8981.xml,https://www.rfc-editor.org/info/rfc7258,200
rfc8981.xml,https://www.rfc-editor.org/info/rfc7421,200
rfc8981.xml,https://www.rfc-editor.org/info/rfc7707,200
rfc8981.xml,https://www.rfc-editor.org/info/rfc7721,200
rfc8981.xml,https://www.rfc-editor.org/info/rfc7934,200
rfc8981.xml,https://www.rfc-editor.org/info/rfc8190,200
rfc9416.xml,https://datatracker.ietf.org/doc/draft-gont-numeric-ids-sec-considerations-11,200
rfc9416.xml,https://dx.doi.org/10.17487/rfc9416,200
rfc9416.xml,https://www.rfc-editor.org/info/rfc9416,200
rfc9416.xml,https://trustee.ietf.org/license-info,200
rfc9416.xml,https://www.rfc-editor.org/info/rfc2119,200
rfc9416.xml,https://www.rfc-editor.org/info/rfc3552,200
rfc9416.xml,https://www.rfc-editor.org/info/rfc8174,200
rfc9416.xml,https://www.cs.columbia.edu/~smb/papers/ipext.pdf,200
rfc9416.xml,https://www.iana.org/protocols,200
rfc9416.xml,https://dl.packetstormsecurity.net/papers/attack/OpenBSD_DNS_Cache_Poisoning_and_Multiple_OS_Predictable_IP_ID_Vulnerability.pdf,200
rfc9416.xml,https://pdos.csail.mit.edu/~rtm/papers/117.pdf,200
rfc9416.xml,https://datatracker.ietf.org/doc/html/draft-gont-predictable-numeric-ids-03,200
rfc9416.xml,https://www.rfc-editor.org/info/rfc791,200
rfc9416.xml,https://www.rfc-editor.org/info/rfc793,200
rfc9416.xml,https://www.rfc-editor.org/info/rfc1035,200
rfc9416.xml,https://www.rfc-editor.org/info/rfc2460,200
rfc9416.xml,https://www.rfc-editor.org/info/rfc4291,200
rfc9416.xml,https://www.rfc-editor.org/info/rfc5905,200
rfc9416.xml,https://www.rfc-editor.org/info/rfc6056,200
rfc9416.xml,https://www.rfc-editor.org/info/rfc6274,200
rfc9416.xml,https://www.rfc-editor.org/info/rfc6528,200
rfc9416.xml,https://www.rfc-editor.org/info/rfc7217,200
rfc9416.xml,https://www.rfc-editor.org/info/rfc7258,200
rfc9416.xml,https://www.rfc-editor.org/info/rfc7323,200
rfc9416.xml,https://www.rfc-editor.org/info/rfc7707,200
rfc9416.xml,https://www.rfc-editor.org/info/rfc7721,200
rfc9416.xml,https://www.rfc-editor.org/info/rfc7739,200
rfc9416.xml,https://www.rfc-editor.org/info/rfc8200,200
rfc9416.xml,https://www.rfc-editor.org/info/rfc9293,200
rfc9416.xml,https://www.rfc-editor.org/info/rfc9414,200
rfc9416.xml,https://www.rfc-editor.org/info/rfc9415,200
rfc9416.xml,https://seclists.org/bugtraq/1998/Dec/48,200
rfc9416.xml,http://ftp.cerias.purdue.edu/pub/papers/christoph-schuba/schuba-DNS-msthesis.pdf,200
rfc9416.xml,http://www.silby.com/eurobsdcon05/eurobsdcon_silbersack.pdf,200
rfc9416.xml,https://seclists.org/bugtraq/2001/Mar/182,200
rfc9241.xml,https://datatracker.ietf.org/doc/draft-ietf-alto-cdni-request-routing-alto-22,200
rfc9241.xml,https://dx.doi.org/10.17487/rfc9241,200
rfc9241.xml,https://www.rfc-editor.org/info/rfc9241,200
rfc9241.xml,https://trustee.ietf.org/license-info,200
rfc9241.xml,https://www.rfc-editor.org/info/rfc2119,200
rfc9241.xml,https://www.rfc-editor.org/info/rfc6793,200
rfc9241.xml,https://www.rfc-editor.org/info/rfc7285,200
rfc9241.xml,https://www.rfc-editor.org/info/rfc7493,200
rfc9241.xml,https://www.rfc-editor.org/info/rfc7616,200
rfc9241.xml,https://www.rfc-editor.org/info/rfc8006,200
rfc9241.xml,https://www.rfc-editor.org/info/rfc8008,200
rfc9241.xml,https://www.rfc-editor.org/info/rfc8174,200
rfc9241.xml,https://www.rfc-editor.org/info/rfc8259,200
rfc9241.xml,https://www.rfc-editor.org/info/rfc8446,200
rfc9241.xml,https://www.rfc-editor.org/info/rfc8895,200
rfc9241.xml,https://www.rfc-editor.org/info/rfc9240,200
rfc9241.xml,https://datatracker.ietf.org/doc/html/draft-ietf-alto-path-vector-25,200
rfc9241.xml,https://www.ietf.org/archive/id/draft-ietf-alto-path-vector-25.txt,200
rfc9241.xml,https://www.rfc-editor.org/info/rfc5693,200
rfc9241.xml,https://www.rfc-editor.org/info/rfc6707,200
rfc9241.xml,https://www.rfc-editor.org/info/rfc7971,200
rfc9241.xml,https://www.rfc-editor.org/info/rfc7975,200
rfc9241.xml,https://www.standict.eu/,200
rfc8883.xml,https://datatracker.ietf.org/doc/draft-ietf-6man-icmp-limits-08,200
rfc8883.xml,https://dx.doi.org/10.17487/rfc8883,200
rfc8883.xml,https://www.rfc-editor.org/info/rfc8883,200
rfc8883.xml,https://trustee.ietf.org/license-info,200
rfc8883.xml,https://www.iana.org/assignments/icmpv6-parameters/,200
rfc8883.xml,https://www.iana.org/assignments/icmp-parameters/,200
rfc8883.xml,https://www.rfc-editor.org/info/rfc2119,200
rfc8883.xml,https://www.rfc-editor.org/info/rfc4443,200
rfc8883.xml,https://www.rfc-editor.org/info/rfc4884,200
rfc8883.xml,https://www.rfc-editor.org/info/rfc7045,200
rfc8883.xml,https://www.rfc-editor.org/info/rfc8174,200
rfc8883.xml,https://www.rfc-editor.org/info/rfc8200,200
rfc8883.xml,https://tools.ietf.org/html/draft-ietf-ippm-ioam-ipv6-options-03,200
rfc8883.xml,http://www.ietf.org/internet-drafts/draft-ietf-ippm-ioam-ipv6-options-03.txt,Connection error: HTTP Error 404: Not Found
rfc8883.xml,https://www.rfc-editor.org/info/rfc4821,200
rfc8883.xml,https://www.rfc-editor.org/info/rfc4890,200
rfc8883.xml,https://www.rfc-editor.org/info/rfc8305,200
rfc8883.xml,https://www.rfc-editor.org/info/rfc8504,200
rfc8883.xml,https://www.rfc-editor.org/info/rfc8754,200
rfc9468.xml,https://datatracker.ietf.org/doc/draft-ietf-bfd-unsolicited-16,200
rfc9468.xml,https://dx.doi.org/10.17487/rfc9468,200
rfc9468.xml,https://www.rfc-editor.org/info/rfc9468,200
rfc9468.xml,https://trustee.ietf.org/license-info,200
rfc9468.xml,https://www.rfc-editor.org/info/rfc2119,200
rfc9468.xml,https://www.rfc-editor.org/info/rfc3688,200
rfc9468.xml,https://www.rfc-editor.org/info/rfc5082,200
rfc9468.xml,https://www.rfc-editor.org/info/rfc5880,200
rfc9468.xml,https://www.rfc-editor.org/info/rfc5881,200
rfc9468.xml,https://www.rfc-editor.org/info/rfc6020,200
rfc9468.xml,https://www.rfc-editor.org/info/rfc6241,200
rfc9468.xml,https://www.rfc-editor.org/info/rfc6242,200
rfc9468.xml,https://www.rfc-editor.org/info/rfc8040,200
rfc9468.xml,https://www.rfc-editor.org/info/rfc8174,200
rfc9468.xml,https://www.rfc-editor.org/info/rfc8340,200
rfc9468.xml,https://www.rfc-editor.org/info/rfc8341,200
rfc9468.xml,https://www.rfc-editor.org/info/rfc8349,200
rfc9468.xml,https://www.rfc-editor.org/info/rfc8446,200
rfc9468.xml,https://www.rfc-editor.org/info/rfc9314,200
rfc9468.xml,https://www.rfc-editor.org/info/rfc4271,200
rfc9468.xml,https://www.rfc-editor.org/info/rfc5883,200
rfc9468.xml,https://www.rfc-editor.org/info/rfc7880,200
rfc9468.xml,https://www.rfc-editor.org/info/rfc7911,200
rfc9468.xml,https://www.rfc-editor.org/info/rfc7947,200
rfc9468.xml,https://www.rfc-editor.org/info/rfc8342,200
rfc8689.xml,https://datatracker.ietf.org/doc/draft-ietf-uta-smtp-require-tls-09,200
rfc8689.xml,https://dx.doi.org/10.17487/rfc8689,200
rfc8689.xml,https://www.rfc-editor.org/info/rfc8689,200
rfc8689.xml,https://trustee.ietf.org/license-info,200
rfc8689.xml,http://www.iana.org/assignments/mail-parameters,200
rfc8689.xml,https://www.iana.org/assignments/message-headers,200
rfc8689.xml,https://www.rfc-editor.org/info/rfc2119,200
rfc8689.xml,https://www.rfc-editor.org/info/rfc3207,200
rfc8689.xml,https://www.rfc-editor.org/info/rfc3461,200
rfc8689.xml,https://www.rfc-editor.org/info/rfc4033,200
rfc8689.xml,https://www.rfc-editor.org/info/rfc4034,200
rfc8689.xml,https://www.rfc-editor.org/info/rfc4035,200
rfc8689.xml,https://www.rfc-editor.org/info/rfc5234,200
rfc8689.xml,https://www.rfc-editor.org/info/rfc5248,200
rfc8689.xml,https://www.rfc-editor.org/info/rfc5321,200
rfc8689.xml,https://www.rfc-editor.org/info/rfc5322,200
rfc8689.xml,https://www.rfc-editor.org/info/rfc6125,200
rfc8689.xml,https://www.rfc-editor.org/info/rfc7525,200
rfc8689.xml,https://www.rfc-editor.org/info/rfc7672,200
rfc8689.xml,https://www.rfc-editor.org/info/rfc8174,200
rfc8689.xml,https://www.rfc-editor.org/info/rfc8314,200
rfc8689.xml,https://www.rfc-editor.org/info/rfc8461,200
rfc8689.xml,https://www.iana.org/assignments/smtp-enhanced-status-codes,200
rfc8689.xml,https://www.rfc-editor.org/info/rfc1939,200
rfc8689.xml,https://www.rfc-editor.org/info/rfc2033,200
rfc8689.xml,https://www.rfc-editor.org/info/rfc3501,200
rfc8689.xml,https://www.rfc-editor.org/info/rfc4880,200
rfc8689.xml,https://www.rfc-editor.org/info/rfc5228,200
rfc8689.xml,https://www.rfc-editor.org/info/rfc5598,200
rfc8689.xml,https://www.rfc-editor.org/info/rfc6409,200
rfc8689.xml,https://www.rfc-editor.org/info/rfc8551,200
rfc9234.xml,https://datatracker.ietf.org/doc/draft-ietf-idr-bgp-open-policy-23,200
rfc9234.xml,https://dx.doi.org/10.17487/rfc9234,200
rfc9234.xml,https://www.rfc-editor.org/info/rfc9234,200
rfc9234.xml,https://trustee.ietf.org/license-info,200
rfc9234.xml,https://www.rfc-editor.org/info/rfc2119,200
rfc9234.xml,https://www.rfc-editor.org/info/rfc4271,200
rfc9234.xml,https://www.rfc-editor.org/info/rfc5065,200
rfc9234.xml,https://www.rfc-editor.org/info/rfc5492,200
rfc9234.xml,https://www.rfc-editor.org/info/rfc7606,200
rfc9234.xml,https://www.rfc-editor.org/info/rfc7908,200
rfc9234.xml,https://www.rfc-editor.org/info/rfc8126,200
rfc9234.xml,https://www.rfc-editor.org/info/rfc8174,200
rfc9234.xml,https://ieeexplore.ieee.org/document/974523,Connection error: HTTP Error 418: Unknown Code
rfc9234.xml,https://www.rfc-editor.org/info/rfc4272,200
rfc9234.xml,https://www.rfc-editor.org/info/rfc7705,200
rfc9234.xml,https://www.rfc-editor.org/info/rfc7938,200
rfc9234.xml,https://www.rfc-editor.org/info/rfc8205,200
rfc8703.xml,https://datatracker.ietf.org/doc/draft-ietf-manet-dlep-lid-extension-06,200
rfc8703.xml,https://dx.doi.org/10.17487/rfc8703,200
rfc8703.xml,https://www.rfc-editor.org/info/rfc8703,200
rfc8703.xml,https://trustee.ietf.org/license-info,200
rfc8703.xml,https://www.rfc-editor.org/info/rfc2119,200
rfc8703.xml,https://www.rfc-editor.org/info/rfc8174,200
rfc8703.xml,https://www.rfc-editor.org/info/rfc8175,200
rfc8703.xml,https://www.rfc-editor.org/info/rfc8126,200
rfc9749.xml,https://datatracker.ietf.org/doc/draft-ietf-jmap-webpush-vapid-10,200
rfc9749.xml,https://dx.doi.org/10.17487/rfc9749,200
rfc9749.xml,https://www.rfc-editor.org/info/rfc9749,200
rfc9749.xml,https://trustee.ietf.org/license-info,200
rfc9749.xml,https://doi.org/10.6028/NIST.FIPS.186-5,200
rfc9749.xml,http://www.secg.org/sec1-v2.pdf,200
rfc9749.xml,https://www.rfc-editor.org/info/rfc8620,200
rfc9749.xml,https://www.rfc-editor.org/info/rfc8030,200
rfc9749.xml,https://www.rfc-editor.org/info/rfc8292,200
rfc9749.xml,https://www.rfc-editor.org/info/rfc2119,200
rfc9749.xml,https://www.rfc-editor.org/info/rfc8174,200
rfc9749.xml,https://www.rfc-editor.org/info/rfc7515,200
rfc9749.xml,https://www.w3.org/TR/push-api/,200
rfc8740.xml,https://datatracker.ietf.org/doc/draft-ietf-httpbis-http2-tls13-03,200
rfc8740.xml,https://dx.doi.org/10.17487/rfc8740,200
rfc8740.xml,https://www.rfc-editor.org/info/rfc8740,200
rfc8740.xml,https://trustee.ietf.org/license-info,200
rfc8740.xml,https://www.rfc-editor.org/info/rfc2119,200
rfc8740.xml,https://www.rfc-editor.org/info/rfc5246,200
rfc8740.xml,https://www.rfc-editor.org/info/rfc7230,200
rfc8740.xml,https://www.rfc-editor.org/info/rfc7301,200
rfc8740.xml,https://www.rfc-editor.org/info/rfc7540,200
rfc8740.xml,https://www.rfc-editor.org/info/rfc8174,200
rfc8740.xml,https://www.rfc-editor.org/info/rfc8446,200
rfc8740.xml,https://www.rfc-editor.org/info/rfc8470,200
rfc8742.xml,https://datatracker.ietf.org/doc/draft-ietf-cbor-sequence-02,200
rfc8742.xml,https://dx.doi.org/10.17487/rfc8742,200
rfc8742.xml,https://www.rfc-editor.org/info/rfc8742,200
rfc8742.xml,https://trustee.ietf.org/license-info,200
rfc8742.xml,https://www.iana.org/assignments/core-parameters,200
rfc8742.xml,https://www.iana.org/assignments/media-types,200
rfc8742.xml,https://www.iana.org/assignments/media-type-structured-suffix,200
rfc8742.xml,https://www.rfc-editor.org/info/rfc2119,200
rfc8742.xml,https://www.rfc-editor.org/info/rfc7049,200
rfc8742.xml,https://www.rfc-editor.org/info/rfc8174,200
rfc8742.xml,https://www.rfc-editor.org/info/rfc6838,200
rfc8742.xml,https://www.rfc-editor.org/info/rfc7464,200
rfc8742.xml,https://www.rfc-editor.org/info/rfc8091,200
rfc8742.xml,https://www.rfc-editor.org/info/rfc8126,200
rfc8742.xml,https://www.rfc-editor.org/info/rfc8152,200
rfc8742.xml,https://www.rfc-editor.org/info/rfc8259,200
rfc8742.xml,https://www.rfc-editor.org/info/rfc8610,200
rfc8741.xml,https://datatracker.ietf.org/doc/draft-ietf-pce-lsp-control-request-11,200
rfc8741.xml,https://dx.doi.org/10.17487/rfc8741,200
rfc8741.xml,https://www.rfc-editor.org/info/rfc8741,200
rfc8741.xml,https://trustee.ietf.org/license-info,200
rfc8741.xml,https://www.rfc-editor.org/info/rfc2119,200
rfc8741.xml,https://www.rfc-editor.org/info/rfc5440,200
rfc8741.xml,https://www.rfc-editor.org/info/rfc8174,200
rfc8741.xml,https://www.rfc-editor.org/info/rfc8231,200
rfc8741.xml,https://www.rfc-editor.org/info/rfc8281,200
rfc8741.xml,https://tools.ietf.org/html/draft-ietf-pce-pcep-yang-13,200
rfc8741.xml,http://www.ietf.org/internet-drafts/draft-ietf-pce-pcep-yang-13.txt,Connection error: HTTP Error 404: Not Found
rfc8741.xml,https://www.rfc-editor.org/info/rfc4657,200
rfc8741.xml,https://www.rfc-editor.org/info/rfc7525,200
rfc8741.xml,https://www.rfc-editor.org/info/rfc8051,200
rfc8741.xml,https://www.rfc-editor.org/info/rfc8253,200
rfc8938.xml,https://datatracker.ietf.org/doc/draft-ietf-detnet-data-plane-framework-06,200
rfc8938.xml,https://dx.doi.org/10.17487/rfc8938,200
rfc8938.xml,https://www.rfc-editor.org/info/rfc8938,200
rfc8938.xml,https://trustee.ietf.org/license-info,200
rfc8938.xml,https://www.rfc-editor.org/info/rfc8655,200
rfc8938.xml,https://tools.ietf.org/html/draft-ietf-detnet-flow-information-model-11,200
rfc8938.xml,https://www.ietf.org/internet-drafts/draft-ietf-detnet-flow-information-model-11.txt,Connection error: HTTP Error 404: Not Found
rfc8938.xml,https://tools.ietf.org/html/draft-ietf-detnet-mpls-13,200
rfc8938.xml,https://tools.ietf.org/html/draft-ietf-detnet-mpls-over-tsn-04,200
rfc8938.xml,https://tools.ietf.org/html/draft-ietf-detnet-mpls-over-udp-ip-07,200
rfc8938.xml,https://tools.ietf.org/html/draft-ietf-detnet-security-12,200
rfc8938.xml,https://tools.ietf.org/html/draft-ietf-idr-rfc5575bis-27,200
rfc8938.xml,https://www.ietf.org/internet-drafts/draft-ietf-idr-rfc5575bis-27.txt,Connection error: HTTP Error 404: Not Found
rfc8938.xml,https://ieeexplore.ieee.org/document/8585421,Connection error: HTTP Error 418: Unknown Code
rfc8938.xml,https://1.ieee802.org/tsn/,Connection error: HTTP Error 403: Forbidden
rfc8938.xml,https://datatracker.ietf.org/rg/nwcrg/about,200
rfc8938.xml,https://tools.ietf.org/html/draft-ietf-pce-pcep-extension-for-pce-controller-08,200
rfc8938.xml,https://www.ietf.org/internet-drafts/draft-ietf-pce-pcep-extension-for-pce-controller-08.txt,Connection error: HTTP Error 404: Not Found
rfc8938.xml,https://www.rfc-editor.org/info/rfc2205,200
rfc8938.xml,https://www.rfc-editor.org/info/rfc2386,200
rfc8938.xml,https://www.rfc-editor.org/info/rfc3209,200
rfc8938.xml,https://www.rfc-editor.org/info/rfc3473,200
rfc8938.xml,https://www.rfc-editor.org/info/rfc3670,200
rfc8938.xml,https://www.rfc-editor.org/info/rfc4301,200
rfc8938.xml,https://www.rfc-editor.org/info/rfc4872,200
rfc8938.xml,https://www.rfc-editor.org/info/rfc4873,200
rfc8938.xml,https://www.rfc-editor.org/info/rfc5575,200
rfc8938.xml,https://www.rfc-editor.org/info/rfc5654,200
rfc8938.xml,https://www.rfc-editor.org/info/rfc6387,200
rfc8938.xml,https://www.rfc-editor.org/info/rfc7426,200
rfc8938.xml,https://www.rfc-editor.org/info/rfc7551,200
rfc8938.xml,https://www.rfc-editor.org/info/rfc7657,200
rfc8938.xml,https://www.rfc-editor.org/info/rfc7950,200
rfc8938.xml,https://www.rfc-editor.org/info/rfc8040,200
rfc8938.xml,https://www.rfc-editor.org/info/rfc8227,200
rfc8938.xml,https://www.rfc-editor.org/info/rfc8939,200
rfc8938.xml,https://tools.ietf.org/html/draft-ietf-spring-srv6-network-programming-26,200
rfc9105.xml,https://datatracker.ietf.org/doc/draft-ietf-opsawg-tacacs-yang-12,200
rfc9105.xml,https://dx.doi.org/10.17487/rfc9105,200
rfc9105.xml,https://www.rfc-editor.org/info/rfc9105,200
rfc9105.xml,https://trustee.ietf.org/license-info,200
rfc9105.xml,https://www.rfc-editor.org/info/rfc2119,200
rfc9105.xml,https://www.rfc-editor.org/info/rfc6241,200
rfc9105.xml,https://www.rfc-editor.org/info/rfc6242,200
rfc9105.xml,https://www.rfc-editor.org/info/rfc6991,200
rfc9105.xml,https://www.rfc-editor.org/info/rfc7317,200
rfc9105.xml,https://www.rfc-editor.org/info/rfc7950,200
rfc9105.xml,https://www.rfc-editor.org/info/rfc8040,200
rfc9105.xml,https://www.rfc-editor.org/info/rfc8174,200
rfc9105.xml,https://www.rfc-editor.org/info/rfc8340,200
rfc9105.xml,https://www.rfc-editor.org/info/rfc8341,200
rfc9105.xml,https://www.rfc-editor.org/info/rfc8342,200
rfc9105.xml,https://www.rfc-editor.org/info/rfc8343,200
rfc9105.xml,https://www.rfc-editor.org/info/rfc8446,200
rfc9105.xml,https://www.rfc-editor.org/info/rfc8529,200
rfc9105.xml,https://www.rfc-editor.org/info/rfc8907,200
rfc9105.xml,https://www.rfc-editor.org/info/rfc3688,200
rfc9455.xml,https://datatracker.ietf.org/doc/draft-ietf-sidrops-roa-considerations-08,200
rfc9455.xml,https://dx.doi.org/10.17487/rfc9455,200
rfc9455.xml,https://www.rfc-editor.org/info/rfc9455,200
rfc9455.xml,https://trustee.ietf.org/license-info,200
rfc9455.xml,https://www.rfc-editor.org/info/rfc2119,200
rfc9455.xml,https://www.rfc-editor.org/info/rfc3779,200
rfc9455.xml,https://www.rfc-editor.org/info/rfc6480,200
rfc9455.xml,https://www.rfc-editor.org/info/rfc6482,200
rfc9455.xml,https://www.rfc-editor.org/info/rfc8174,200
rfc9455.xml,https://www.rfc-editor.org/info/rfc8211,200
rfc9646.xml,https://datatracker.ietf.org/doc/draft-ietf-netconf-sztp-csr-14,200
rfc9646.xml,https://dx.doi.org/10.17487/rfc9646,200
rfc9646.xml,https://www.rfc-editor.org/info/rfc9646,200
rfc9646.xml,https://trustee.ietf.org/license-info,200
rfc9646.xml,https://www.iana.org/assignments/xml-registry/,200
rfc9646.xml,https://www.iana.org/assignments/yang-parameters/,200
rfc9646.xml,https://www.itu.int/rec/T-REC-X.690/,200
rfc9646.xml,https://www.rfc-editor.org/info/rfc2119,200
rfc9646.xml,https://www.rfc-editor.org/info/rfc2986,200
rfc9646.xml,https://www.rfc-editor.org/info/rfc3688,200
rfc9646.xml,https://www.rfc-editor.org/info/rfc4210,200
rfc9646.xml,https://www.rfc-editor.org/info/rfc5272,200
rfc9646.xml,https://www.rfc-editor.org/info/rfc6020,200
rfc9646.xml,https://www.rfc-editor.org/info/rfc7950,200
rfc9646.xml,https://www.rfc-editor.org/info/rfc8040,200
rfc9646.xml,https://www.rfc-editor.org/info/rfc8174,200
rfc9646.xml,https://www.rfc-editor.org/info/rfc8446,200
rfc9646.xml,https://www.rfc-editor.org/info/rfc8572,200
rfc9646.xml,https://www.rfc-editor.org/info/rfc8791,200
rfc9646.xml,https://www.rfc-editor.org/info/rfc9110,200
rfc9646.xml,https://www.rfc-editor.org/info/rfc9640,200
rfc9646.xml,https://www.bsi.bund.de/SharedDocs/Downloads/DE/BSI/Zertifizierung/Interpretationen/AIS_31_Functionality_classes_for_random_number_generators_e.pdf,200
rfc9646.xml,https://nvd.nist.gov/vuln/detail/CVE-2008-0166,Connection error: HTTP Error 503: Service Unavailable
rfc9646.xml,https://www.usenix.org/conference/usenixsecurity12/technical-sessions/presentation/heninger,200
rfc9646.xml,https://nvlpubs.nist.gov/nistpubs/SpecialPublications/NIST.SP.800-90Ar1.pdf,200
rfc9646.xml,https://www.rfc-editor.org/info/rfc4086,200
rfc9646.xml,https://www.rfc-editor.org/info/rfc7292,200
rfc9646.xml,https://www.rfc-editor.org/info/rfc8340,200
rfc9646.xml,https://www.rfc-editor.org/info/rfc8407,200
rfc9646.xml,https://www.rfc-editor.org/info/rfc8792,200
rfc9646.xml,https://www.rfc-editor.org/info/rfc8808,200
rfc9646.xml,https://www.rfc-editor.org/info/rfc9641,200
rfc9646.xml,https://www.rfc-editor.org/info/rfc9642,200
rfc9646.xml,https://standards.ieee.org/ieee/802.1AR/6995/,Connection error: HTTP Error 403: Forbidden
rfc9368.xml,https://datatracker.ietf.org/doc/draft-ietf-quic-version-negotiation-14,200
rfc9368.xml,https://dx.doi.org/10.17487/rfc9368,200
rfc9368.xml,https://www.rfc-editor.org/info/rfc9368,200
rfc9368.xml,https://trustee.ietf.org/license-info,200
rfc9368.xml,https://www.iana.org/assignments/quic,200
rfc9368.xml,https://www.iana.org/assignments/quic,200
rfc9368.xml,https://www.rfc-editor.org/info/rfc7301,200
rfc9368.xml,https://www.rfc-editor.org/info/rfc9000,200
rfc9368.xml,https://www.rfc-editor.org/info/rfc8999,200
rfc9368.xml,https://www.rfc-editor.org/info/rfc2119,200
rfc9368.xml,https://www.rfc-editor.org/info/rfc8174,200
rfc9368.xml,https://www.rfc-editor.org/info/rfc8446,200
rfc9368.xml,https://www.rfc-editor.org/info/rfc9293,200
rfc9366.xml,https://datatracker.ietf.org/doc/draft-ietf-sipcore-multiple-reasons-01,200
rfc9366.xml,https://dx.doi.org/10.17487/rfc9366,200
rfc9366.xml,https://www.rfc-editor.org/info/rfc9366,200
rfc9366.xml,https://trustee.ietf.org/license-info,200
rfc9366.xml,https://www.rfc-editor.org/info/rfc2119,200
rfc9366.xml,https://www.rfc-editor.org/info/rfc3326,200
rfc9366.xml,https://www.rfc-editor.org/info/rfc8174,200
rfc9366.xml,https://datatracker.ietf.org/doc/html/draft-ietf-stir-identity-header-errors-handling-08,200
rfc8717.xml,https://datatracker.ietf.org/doc/draft-ietf-iasa2-consolidated-upd-07,200
rfc8717.xml,https://dx.doi.org/10.17487/rfc8717,200
rfc8717.xml,https://www.rfc-editor.org/info/rfc8717,200
rfc8717.xml,https://trustee.ietf.org/license-info,200
rfc8717.xml,https://www.ietf.org/documents/180/IETF-LLC-Agreement.pdf,200
rfc8717.xml,https://www.rfc-editor.org/info/rfc2028,200
rfc8717.xml,https://www.rfc-editor.org/info/rfc2418,200
rfc8717.xml,https://www.rfc-editor.org/info/rfc3005,200
rfc8717.xml,https://www.rfc-editor.org/info/rfc3710,200
rfc8717.xml,https://www.rfc-editor.org/info/rfc6702,200
rfc8717.xml,https://www.rfc-editor.org/info/rfc8711,200
rfc8717.xml,https://www.rfc-editor.org/info/rfc8713,200
rfc8717.xml,https://www.rfc-editor.org/info/rfc8714,200
rfc8717.xml,https://www.rfc-editor.org/info/rfc8715,200
rfc8717.xml,https://www.iab.org/documents/minutes/minutes-2019/iab-minutes-2019-03-06/,Connection error: HTTP Error 403: Forbidden
rfc8717.xml,https://www.rfc-editor.org/info/rfc2026,200
rfc8717.xml,https://www.rfc-editor.org/info/rfc3716,200
rfc8717.xml,https://www.rfc-editor.org/info/rfc3929,200
rfc8717.xml,https://www.rfc-editor.org/info/rfc3979,200
rfc8717.xml,https://www.rfc-editor.org/info/rfc4633,200
rfc8717.xml,https://www.rfc-editor.org/info/rfc4879,200
rfc8717.xml,https://www.rfc-editor.org/info/rfc8179,200
rfc9415.xml,https://datatracker.ietf.org/doc/draft-irtf-pearg-numeric-ids-generation-12,200
rfc9415.xml,https://dx.doi.org/10.17487/rfc9415,200
rfc9415.xml,https://www.rfc-editor.org/info/rfc9415,200
rfc9415.xml,https://trustee.ietf.org/license-info,200
rfc9415.xml,https://www.rfc-editor.org/info/rfc791,200
rfc9415.xml,https://www.rfc-editor.org/info/rfc793,200
rfc9415.xml,https://www.rfc-editor.org/info/rfc1035,200
rfc9415.xml,https://www.rfc-editor.org/info/rfc1321,200
rfc9415.xml,https://www.rfc-editor.org/info/rfc2460,200
rfc9415.xml,https://www.rfc-editor.org/info/rfc4086,200
rfc9415.xml,https://www.rfc-editor.org/info/rfc4291,200
rfc9415.xml,https://www.rfc-editor.org/info/rfc4862,200
rfc9415.xml,https://www.rfc-editor.org/info/rfc5722,200
rfc9415.xml,https://www.rfc-editor.org/info/rfc5905,200
rfc9415.xml,https://www.rfc-editor.org/info/rfc5925,200
rfc9415.xml,https://www.rfc-editor.org/info/rfc6056,200
rfc9415.xml,https://www.rfc-editor.org/info/rfc6151,200
rfc9415.xml,https://www.rfc-editor.org/info/rfc6191,200
rfc9415.xml,https://www.rfc-editor.org/info/rfc6437,200
rfc9415.xml,https://www.rfc-editor.org/info/rfc6528,200
rfc9415.xml,https://www.rfc-editor.org/info/rfc7217,200
rfc9415.xml,https://www.rfc-editor.org/info/rfc7323,200
rfc9415.xml,https://www.rfc-editor.org/info/rfc8064,200
rfc9415.xml,https://www.rfc-editor.org/info/rfc8200,200
rfc9415.xml,https://www.rfc-editor.org/info/rfc8981,200
rfc9415.xml,https://www.rfc-editor.org/info/rfc9293,200
rfc9415.xml,https://man.openbsd.org/arc4random,200
rfc9415.xml,https://www.cs.columbia.edu/~smb/papers/ipext.pdf,200
rfc9415.xml,https://www.cs.columbia.edu/~smb/papers/fnat.pdf,200
rfc9415.xml,https://blake3.io/,200
rfc9415.xml,https://www.si6networks.com/files/publications/tn-03-09-security-assessment-TCP.pdf,200
rfc9415.xml,https://www.gont.com.ar/miscellanea/prng-cves/,200
rfc9415.xml,https://coveryourtracks.eff.org/,200
rfc9415.xml,https://nvlpubs.nist.gov/nistpubs/FIPS/NIST.FIPS.180-4.pdf,200
rfc9415.xml,http://www.phrack.org/archives/issues/54/9.txt,Connection error: HTTP Error 403: Forbidden
rfc9415.xml,https://nmap.org/presentations/CanSecWest03/CD_Content/idlescan_paper/idlescan.html,200
rfc9415.xml,https://nmap.org/book/osdetect.html,200
rfc9415.xml,https://man7.org/linux/man-pages/man3/getentropy.3.html,200
rfc9415.xml,https://www.iana.org/protocols,200
rfc9415.xml,https://arxiv.org/pdf/1906.10478.pdf,200
rfc9415.xml,https://www.usenix.org/legacy/publications/library/proceedings/security95/full_papers/joncheray.pdf,200
rfc9415.xml,https://pax.grsecurity.net/docs/aslr.txt,200
rfc9415.xml,https://dl.packetstormsecurity.net/papers/attack/OpenBSD_DNS_Cache_Poisoning_and_Multiple_OS_Predictable_IP_ID_Vulnerability.pdf,200
rfc9415.xml,https://pdos.csail.mit.edu/~rtm/papers/117.pdf,200
rfc9415.xml,https://nmap.org/,200
rfc9415.xml,https://doi.org/10.1109/IEEESTD.2018.8277153,Connection error: HTTP Error 418: Unknown Code
rfc9415.xml,https://www.rfc-editor.org/info/rfc2104,200
rfc9415.xml,https://www.rfc-editor.org/info/rfc3971,200
rfc9415.xml,https://www.rfc-editor.org/info/rfc4953,200
rfc9415.xml,https://www.rfc-editor.org/info/rfc4963,200
rfc9415.xml,https://www.rfc-editor.org/info/rfc5927,200
rfc9415.xml,https://www.rfc-editor.org/info/rfc6194,200
rfc9415.xml,https://www.rfc-editor.org/info/rfc6274,200
rfc9415.xml,https://www.rfc-editor.org/info/rfc6973,200
rfc9415.xml,https://www.rfc-editor.org/info/rfc6980,200
rfc9415.xml,https://www.rfc-editor.org/info/rfc7098,200
rfc9415.xml,https://www.rfc-editor.org/info/rfc7258,200
rfc9415.xml,https://www.rfc-editor.org/info/rfc7707,200
rfc9415.xml,https://www.rfc-editor.org/info/rfc7721,200
rfc9415.xml,https://www.rfc-editor.org/info/rfc7739,200
rfc9415.xml,https://www.rfc-editor.org/info/rfc8446,200
rfc9415.xml,https://www.rfc-editor.org/info/rfc8937,200
rfc9415.xml,https://www.rfc-editor.org/info/rfc9414,200
rfc9415.xml,https://www.rfc-editor.org/info/rfc9416,200
rfc9415.xml,https://research.kudelskisecurity.com/2020/07/28/the-definitive-guide-to-modulo-bias-and-how-to-avoid-it/,200
rfc9415.xml,http://seclists.org/bugtraq/1998/Dec/48,200
rfc9415.xml,https://seclists.org/bugtraq/1998/Dec/79,200
rfc9415.xml,https://github.com/antirez/hping/raw/master/docs/MORE-FUN-WITH-IPID,200
rfc9415.xml,http://ftp.cerias.purdue.edu/pub/papers/christoph-schuba/schuba-DNS-msthesis.pdf,200
rfc9415.xml,https://www.gont.com.ar/files/post-shimomura-usenet.txt,200
rfc9415.xml,https://www.silby.com/eurobsdcon05/eurobsdcon_silbersack.pdf,Connection error: <urlopen error [Errno 111] Connection refused>
rfc9415.xml,https://github.com/veorq/SipHash,200
rfc9415.xml,https://www.icir.org/tbit/,200
rfc9415.xml,https://seclists.org/bugtraq/2001/Mar/182,200
rfc9415.xml,https://lcamtuf.coredump.cx/oldtcp/tcpseq.html,200
rfc9415.xml,https://lcamtuf.coredump.cx/newtcp/,200
rfc9415.xml,https://lcamtuf.coredump.cx/p0f.shtml,Connection error: HTTP Error 403: Forbidden
rfc9740.xml,https://datatracker.ietf.org/doc/draft-ietf-opsawg-ipfix-tcpo-v6eh-18,200
rfc9740.xml,https://dx.doi.org/10.17487/rfc9740,200
rfc9740.xml,https://www.rfc-editor.org/info/rfc9740,200
rfc9740.xml,https://trustee.ietf.org/license-info,200
rfc9740.xml,https://www.iana.org/assignments/ipv6-parameters,200
rfc9740.xml,https://www.iana.org/assignments/ipfix,200
rfc9740.xml,https://www.iana.org/assignments/ipfix,200
rfc9740.xml,https://www.iana.org/assignments/protocol-numbers,200
rfc9740.xml,https://www.iana.org/assignments/tcp-parameters,200
rfc9740.xml,https://www.iana.org/assignments/tcp-parameters,200
rfc9740.xml,https://www.rfc-editor.org/info/rfc2119,200
rfc9740.xml,https://www.rfc-editor.org/info/rfc6313,200
rfc9740.xml,https://www.rfc-editor.org/info/rfc6994,200
rfc9740.xml,https://www.rfc-editor.org/info/rfc7011,200
rfc9740.xml,https://www.rfc-editor.org/info/rfc7012,200
rfc9740.xml,https://www.rfc-editor.org/info/rfc8126,200
rfc9740.xml,https://www.rfc-editor.org/info/rfc8174,200
rfc9740.xml,https://www.rfc-editor.org/info/rfc8200,200
rfc9740.xml,https://www.rfc-editor.org/info/rfc9293,200
rfc9740.xml,https://datatracker.ietf.org/api/v1/doc/document/draft-ietf-6man-eh-limits/,200
rfc9740.xml,https://www.rfc-editor.org/info/rfc5102,200
rfc9740.xml,https://www.rfc-editor.org/info/rfc7609,200
rfc9740.xml,https://www.rfc-editor.org/info/rfc7872,200
rfc9740.xml,https://www.rfc-editor.org/info/rfc7974,200
rfc9740.xml,https://www.rfc-editor.org/info/rfc8547,200
rfc9740.xml,https://www.rfc-editor.org/info/rfc8883,200
rfc9740.xml,https://www.rfc-editor.org/info/rfc9098,200
rfc9695.xml,https://datatracker.ietf.org/doc/draft-ietf-mediaman-haptics-05,200
rfc9695.xml,https://dx.doi.org/10.17487/rfc9695,200
rfc9695.xml,https://www.rfc-editor.org/info/rfc9695,200
rfc9695.xml,https://trustee.ietf.org/license-info,200
rfc9695.xml,https://www.klab.com/en/,200
rfc9695.xml,https://www.crafts-meister.co.jp/pc/company_en.html,Connection error: HTTP Error 404: Not Found
rfc9695.xml,https://web.archive.org/web/20241201160955/https://www.businesswire.com/news/home/20171026006443/en/Immersion-Announces-Tencent-Licenses-TouchSense%C2%AE-Technology-Deliver,200
rfc9695.xml,https://www.rfc-editor.org/info/rfc6838,200
rfc9695.xml,https://www.rfc-editor.org/info/rfc9694,200
rfc9695.xml,https://developer.apple.com/documentation/corehaptics/representing_haptic_patterns_in_ahap_files,200
rfc9695.xml,https://www.counterpointresearch.com/insights/global-smartphone-os-market-share/,Connection error: HTTP Error 403: Forbidden
rfc9695.xml,https://www.vgchartz.com/article/459672/ps5-vs-xbox-series-xs-vs-switch-2023-worldwide-sales-comparison-charts-through-december/,200
rfc9695.xml,https://www.sellcell.com/how-many-mobile-phones-are-sold-each-year/,200
rfc9695.xml,https://ieeexplore.ieee.org/document/10555007,Connection error: HTTP Error 418: Unknown Code
rfc9695.xml,https://backlinko.com/iphone-users,200
rfc9695.xml,https://www.iso.org/standard/83102.html,200
rfc9695.xml,https://www.iana.org/form/media-types,200
rfc9695.xml,https://www.iso.org/standard/86122.html,200
rfc9695.xml,https://www.mpegstandards.org/standards/Explorations/40/,200
rfc9695.xml,https://w3c.github.io/gamepad/extensions.html,200
rfc9695.xml,https://www.w3.org/TR/2016/REC-vibration-20161018/,200
rfc9695.xml,https://www.w3.org/TR/vibration/,200
rfc9695.xml,https://www.linkedin.com/pulse/virtual-reality-market-size-2023-binarybox-studios-dfbif/,200
rfc9446.xml,https://datatracker.ietf.org/doc/draft-farrell-tenyearsafter-05,200
rfc9446.xml,https://dx.doi.org/10.17487/rfc9446,200
rfc9446.xml,https://www.rfc-editor.org/info/rfc9446,200
rfc9446.xml,https://trustee.ietf.org/license-info,200
rfc9446.xml,https://datatracker.ietf.org/wg/acme/about/,200
rfc9446.xml,https://dl.acm.org/doi/10.1145/2810103.2813707,Connection error: HTTP Error 403: Forbidden
rfc9446.xml,https://doi.org/10.5325/jinfopoli.11.2021.0376,Connection error: HTTP Error 403: Forbidden
rfc9446.xml,https://digitalmedusa.org/wp-content/uploads/2023/05/SanctionsandtheInternet-DigitalMedusa.pdf,200
rfc9446.xml,https://drenigma.org/2022/03/02/did-britain-sell-enigmas-postwar/,200
rfc9446.xml,https://www.cs.columbia.edu/~smb/papers/new-hash.pdf,200
rfc9446.xml,https://dl.acm.org/doi/10.1145/191177.191193,Connection error: HTTP Error 403: Forbidden
rfc9446.xml,https://www.science.org/doi/abs/10.1126/science.217.4563.910,Connection error: HTTP Error 403: Forbidden
rfc9446.xml,https://datatracker.ietf.org/rg/cfrg/about/,200
rfc9446.xml,https://dl.acm.org/citation.cfm?id=2978395,Connection error: HTTP Error 403: Forbidden
rfc9446.xml,https://datatracker.ietf.org/wg/curdle/about/,200
rfc9446.xml,https://www.internetsociety.org/resources/doc/2012/human-rights-and-internet-protocols-comparing-processes-and-principles/,Connection error: HTTP Error 403: Forbidden
rfc9446.xml,https://eprint.iacr.org/2015/767.pdf,200
rfc9446.xml,https://abcnews.go.com/blogs/headlines/2014/05/ex-nsa-chief-we-kill-people-based-on-metadata,200
rfc9446.xml,https://www.nsa.gov/portals/75/documents/news-features/declassified-documents/cryptologic-histories/cold_war_iii.pdf,Connection error: HTTP Error 403: Forbidden
rfc9446.xml,https://www.jstor.org/stable/563928,Connection error: HTTP Error 403: Forbidden
rfc9446.xml,https://papers.ssrn.com/sol3/papers.cfm?abstract_id=3533069,Connection error: HTTP Error 403: Forbidden
rfc9446.xml,https://www.harvardnsj.org/wp-content/uploads/sites/13/2022/06/Vol13Iss2_Kostyuk-Landau_Dual-EC-DRGB.pdf,Connection error: HTTP Error 403: Forbidden
rfc9446.xml,https://privacyink.org/pdf/Zero_Knowledge.pdf,200
rfc9446.xml,https://jnslp.com/wp-content/uploads/2015/03/NSA%E2%80%99s-Efforts-to-Secure-Private-Sector-Telecommunications-Infrastructure_2.pdf,200
rfc9446.xml,https://dl.acm.org/doi/pdf/10.1145/3319535.3363192,Connection error: HTTP Error 403: Forbidden
rfc9446.xml,https://datatracker.ietf.org/wg/madinas/about,200
rfc9446.xml,https://copia.is/library/unintended-consequences/,Connection error: <urlopen error [SSL: CERTIFICATE_VERIFY_FAILED] certificate verify failed: unable to get local issuer certificate (_ssl.c:1006)>
rfc9446.xml,https://www.washingtonpost.com/graphics/2020/world/national-security/cia-crypto-encryption-machines-espionage/,Connection error: Remote end closed connection without response
rfc9446.xml,https://www.rapid7.com/blog/post/2015/12/20/cve-2015-7755-juniper-screenos-authentication-backdoor/,200
rfc9446.xml,https://datatracker.ietf.org/doc/html/draft-ietf-mpls-opportunistic-encrypt-03,200
rfc9446.xml,https://mailarchive.ietf.org/arch/browse/perpass/,200
rfc9446.xml,https://www.ietf.org/proceedings/88/perpass.html,200
rfc9446.xml,https://www.youtube.com/watch?v=oV71hhEpQ20&pp=ygUQaWV0ZiA4OCBwbGVuYXJ5IA%3D%3D,200
rfc9446.xml,https://datatracker.ietf.org/doc/rfc7258/referencedby/,200
rfc9446.xml,https://www.rfc-editor.org/info/rfc1984,200
rfc9446.xml,https://www.rfc-editor.org/info/rfc3365,200
rfc9446.xml,https://www.rfc-editor.org/info/rfc6462,200
rfc9446.xml,https://www.rfc-editor.org/info/rfc7217,200
rfc9446.xml,https://www.rfc-editor.org/info/rfc7258,200
rfc9446.xml,https://www.rfc-editor.org/info/rfc7480,200
rfc9446.xml,https://www.rfc-editor.org/info/rfc7481,200
rfc9446.xml,https://www.rfc-editor.org/info/rfc7687,200
rfc9446.xml,https://www.rfc-editor.org/info/rfc7858,200
rfc9446.xml,https://www.rfc-editor.org/info/rfc8056,200
rfc9446.xml,https://www.rfc-editor.org/info/rfc8064,200
rfc9446.xml,https://www.rfc-editor.org/info/rfc8280,200
rfc9446.xml,https://www.rfc-editor.org/info/rfc8446,200
rfc9446.xml,https://www.rfc-editor.org/info/rfc8461,200
rfc9446.xml,https://www.rfc-editor.org/info/rfc8484,200
rfc9446.xml,https://www.rfc-editor.org/info/rfc8981,200
rfc9446.xml,https://www.rfc-editor.org/info/rfc9000,200
rfc9446.xml,https://www.rfc-editor.org/info/rfc9082,200
rfc9446.xml,https://www.rfc-editor.org/info/rfc9083,200
rfc9446.xml,https://www.rfc-editor.org/info/rfc9113,200
rfc9446.xml,https://www.rfc-editor.org/info/rfc9224,200
rfc9446.xml,https://www.theverge.com/2022/3/5/22962822/internet-backbone-provider-cogent-shuts-off-service-russia,200
rfc9446.xml,https://books.google.com/books?id=MJYBAAAAQAAJ,200
rfc9446.xml,https://books.google.com/books?id=Z45clCxsF7EC,200
rfc9446.xml,https://www.w3.org/2014/strint/,200
rfc9446.xml,https://en.wikipedia.org/w/index.php?title=Global_surveillance_disclosures_(2013%E2%80%93present)&oldid=1161557819,200
rfc9446.xml,https://datatracker.ietf.org/doc/html/draft-ietf-tls-esni-16,200
rfc9446.xml,https://www.npr.org/sections/thetwo-way/2014/01/31/269418375/airport-wi-fi-used-to-track-travelers-snowden-leak-alleges,200
rfc9446.xml,https://datatracker.ietf.org/wg/uta/about,200
rfc9255.xml,https://datatracker.ietf.org/doc/draft-ietf-sidrops-rpki-has-no-identity-07,200
rfc9255.xml,https://dx.doi.org/10.17487/rfc9255,200
rfc9255.xml,https://www.rfc-editor.org/info/rfc9255,200
rfc9255.xml,https://trustee.ietf.org/license-info,200
rfc9255.xml,https://www.rfc-editor.org/info/rfc2119,200
rfc9255.xml,https://www.rfc-editor.org/info/rfc5280,200
rfc9255.xml,https://www.rfc-editor.org/info/rfc6480,200
rfc9255.xml,https://www.rfc-editor.org/info/rfc7382,200
rfc9255.xml,https://www.rfc-editor.org/info/rfc8174,200
rfc9255.xml,https://www.rfc-editor.org/info/rfc8635,200
rfc9255.xml,https://datatracker.ietf.org/doc/html/draft-ietf-sidrops-aspa-profile-07,200
rfc9255.xml,https://www.ietf.org/archive/id/draft-ietf-sidrops-aspa-profile-07.txt,200
rfc9255.xml,https://www.rfc-editor.org/info/rfc3912,200
rfc9255.xml,https://www.rfc-editor.org/info/rfc6493,200
rfc9255.xml,https://datatracker.ietf.org/doc/html/draft-ietf-sidrops-rpki-rsc-08,200
rfc9255.xml,https://www.ietf.org/archive/id/draft-ietf-sidrops-rpki-rsc-08.txt,200
rfc9255.xml,https://datatracker.ietf.org/doc/html/draft-ietf-sidrops-rpki-rta-00,200
rfc8728.xml,https://datatracker.ietf.org/doc/draft-ietf-iasa2-rfc6635bis-04,200
rfc8728.xml,https://dx.doi.org/10.17487/rfc8728,200
rfc8728.xml,https://www.rfc-editor.org/info/rfc8728,200
rfc8728.xml,https://trustee.ietf.org/license-info,200
rfc8728.xml,https://www.rfc-editor.org/info/rfc2850,200
rfc8728.xml,https://www.rfc-editor.org/info/rfc6635,200
rfc8728.xml,https://www.rfc-editor.org/info/rfc8711,200
rfc8728.xml,https://www.rfc-editor.org/info/rfc8729,200
rfc8728.xml,https://www.rfc-editor.org/info/rfc5620,200
rfc8728.xml,https://www.rfc-editor.org/info/rfc8713,200
rfc9242.xml,https://datatracker.ietf.org/doc/draft-ietf-ipsecme-ikev2-intermediate-10,200
rfc9242.xml,https://dx.doi.org/10.17487/rfc9242,200
rfc9242.xml,https://www.rfc-editor.org/info/rfc9242,200
rfc9242.xml,https://trustee.ietf.org/license-info,200
rfc9242.xml,https://www.rfc-editor.org/info/rfc2119,200
rfc9242.xml,https://www.rfc-editor.org/info/rfc7296,200
rfc9242.xml,https://www.rfc-editor.org/info/rfc7383,200
rfc9242.xml,https://www.rfc-editor.org/info/rfc8174,200
rfc9242.xml,https://www.rfc-editor.org/info/rfc5282,200
rfc9242.xml,https://www.rfc-editor.org/info/rfc5723,200
rfc9242.xml,https://www.rfc-editor.org/info/rfc6928,200
rfc9242.xml,https://www.rfc-editor.org/info/rfc8019,200
rfc9242.xml,https://www.rfc-editor.org/info/rfc8229,200
rfc8802.xml,https://datatracker.ietf.org/doc/draft-aranda-dispatch-q4s-10,200
rfc8802.xml,https://dx.doi.org/10.17487/rfc8802,200
rfc8802.xml,https://www.rfc-editor.org/info/rfc8802,200
rfc8802.xml,https://trustee.ietf.org/license-info,200
rfc8802.xml,https://www.rfc-editor.org/info/rfc7230,200
rfc8802.xml,https://www.rfc-editor.org/info/rfc7231,200
rfc8802.xml,https://www.rfc-editor.org/info/rfc7232,200
rfc8802.xml,https://www.rfc-editor.org/info/rfc7233,200
rfc8802.xml,https://www.rfc-editor.org/info/rfc7234,200
rfc8802.xml,https://www.rfc-editor.org/info/rfc7235,200
rfc8802.xml,https://www.rfc-editor.org/info/rfc2818,200
rfc8802.xml,https://www.rfc-editor.org/info/rfc2119,200
rfc8802.xml,https://www.rfc-editor.org/info/rfc8174,200
rfc8802.xml,https://www.rfc-editor.org/info/rfc3986,200
rfc8802.xml,https://www.rfc-editor.org/info/rfc3629,200
rfc8802.xml,https://www.rfc-editor.org/info/rfc5322,200
rfc8802.xml,https://www.rfc-editor.org/info/rfc5234,200
rfc8802.xml,https://www.rfc-editor.org/info/rfc6234,200
rfc8802.xml,https://www.rfc-editor.org/info/rfc8017,200
rfc8802.xml,https://www.rfc-editor.org/info/rfc3264,200
rfc8802.xml,https://www.rfc-editor.org/info/rfc4566,200
rfc8802.xml,https://www.rfc-editor.org/info/rfc3550,200
rfc8802.xml,https://www.rfc-editor.org/info/rfc793,200
rfc8802.xml,https://www.rfc-editor.org/info/rfc792,200
rfc8802.xml,https://tools.ietf.org/html/draft-ietf-quic-transport-29,200
rfc8802.xml,http://www.ietf.org/internet-drafts/draft-ietf-quic-transport-29.txt,Connection error: HTTP Error 404: Not Found
rfc8802.xml,https://www.rfc-editor.org/info/rfc4656,200
rfc8802.xml,https://www.rfc-editor.org/info/rfc5357,200
rfc8802.xml,https://www.rfc-editor.org/info/rfc3261,200
rfc8802.xml,https://www.rfc-editor.org/info/rfc768,200
rfc8802.xml,https://doi.org/10.1145/263932.264023,Connection error: HTTP Error 403: Forbidden
rfc8802.xml,https://www.rfc-editor.org/info/rfc3649,200
rfc8802.xml,https://tools.ietf.org/html/draft-rhee-tcpm-cubic-02,200
rfc8802.xml,http://www.ietf.org/internet-drafts/draft-rhee-tcpm-cubic-02.txt,Connection error: HTTP Error 404: Not Found
rfc8802.xml,https://tools.ietf.org/html/draft-sridharan-tcpm-ctcp-02,200
rfc8802.xml,http://www.ietf.org/internet-drafts/draft-sridharan-tcpm-ctcp-02.txt,Connection error: HTTP Error 404: Not Found
rfc8672.xml,https://datatracker.ietf.org/doc/draft-sheffer-tls-pinning-ticket-12,200
rfc8672.xml,https://dx.doi.org/10.17487/rfc8672,200
rfc8672.xml,https://www.rfc-editor.org/info/rfc8672,200
rfc8672.xml,https://www.rfc-editor.org/info/rfc2119,200
rfc8672.xml,https://www.rfc-editor.org/info/rfc8126,200
rfc8672.xml,https://www.rfc-editor.org/info/rfc8174,200
rfc8672.xml,https://www.rfc-editor.org/info/rfc8446,200
rfc8672.xml,https://www.rfc-editor.org/info/rfc8447,200
rfc8672.xml,https://news.netcraft.com/archives/2016/03/30/http-public-key-pinning-youre-doing-it-wrong.html,Connection error: HTTP Error 403: Forbidden
rfc8672.xml,https://www.rfc-editor.org/info/rfc2104,200
rfc8672.xml,https://www.rfc-editor.org/info/rfc5077,200
rfc8672.xml,https://www.rfc-editor.org/info/rfc5246,200
rfc8672.xml,https://www.rfc-editor.org/info/rfc6454,200
rfc8672.xml,https://www.rfc-editor.org/info/rfc6962,200
rfc8672.xml,https://www.rfc-editor.org/info/rfc7258,200
rfc8672.xml,https://www.rfc-editor.org/info/rfc7469,200
rfc8672.xml,https://www.rfc-editor.org/info/rfc7507,200
rfc8672.xml,https://www.rfc-editor.org/info/rfc8555,200
rfc8672.xml,https://www.iana.org/assignments/tls-extensiontype-values/,200
rfc8672.xml,https://tools.ietf.org/html/draft-perrin-tls-tack-02,200
rfc8672.xml,http://www.ietf.org/internet-drafts/draft-perrin-tls-tack-02.txt,Connection error: HTTP Error 404: Not Found
rfc8700.xml,https://datatracker.ietf.org/doc/draft-iab-fiftyyears-01,200
rfc8700.xml,https://dx.doi.org/10.17487/rfc8700,200
rfc8700.xml,https://www.rfc-editor.org/info/rfc8700,200
rfc8700.xml,https://www.rfc-editor.org,200
rfc8700.xml,https://en.wikipedia.org/w/index.php?title=The_Sorcerer%27s_Apprentice&oldid=925824658,200
rfc8700.xml,https://datatracker.ietf.org,200
rfc8700.xml,https://www.iab.org/documents/minutes/minutes-1988/iab-minutes-1988-07-12/,Connection error: HTTP Error 403: Forbidden
rfc8700.xml,https://www.ietf.org/old/2009/proceedings/prior29/IETF01.pdf,Connection error: HTTP Error 404: Not Found
rfc8700.xml,https://iaoc.ietf.org/documents/AMS-RPC-Public-Final-2009.pdf,200
rfc8700.xml,https://www.rfc-editor.org/rfc-online-2000.html,200
rfc8700.xml,https://www.rfc-editor.org/info/rfc1,200
rfc8700.xml,https://www.rfc-editor.org/info/rfc3,200
rfc8700.xml,https://www.rfc-editor.org/info/rfc114,200
rfc8700.xml,https://www.rfc-editor.org/info/rfc433,200
rfc8700.xml,https://www.rfc-editor.org/info/rfc690,200
rfc8700.xml,https://www.rfc-editor.org/info/rfc748,200
rfc8700.xml,https://www.rfc-editor.org/info/rfc902,200
rfc8700.xml,https://www.rfc-editor.org/info/rfc1000,200
rfc8700.xml,https://www.rfc-editor.org/info/rfc1083,200
rfc8700.xml,https://www.rfc-editor.org/info/rfc1122,200
rfc8700.xml,https://www.rfc-editor.org/info/rfc1123,200
rfc8700.xml,https://www.rfc-editor.org/info/rfc1150,200
rfc8700.xml,https://www.rfc-editor.org/info/rfc1311,200
rfc8700.xml,https://www.rfc-editor.org/info/rfc1818,200
rfc8700.xml,https://www.rfc-editor.org/info/rfc2441,200
rfc8700.xml,https://www.rfc-editor.org/info/rfc2468,200
rfc8700.xml,https://www.rfc-editor.org/info/rfc2555,200
rfc8700.xml,https://www.rfc-editor.org/info/rfc4714,200
rfc8700.xml,https://www.rfc-editor.org/info/rfc4844,200
rfc8700.xml,https://www.rfc-editor.org/info/rfc4845,200
rfc8700.xml,https://www.rfc-editor.org/info/rfc4846,200
rfc8700.xml,https://www.rfc-editor.org/info/rfc5540,200
rfc8700.xml,https://www.rfc-editor.org/info/rfc5620,200
rfc8700.xml,https://www.rfc-editor.org/info/rfc5742,200
rfc8700.xml,https://www.rfc-editor.org/info/rfc5743,200
rfc8700.xml,https://www.rfc-editor.org/info/rfc6360,200
rfc8700.xml,https://www.rfc-editor.org/info/rfc6410,200
rfc8700.xml,https://www.rfc-editor.org/info/rfc6548,200
rfc8700.xml,https://www.rfc-editor.org/info/rfc6635,200
rfc8700.xml,https://www.rfc-editor.org/info/rfc6949,200
rfc8700.xml,https://www.rfc-editor.org/info/rfc7990,200
rfc8700.xml,https://www.rfc-editor.org/info/rfc8126,200
rfc8700.xml,https://www.rfc-editor.org/info/rfc8153,200
rfc8700.xml,https://www.rfc-editor.org/about/rsag/,Connection error: HTTP Error 404: Not Found
rfc9413.xml,https://datatracker.ietf.org/doc/draft-iab-protocol-maintenance-12,200
rfc9413.xml,https://dx.doi.org/10.17487/rfc9413,200
rfc9413.xml,https://www.rfc-editor.org/info/rfc9413,200
rfc9413.xml,https://trustee.ietf.org/license-info,200
rfc9413.xml,https://www.rfc-editor.org/info/rfc4271,200
rfc9413.xml,https://www.rfc-editor.org/info/rfc7606,200
rfc9413.xml,https://www.rfc-editor.org/info/rfc8914,200
rfc9413.xml,https://www.rfc-editor.org/info/rfc6891,200
rfc9413.xml,https://www.rfc-editor.org/info/rfc6709,200
rfc9413.xml,https://html.spec.whatwg.org/,200
rfc9413.xml,https://www.rfc-editor.org/info/rfc9110,200
rfc9413.xml,https://www.rfc-editor.org/info/rfc9113,200
rfc9413.xml,https://www.rfc-editor.org/info/rfc6151,200
rfc9413.xml,https://www.rfc-editor.org/info/rfc9000,200
rfc9413.xml,https://www.rfc-editor.org/info/rfc760,200
rfc9413.xml,https://www.rfc-editor.org/info/rfc1958,200
rfc9413.xml,https://www.rfc-editor.org/info/rfc3117,200
rfc9413.xml,https://www.rfc-editor.org/info/rfc5218,200
rfc9413.xml,https://www.rfc-editor.org/info/rfc5704,200
rfc9413.xml,https://www.rfc-editor.org/info/rfc9170,200
rfc9413.xml,https://www.rfc-editor.org/info/rfc7568,200
rfc9413.xml,https://www.rfc-editor.org/info/rfc8446,200
rfc8979.xml,https://datatracker.ietf.org/doc/draft-ietf-sfc-serviceid-header-14,200
rfc8979.xml,https://dx.doi.org/10.17487/rfc8979,200
rfc8979.xml,https://www.rfc-editor.org/info/rfc8979,200
rfc8979.xml,https://trustee.ietf.org/license-info,200
rfc8979.xml,https://www.iana.org/assignments/nsh,200
rfc8979.xml,https://www.rfc-editor.org/info/rfc2119,200
rfc8979.xml,https://www.rfc-editor.org/info/rfc7665,200
rfc8979.xml,https://www.rfc-editor.org/info/rfc8174,200
rfc8979.xml,https://www.rfc-editor.org/info/rfc8300,200
rfc8979.xml,https://tools.ietf.org/html/draft-ietf-sfc-use-case-mobility-09,200
rfc8979.xml,https://www.ietf.org/internet-drafts/draft-ietf-sfc-use-case-mobility-09.txt,Connection error: HTTP Error 404: Not Found
rfc8979.xml,https://tools.ietf.org/html/draft-ietf-intarea-tunnels-10,200
rfc8979.xml,https://www.ietf.org/internet-drafts/draft-ietf-intarea-tunnels-10.txt,Connection error: HTTP Error 404: Not Found
rfc8979.xml,https://tools.ietf.org/html/draft-ietf-sfc-nsh-integrity-03,200
rfc8979.xml,https://www.ietf.org/internet-drafts/draft-ietf-sfc-nsh-integrity-03.txt,Connection error: HTTP Error 404: Not Found
rfc8979.xml,https://www.rfc-editor.org/info/rfc6973,200
rfc8979.xml,https://www.rfc-editor.org/info/rfc8165,200
rfc8979.xml,https://www.rfc-editor.org/info/rfc8371,200
rfc8839.xml,https://datatracker.ietf.org/doc/draft-ietf-mmusic-ice-sip-sdp-39,200
rfc8839.xml,https://dx.doi.org/10.17487/rfc8839,200
rfc8839.xml,https://www.rfc-editor.org/info/rfc8839,200
rfc8839.xml,https://trustee.ietf.org/license-info,200
rfc8839.xml,http://www.iana.org/assignments/sdp-parameters,200
rfc8839.xml,https://www.rfc-editor.org/info/rfc2119,200
rfc8839.xml,https://www.rfc-editor.org/info/rfc3261,200
rfc8839.xml,https://www.rfc-editor.org/info/rfc3262,200
rfc8839.xml,https://www.rfc-editor.org/info/rfc3264,200
rfc8839.xml,https://www.rfc-editor.org/info/rfc3312,200
rfc8839.xml,https://www.rfc-editor.org/info/rfc3556,200
rfc8839.xml,https://www.rfc-editor.org/info/rfc3605,200
rfc8839.xml,https://www.rfc-editor.org/info/rfc4032,200
rfc8839.xml,https://www.rfc-editor.org/info/rfc4566,200
rfc8839.xml,https://www.rfc-editor.org/info/rfc5234,200
rfc8839.xml,https://www.rfc-editor.org/info/rfc5389,200
rfc8839.xml,https://www.rfc-editor.org/info/rfc5766,200
rfc8839.xml,https://www.rfc-editor.org/info/rfc5768,200
rfc8839.xml,https://www.rfc-editor.org/info/rfc6336,200
rfc8839.xml,https://www.rfc-editor.org/info/rfc8174,200
rfc8839.xml,https://www.rfc-editor.org/info/rfc8445,200
rfc8839.xml,https://www.rfc-editor.org/info/rfc3725,200
rfc8839.xml,https://www.rfc-editor.org/info/rfc3960,200
rfc8839.xml,https://www.rfc-editor.org/info/rfc5245,200
rfc8839.xml,https://www.rfc-editor.org/info/rfc5626,200
rfc8839.xml,https://www.rfc-editor.org/info/rfc5898,200
rfc8839.xml,https://www.rfc-editor.org/info/rfc6679,200
rfc8839.xml,https://www.rfc-editor.org/info/rfc7675,200
rfc8839.xml,https://www.rfc-editor.org/info/rfc8126,200
rfc8839.xml,https://www.rfc-editor.org/info/rfc8859,200
rfc8839.xml,https://www.rfc-editor.org/info/rfc8863,200
rfc9179.xml,https://datatracker.ietf.org/doc/draft-ietf-netmod-geo-location-11,200
rfc9179.xml,https://dx.doi.org/10.17487/rfc9179,200
rfc9179.xml,https://www.rfc-editor.org/info/rfc9179,200
rfc9179.xml,https://trustee.ietf.org/license-info,200
rfc9179.xml,http://www.iau.org,Connection error: HTTP Error 403: Forbidden
rfc9179.xml,https://www.opengeospatial.org/,Connection error: HTTP Error 403: Forbidden
rfc9179.xml,https://www.rfc-editor.org/info/rfc2119,200
rfc9179.xml,https://www.rfc-editor.org/info/rfc6241,200
rfc9179.xml,https://www.rfc-editor.org/info/rfc6242,200
rfc9179.xml,https://www.rfc-editor.org/info/rfc6991,200
rfc9179.xml,https://www.rfc-editor.org/info/rfc8040,200
rfc9179.xml,https://www.rfc-editor.org/info/rfc8126,200
rfc9179.xml,https://www.rfc-editor.org/info/rfc8174,200
rfc9179.xml,https://www.rfc-editor.org/info/rfc8341,200
rfc9179.xml,https://www.rfc-editor.org/info/rfc8342,200
rfc9179.xml,https://www.rfc-editor.org/info/rfc8446,200
rfc9179.xml,https://portal.opengeospatial.org/files/?artifact_id=27810,200
rfc9179.xml,https://docs.opengeospatial.org/is/12-007r2/12-007r2.html,200
rfc9179.xml,https://portal.ogc.org/files/?artifact_id=20509,200
rfc9179.xml,https://www.rfc-editor.org/info/rfc3688,200
rfc9179.xml,https://www.rfc-editor.org/info/rfc5870,200
rfc9179.xml,https://www.rfc-editor.org/info/rfc6020,200
rfc9179.xml,https://www.rfc-editor.org/info/rfc7950,200
rfc9179.xml,https://www.rfc-editor.org/info/rfc8340,200
rfc9179.xml,https://www.w3.org/TR/2016/REC-geolocation-API-20161108/,200
rfc9633.xml,https://datatracker.ietf.org/doc/draft-ietf-detnet-yang-20,200
rfc9633.xml,https://dx.doi.org/10.17487/rfc9633,200
rfc9633.xml,https://www.rfc-editor.org/info/rfc9633,200
rfc9633.xml,https://trustee.ietf.org/license-info,200
rfc9633.xml,https://www.rfc-editor.org/info/rfc791,200
rfc9633.xml,https://www.rfc-editor.org/info/rfc4303,200
rfc9633.xml,https://www.rfc-editor.org/info/rfc6020,200
rfc9633.xml,https://www.rfc-editor.org/info/rfc6241,200
rfc9633.xml,https://www.rfc-editor.org/info/rfc6242,200
rfc9633.xml,https://www.rfc-editor.org/info/rfc6991,200
rfc9633.xml,https://www.rfc-editor.org/info/rfc7950,200
rfc9633.xml,https://www.rfc-editor.org/info/rfc8040,200
rfc9633.xml,https://www.rfc-editor.org/info/rfc8200,200
rfc9633.xml,https://www.rfc-editor.org/info/rfc8294,200
rfc9633.xml,https://www.rfc-editor.org/info/rfc8341,200
rfc9633.xml,https://www.rfc-editor.org/info/rfc8343,200
rfc9633.xml,https://www.rfc-editor.org/info/rfc8349,200
rfc9633.xml,https://www.rfc-editor.org/info/rfc8446,200
rfc9633.xml,https://www.rfc-editor.org/info/rfc8519,200
rfc9633.xml,https://www.rfc-editor.org/info/rfc8655,200
rfc9633.xml,https://www.rfc-editor.org/info/rfc8938,200
rfc9633.xml,https://www.rfc-editor.org/info/rfc8960,200
rfc9633.xml,https://www.rfc-editor.org/info/rfc8964,200
rfc9633.xml,https://www.rfc-editor.org/info/rfc9016,200
rfc9633.xml,https://ieeexplore.ieee.org/document/10004498,Connection error: HTTP Error 418: Unknown Code
rfc9633.xml,https://www.rfc-editor.org/info/rfc3688,200
rfc9633.xml,https://www.rfc-editor.org/info/rfc8259,200
rfc9633.xml,https://www.rfc-editor.org/info/rfc8340,200
rfc9633.xml,https://www.rfc-editor.org/info/rfc9055,200
rfc8708.xml,https://datatracker.ietf.org/doc/draft-ietf-lamps-cms-hash-sig-10,200
rfc8708.xml,https://dx.doi.org/10.17487/rfc8708,200
rfc8708.xml,https://www.rfc-editor.org/info/rfc8708,200
rfc8708.xml,https://trustee.ietf.org/license-info,200
rfc8708.xml,https://www.rfc-editor.org/info/rfc5652,200
rfc8708.xml,https://www.rfc-editor.org/info/rfc8554,200
rfc8708.xml,https://www.rfc-editor.org/info/rfc2119,200
rfc8708.xml,https://www.rfc-editor.org/info/rfc5280,200
rfc8708.xml,https://www.rfc-editor.org/info/rfc8174,200
rfc8708.xml,https://doi.org/10.6028/NIST.FIPS.180-4,200
rfc8708.xml,https://media.blackhat.com/us-13/us-13-Stamos-The-Factoring-Dead.pdf,Connection error: HTTP Error 403: Forbidden
rfc8708.xml,https://www.rfc-editor.org/info/rfc5911,200
rfc8708.xml,https://www.rfc-editor.org/info/rfc6268,200
rfc8708.xml,https://www.rfc-editor.org/info/rfc4108,200
rfc8708.xml,https://www.iana.org/assignments/leighton-micali-signatures/,200
rfc8708.xml,https://doi.org/10.1007/3-540-48184-2_32,200
rfc8708.xml,https://doi.org/10.1007/0-387-34805-0_21,200
rfc8708.xml,https://doi.org/10.1007/0-387-34805-0_40,200
rfc8708.xml,https://doi.org/10.17226/25196,200
rfc8708.xml,https://www.rfc-editor.org/info/rfc5912,200
rfc8708.xml,http://www.springer.com/cda/content/document/cda_downloaddocument/9783540887010-c1.pdf,Connection error: HTTP Error 404: Not Found
rfc8708.xml,https://www.rfc-editor.org/info/rfc4086,200
rfc8811.xml,https://datatracker.ietf.org/doc/draft-ietf-dots-architecture-18,200
rfc8811.xml,https://dx.doi.org/10.17487/rfc8811,200
rfc8811.xml,https://www.rfc-editor.org/info/rfc8811,200
rfc8811.xml,https://trustee.ietf.org/license-info,200
rfc8811.xml,https://www.rfc-editor.org/info/rfc2119,200
rfc8811.xml,https://www.rfc-editor.org/info/rfc4033,200
rfc8811.xml,https://www.rfc-editor.org/info/rfc4786,200
rfc8811.xml,https://www.rfc-editor.org/info/rfc6887,200
rfc8811.xml,https://www.rfc-editor.org/info/rfc8174,200
rfc8811.xml,https://www.rfc-editor.org/info/rfc8612,200
rfc8811.xml,https://tools.ietf.org/html/draft-ietf-dots-use-cases-25,200
rfc8811.xml,http://www.ietf.org/internet-drafts/draft-ietf-dots-use-cases-25.txt,Connection error: HTTP Error 404: Not Found
rfc8811.xml,https://tools.ietf.org/html/draft-ietf-tls-dtls13-38,200
rfc8811.xml,http://www.ietf.org/internet-drafts/draft-ietf-tls-dtls13-38.txt,Connection error: HTTP Error 404: Not Found
rfc8811.xml,https://www.rfc-editor.org/info/rfc768,200
rfc8811.xml,https://www.rfc-editor.org/info/rfc793,200
rfc8811.xml,https://www.rfc-editor.org/info/rfc1035,200
rfc8811.xml,https://www.rfc-editor.org/info/rfc2782,200
rfc8811.xml,https://www.rfc-editor.org/info/rfc3235,200
rfc8811.xml,https://www.rfc-editor.org/info/rfc3261,200
rfc8811.xml,https://www.rfc-editor.org/info/rfc4271,200
rfc8811.xml,https://www.rfc-editor.org/info/rfc4732,200
rfc8811.xml,https://www.rfc-editor.org/info/rfc5128,200
rfc8811.xml,https://www.rfc-editor.org/info/rfc5246,200
rfc8811.xml,https://www.rfc-editor.org/info/rfc5780,200
rfc8811.xml,https://www.rfc-editor.org/info/rfc6347,200
rfc8811.xml,https://www.rfc-editor.org/info/rfc6763,200
rfc8811.xml,https://www.rfc-editor.org/info/rfc7092,200
rfc8811.xml,https://www.rfc-editor.org/info/rfc7094,200
rfc8811.xml,https://www.rfc-editor.org/info/rfc7350,200
rfc8811.xml,https://www.rfc-editor.org/info/rfc7658,200
rfc8811.xml,https://www.rfc-editor.org/info/rfc8085,200
rfc8811.xml,https://www.rfc-editor.org/info/rfc8446,200
rfc8811.xml,https://www.rfc-editor.org/info/rfc8489,200
rfc8811.xml,https://www.rfc-editor.org/info/rfc8512,200
rfc8811.xml,https://www.rfc-editor.org/info/rfc8555,200
rfc8811.xml,https://www.rfc-editor.org/info/rfc8738,200
rfc8811.xml,https://www.rfc-editor.org/info/rfc8782,200
rfc8811.xml,https://www.rfc-editor.org/info/rfc8783,200
rfc8866.xml,https://datatracker.ietf.org/doc/draft-ietf-mmusic-rfc4566bis-37,200
rfc8866.xml,https://dx.doi.org/10.17487/rfc8866,200
rfc8866.xml,https://www.rfc-editor.org/info/rfc8866,200
rfc8866.xml,https://trustee.ietf.org/license-info,200
rfc8866.xml,http://www.iana.org/assignments/character-sets,200
rfc8866.xml,https://www.itu.int/rec/T-REC-E.164-201011-I/en,200
rfc8866.xml,https://www.rfc-editor.org/info/rfc1034,200
rfc8866.xml,https://www.rfc-editor.org/info/rfc1035,200
rfc8866.xml,https://www.rfc-editor.org/info/rfc2119,200
rfc8866.xml,https://www.rfc-editor.org/info/rfc2848,200
rfc8866.xml,https://www.rfc-editor.org/info/rfc2978,200
rfc8866.xml,https://www.rfc-editor.org/info/rfc3108,200
rfc8866.xml,https://www.rfc-editor.org/info/rfc3629,200
rfc8866.xml,https://www.rfc-editor.org/info/rfc3986,200
rfc8866.xml,https://www.rfc-editor.org/info/rfc4566,200
rfc8866.xml,https://www.rfc-editor.org/info/rfc5234,200
rfc8866.xml,https://www.rfc-editor.org/info/rfc5576,200
rfc8866.xml,https://www.rfc-editor.org/info/rfc5646,200
rfc8866.xml,https://www.rfc-editor.org/info/rfc5890,200
rfc8866.xml,https://www.rfc-editor.org/info/rfc5952,200
rfc8866.xml,https://www.rfc-editor.org/info/rfc7195,200
rfc8866.xml,https://www.rfc-editor.org/info/rfc8126,200
rfc8866.xml,https://www.rfc-editor.org/info/rfc8174,200
rfc8866.xml,https://www.rfc-editor.org/info/rfc8859,200
rfc8866.xml,https://www.rfc-editor.org/info/rfc8864,200
rfc8866.xml,https://www.itu.int/rec/T-REC-H.332-199809-I/en,200
rfc8866.xml,https://www.rfc-editor.org/info/rfc2045,200
rfc8866.xml,https://www.rfc-editor.org/info/rfc2327,200
rfc8866.xml,https://www.rfc-editor.org/info/rfc2974,200
rfc8866.xml,https://www.rfc-editor.org/info/rfc3261,200
rfc8866.xml,https://www.rfc-editor.org/info/rfc3264,200
rfc8866.xml,https://www.rfc-editor.org/info/rfc3550,200
rfc8866.xml,https://www.rfc-editor.org/info/rfc3551,200
rfc8866.xml,https://www.rfc-editor.org/info/rfc3556,200
rfc8866.xml,https://www.rfc-editor.org/info/rfc3605,200
rfc8866.xml,https://www.rfc-editor.org/info/rfc3711,200
rfc8866.xml,https://www.rfc-editor.org/info/rfc3840,200
rfc8866.xml,https://www.rfc-editor.org/info/rfc3890,200
rfc8866.xml,https://www.rfc-editor.org/info/rfc4568,200
rfc8866.xml,https://www.rfc-editor.org/info/rfc4855,200
rfc8866.xml,https://www.rfc-editor.org/info/rfc5124,200
rfc8866.xml,https://www.rfc-editor.org/info/rfc5322,200
rfc8866.xml,https://www.rfc-editor.org/info/rfc5735,200
rfc8866.xml,https://www.rfc-editor.org/info/rfc5771,200
rfc8866.xml,https://www.rfc-editor.org/info/rfc5888,200
rfc8866.xml,https://www.rfc-editor.org/info/rfc5954,200
rfc8866.xml,https://www.rfc-editor.org/info/rfc6466,200
rfc8866.xml,https://www.rfc-editor.org/info/rfc6838,200
rfc8866.xml,https://www.rfc-editor.org/info/rfc7230,200
rfc8866.xml,https://www.rfc-editor.org/info/rfc7405,200
rfc8866.xml,https://www.rfc-editor.org/info/rfc7656,200
rfc8866.xml,https://www.rfc-editor.org/info/rfc7826,200
rfc8866.xml,https://www.rfc-editor.org/info/rfc8445,200
rfc8866.xml,https://www.rfc-editor.org/info/rfc8839,200
rfc8866.xml,https://www.rfc-editor.org/info/rfc8843,200
rfc9409.xml,https://datatracker.ietf.org/doc/draft-ietf-asap-siptrunkingcapability-link-05,200
rfc9409.xml,https://dx.doi.org/10.17487/rfc9409,200
rfc9409.xml,https://www.rfc-editor.org/info/rfc9409,200
rfc9409.xml,https://trustee.ietf.org/license-info,200
rfc9409.xml,https://www.rfc-editor.org/info/rfc8288,200
rfc9409.xml,https://www.rfc-editor.org/info/rfc3261,200
rfc9409.xml,https://www.rfc-editor.org/info/rfc3986,200
rfc9409.xml,https://www.rfc-editor.org/info/rfc6749,200
rfc9409.xml,https://www.rfc-editor.org/info/rfc7033,200
rfc9409.xml,https://datatracker.ietf.org/doc/html/draft-ietf-asap-sip-auto-peer-07,200
rfc9712.xml,https://datatracker.ietf.org/doc/draft-daley-gendispatch-venue-requirements-03,200
rfc9712.xml,https://dx.doi.org/10.17487/rfc9712,200
rfc9712.xml,https://www.rfc-editor.org/info/rfc9712,200
rfc9712.xml,https://trustee.ietf.org/license-info,200
rfc9712.xml,https://www.rfc-editor.org/info/rfc8718,200
rfc9712.xml,https://www.rfc-editor.org/info/rfc8719,200
rfc9776.xml,https://datatracker.ietf.org/doc/draft-ietf-pim-3376bis-12,200
rfc9776.xml,https://dx.doi.org/10.17487/rfc9776,200
rfc9776.xml,https://www.rfc-editor.org/info/rfc9776,200
rfc9776.xml,https://trustee.ietf.org/license-info,200
rfc9776.xml,https://www.rfc-editor.org/info/bcp57,200
rfc9776.xml,https://www.rfc-editor.org/info/rfc9778,200
rfc9776.xml,https://www.rfc-editor.org/info/rfc1112,200
rfc9776.xml,https://www.rfc-editor.org/info/rfc2113,200
rfc9776.xml,https://www.rfc-editor.org/info/rfc2119,200
rfc9776.xml,https://www.rfc-editor.org/info/rfc2236,200
rfc9776.xml,https://www.rfc-editor.org/info/rfc4302,200
rfc9776.xml,https://www.rfc-editor.org/info/rfc4604,200
rfc9776.xml,https://www.rfc-editor.org/info/rfc4607,200
rfc9776.xml,https://www.rfc-editor.org/info/rfc8174,200
rfc9776.xml,https://www.rfc-editor.org/info/rfc1071,200
rfc9776.xml,https://www.rfc-editor.org/info/rfc3376,200
rfc9776.xml,https://www.rfc-editor.org/info/rfc3569,200
rfc9776.xml,https://www.rfc-editor.org/info/rfc3678,200
rfc8901.xml,https://datatracker.ietf.org/doc/draft-ietf-dnsop-multi-provider-dnssec-05,200
rfc8901.xml,https://dx.doi.org/10.17487/rfc8901,200
rfc8901.xml,https://www.rfc-editor.org/info/rfc8901,200
rfc8901.xml,https://trustee.ietf.org/license-info,200
rfc8901.xml,https://www.rfc-editor.org/info/rfc1034,200
rfc8901.xml,https://www.rfc-editor.org/info/rfc1035,200
rfc8901.xml,https://www.rfc-editor.org/info/rfc2845,200
rfc8901.xml,https://www.rfc-editor.org/info/rfc4033,200
rfc8901.xml,https://www.rfc-editor.org/info/rfc4034,200
rfc8901.xml,https://www.rfc-editor.org/info/rfc4035,200
rfc8901.xml,https://www.rfc-editor.org/info/rfc5155,200
rfc8901.xml,https://www.rfc-editor.org/info/rfc6781,200
rfc8901.xml,https://www.rfc-editor.org/info/rfc7344,200
rfc8901.xml,https://www.rfc-editor.org/info/rfc8078,200
rfc8901.xml,https://www.rfc-editor.org/info/rfc8198,200
rfc8901.xml,https://tools.ietf.org/html/draft-valsorda-dnsop-black-lies-00,200
rfc8901.xml,https://www.ietf.org/internet-drafts/draft-valsorda-dnsop-black-lies-00.txt,Connection error: HTTP Error 404: Not Found
rfc8901.xml,https://www.rfc-editor.org/info/rfc1995,200
rfc8901.xml,https://www.rfc-editor.org/info/rfc2136,200
rfc8901.xml,https://www.rfc-editor.org/info/rfc5731,200
rfc8901.xml,https://www.rfc-editor.org/info/rfc5936,200
rfc8901.xml,https://www.rfc-editor.org/info/rfc7129,200
rfc8901.xml,https://www.rfc-editor.org/info/rfc7858,200
rfc8901.xml,https://www.rfc-editor.org/info/rfc8484,200
rfc8901.xml,https://www.rfc-editor.org/info/rfc8499,200
rfc8677.xml,https://datatracker.ietf.org/doc/draft-trossen-sfc-name-based-sff-07,200
rfc8677.xml,https://dx.doi.org/10.17487/rfc8677,200
rfc8677.xml,https://www.rfc-editor.org/info/rfc8677,200
rfc8677.xml,https://www.rfc-editor.org/info/rfc2119,200
rfc8677.xml,https://www.rfc-editor.org/info/rfc3986,200
rfc8677.xml,https://www.rfc-editor.org/info/rfc7665,200
rfc8677.xml,https://www.rfc-editor.org/info/rfc8174,200
rfc8677.xml,https://www.rfc-editor.org/info/rfc8279,200
rfc8677.xml,https://www.rfc-editor.org/info/rfc8300,200
rfc8677.xml,https://tools.ietf.org/html/draft-ietf-bier-multicast-http-response-01,200
rfc8677.xml,http://www.ietf.org/internet-drafts/draft-ietf-bier-multicast-http-response-01.txt,Connection error: HTTP Error 404: Not Found
rfc8677.xml,https://ieeexplore.ieee.org/document/7511036,Connection error: HTTP Error 418: Unknown Code
rfc8677.xml,https://research.fb.com/wp-content/uploads/2017/08/sigcomm17-final177-2billion.pdf,200
rfc8677.xml,https://www.3gpp.org/ftp/Specs/html-info/29500.htm,Connection error: HTTP Error 403: Forbidden: Access is denied.
rfc8677.xml,https://www.3gpp.org/ftp/tsg_sa/WG2_Arch/TSGS2_126_Montreal/Docs/S2-182904.zip,200
rfc9469.xml,https://datatracker.ietf.org/doc/draft-ietf-nvo3-evpn-applicability-06,200
rfc9469.xml,https://dx.doi.org/10.17487/rfc9469,200
rfc9469.xml,https://www.rfc-editor.org/info/rfc9469,200
rfc9469.xml,https://trustee.ietf.org/license-info,200
rfc9469.xml,https://www.iana.org/assignments/evpn/,200
rfc9469.xml,https://www.rfc-editor.org/info/rfc7364,200
rfc9469.xml,https://www.rfc-editor.org/info/rfc7365,200
rfc9469.xml,https://www.rfc-editor.org/info/rfc7432,200
rfc9469.xml,https://datatracker.ietf.org/doc/html/draft-ietf-rtgwg-bgp-pic-19,200
rfc9469.xml,https://ieeexplore.ieee.org/document/6770468,Connection error: HTTP Error 418: Unknown Code
rfc9469.xml,https://datatracker.ietf.org/doc/html/draft-ietf-bess-evpn-geneve-06,200
rfc9469.xml,https://datatracker.ietf.org/doc/html/draft-ietf-bess-evpn-ipvpn-interworking-08,200
rfc9469.xml,https://datatracker.ietf.org/doc/html/draft-ietf-bess-evpn-irb-mcast-09,200
rfc9469.xml,https://datatracker.ietf.org/doc/html/draft-ietf-bess-evpn-lsp-ping-11,200
rfc9469.xml,https://datatracker.ietf.org/doc/html/draft-ietf-bess-evpn-mvpn-seamless-interop-05,200
rfc9469.xml,https://datatracker.ietf.org/doc/html/draft-ietf-bess-evpn-optimized-ir-12,200
rfc9469.xml,https://datatracker.ietf.org/doc/html/draft-skr-bess-evpn-pim-proxy-01,200
rfc9469.xml,https://datatracker.ietf.org/doc/html/draft-ietf-bess-evpn-pref-df-11,200
rfc9469.xml,https://doi.org/10.1109/IEEESTD.2014.7055197,Connection error: HTTP Error 418: Unknown Code
rfc9469.xml,https://datatracker.ietf.org/doc/html/draft-ietf-nvo3-encap-09,200
rfc9469.xml,https://www.rfc-editor.org/info/rfc4271,200
rfc9469.xml,https://www.rfc-editor.org/info/rfc4272,200
rfc9469.xml,https://www.rfc-editor.org/info/rfc4364,200
rfc9469.xml,https://www.rfc-editor.org/info/rfc4760,200
rfc9469.xml,https://www.rfc-editor.org/info/rfc5925,200
rfc9469.xml,https://www.rfc-editor.org/info/rfc6952,200
rfc9469.xml,https://www.rfc-editor.org/info/rfc7348,200
rfc9469.xml,https://datatracker.ietf.org/doc/html/draft-ietf-bess-rfc7432bis-07,200
rfc9469.xml,https://www.rfc-editor.org/info/rfc7510,200
rfc9469.xml,https://www.rfc-editor.org/info/rfc8365,200
rfc9469.xml,https://www.rfc-editor.org/info/rfc8584,200
rfc9469.xml,https://www.rfc-editor.org/info/rfc8926,200
rfc9469.xml,https://www.rfc-editor.org/info/rfc9012,200
rfc9469.xml,https://www.rfc-editor.org/info/rfc9014,200
rfc9469.xml,https://www.rfc-editor.org/info/rfc9135,200
rfc9469.xml,https://www.rfc-editor.org/info/rfc9136,200
rfc9469.xml,https://www.rfc-editor.org/info/rfc9161,200
rfc9469.xml,https://www.rfc-editor.org/info/rfc9251,200
rfc9469.xml,https://datatracker.ietf.org/doc/html/draft-ietf-bess-secure-evpn-00,200
rfc9632.xml,https://datatracker.ietf.org/doc/draft-ietf-opsawg-9092-update-11,200
rfc9632.xml,https://dx.doi.org/10.17487/rfc9632,200
rfc9632.xml,https://www.rfc-editor.org/info/rfc9632,200
rfc9632.xml,https://trustee.ietf.org/license-info,200
rfc9632.xml,https://www.iana.org/assignments/smi-numbers/,200
rfc9632.xml,https://www.rfc-editor.org/info/rfc2119,200
rfc9632.xml,https://www.rfc-editor.org/info/rfc2622,200
rfc9632.xml,https://www.rfc-editor.org/info/rfc2725,200
rfc9632.xml,https://www.rfc-editor.org/info/rfc3629,200
rfc9632.xml,https://www.rfc-editor.org/info/rfc3779,200
rfc9632.xml,https://www.rfc-editor.org/info/rfc4012,200
rfc9632.xml,https://www.rfc-editor.org/info/rfc4648,200
rfc9632.xml,https://www.rfc-editor.org/info/rfc5280,200
rfc9632.xml,https://www.rfc-editor.org/info/rfc5652,200
rfc9632.xml,https://www.rfc-editor.org/info/rfc6481,200
rfc9632.xml,https://www.rfc-editor.org/info/rfc6487,200
rfc9632.xml,https://www.rfc-editor.org/info/rfc6488,200
rfc9632.xml,https://www.rfc-editor.org/info/rfc8174,200
rfc9632.xml,https://www.rfc-editor.org/info/rfc8805,200
rfc9632.xml,https://www.rfc-editor.org/info/rfc8933,200
rfc9632.xml,https://www.rfc-editor.org/info/rfc9110,200
rfc9632.xml,https://www.rfc-editor.org/info/rfc9286,200
rfc9632.xml,https://github.com/massimocandela/geofeed-finder,200
rfc9632.xml,https://apps.db.ripe.net/docs/RPSL-Object-Types/Descriptions-of-Primary-Objects/#description-of-the-inet6num-object,200
rfc9632.xml,https://apps.db.ripe.net/docs/RPSL-Object-Types/Descriptions-of-Primary-Objects/#description-of-the-inetnum-object,200
rfc9632.xml,https://datatracker.ietf.org/doc/html/draft-ietf-regext-rdap-geofeed-07,200
rfc9632.xml,https://www.rfc-editor.org/info/rfc959,200
rfc9632.xml,https://www.rfc-editor.org/info/rfc3912,200
rfc9632.xml,https://www.rfc-editor.org/info/rfc4632,200
rfc9632.xml,https://www.rfc-editor.org/info/rfc5485,200
rfc9632.xml,https://www.rfc-editor.org/info/rfc6269,200
rfc9632.xml,https://www.rfc-editor.org/info/rfc7485,200
rfc9632.xml,https://www.rfc-editor.org/info/rfc7909,200
rfc9632.xml,https://www.rfc-editor.org/info/rfc9082,200
rfc9632.xml,https://www.rfc-editor.org/info/rfc9092,200
rfc9632.xml,https://www.rfc-editor.org/info/rfc9111,200
rfc9632.xml,https://www.ripe.net/manage-ips-and-asns/db/support/documentation/ripe-database-documentation,200
rfc9632.xml,https://www.ripe.net/publications/docs/ripe-181,200
rfc9632.xml,https://www.ripe.net/publications/docs/ripe-081,200
rfc9632.xml,https://sobornost.net/~job/using_geofeed_authenticators.txt,200
rfc9054.xml,https://datatracker.ietf.org/doc/draft-ietf-cose-hash-algs-09,200
rfc9054.xml,https://dx.doi.org/10.17487/rfc9054,200
rfc9054.xml,https://www.rfc-editor.org/info/rfc9054,200
rfc9054.xml,https://trustee.ietf.org/license-info,200
rfc9054.xml,https://www.iana.org/assignments/cose/,200
rfc9054.xml,https://doi.org/10.6028/NIST.FIPS.180-4,200
rfc9054.xml,https://doi.org/10.6028/NIST.FIPS.202,200
rfc9054.xml,https://www.rfc-editor.org/info/rfc2119,200
rfc9054.xml,https://www.rfc-editor.org/info/rfc3174,200
rfc9054.xml,https://www.rfc-editor.org/info/rfc8174,200
rfc9054.xml,https://www.rfc-editor.org/info/rfc9052,200
rfc9054.xml,https://www.rfc-editor.org/info/bcp201,200
rfc9054.xml,https://www.rfc-editor.org/info/rfc5652,200
rfc9054.xml,https://www.rfc-editor.org/info/rfc8152,200
rfc9054.xml,https://datatracker.ietf.org/doc/html/draft-ietf-cose-x509-08,200
rfc9054.xml,https://www.ietf.org/archive/id/draft-ietf-cose-x509-08.txt,200
rfc9054.xml,https://www.rfc-editor.org/info/rfc2634,200
rfc9054.xml,https://www.rfc-editor.org/info/rfc6194,200
rfc9054.xml,https://shattered.io/static/shattered.pdf,200
rfc9054.xml,https://datatracker.ietf.org/doc/html/draft-ietf-suit-manifest-19,200
rfc9054.xml,https://www.ietf.org/archive/id/draft-ietf-suit-manifest-19.txt,200
rfc9218.xml,https://datatracker.ietf.org/doc/draft-ietf-httpbis-priority-12,200
rfc9218.xml,https://dx.doi.org/10.17487/rfc9218,200
rfc9218.xml,https://www.rfc-editor.org/info/rfc9218,200
rfc9218.xml,https://trustee.ietf.org/license-info,200
rfc9218.xml,https://www.iana.org/assignments/http-priority,200
rfc9218.xml,https://www.iana.org/assignments/http-priority,200
rfc9218.xml,https://www.rfc-editor.org/info/rfc9110,200
rfc9218.xml,https://www.rfc-editor.org/info/rfc9113,200
rfc9218.xml,https://www.rfc-editor.org/info/rfc9114,200
rfc9218.xml,https://www.rfc-editor.org/info/rfc9000,200
rfc9218.xml,https://www.rfc-editor.org/info/rfc2119,200
rfc9218.xml,https://www.rfc-editor.org/info/rfc8126,200
rfc9218.xml,https://www.rfc-editor.org/info/rfc8174,200
rfc9218.xml,https://www.rfc-editor.org/info/rfc8941,200
rfc9218.xml,https://www.rfc-editor.org/info/rfc9111,200
rfc9218.xml,https://www.rfc-editor.org/info/rfc7239,200
rfc9218.xml,https://www.doi.org/10.5220/0008191701300143,200
rfc9218.xml,https://datatracker.ietf.org/doc/html/draft-lassey-priority-setting-00,200
rfc9218.xml,https://www.ietf.org/archive/id/draft-lassey-priority-setting-00.txt,200
rfc9218.xml,https://www.rfc-editor.org/info/rfc9002,200
rfc9218.xml,https://www.rfc-editor.org/info/rfc7540,200
rfc9218.xml,https://www.rfc-editor.org/info/rfc8081,200
rfc9218.xml,https://www.ietf.org/proceedings/83/slides/slides-83-httpbis-5.pdf,200
rfc9218.xml,https://github.com/pmeenan/http3-prioritization-proposal,200
rfc9382.xml,https://datatracker.ietf.org/doc/draft-irtf-cfrg-spake2-26,200
rfc9382.xml,https://dx.doi.org/10.17487/rfc9382,200
rfc9382.xml,https://www.rfc-editor.org/info/rfc9382,200
rfc9382.xml,https://trustee.ietf.org/license-info,200
rfc9382.xml,https://www.rfc-editor.org/info/rfc2104,200
rfc9382.xml,https://www.rfc-editor.org/info/rfc2119,200
rfc9382.xml,https://www.rfc-editor.org/info/rfc4493,200
rfc9382.xml,https://www.rfc-editor.org/info/rfc5480,200
rfc9382.xml,https://www.rfc-editor.org/info/rfc5869,200
rfc9382.xml,https://www.rfc-editor.org/info/rfc6234,200
rfc9382.xml,https://www.rfc-editor.org/info/rfc7914,200
rfc9382.xml,https://www.rfc-editor.org/info/rfc8032,200
rfc9382.xml,https://www.rfc-editor.org/info/rfc8174,200
rfc9382.xml,https://www.rfc-editor.org/info/rfc9380,200
rfc9382.xml,https://datatracker.ietf.org/doc/html/draft-irtf-cfrg-opaque-11,200
rfc9382.xml,https://doi.org/10.1007/978-3-030-56784-2_10,200
rfc9382.xml,https://doi.org/10.6028/NIST.SP.800-56Ar3,200
rfc9382.xml,https://doi.org/10.1007/978-3-540-30574-3_14,200
rfc9382.xml,https://www.rfc-editor.org/info/rfc8265,200
rfc9382.xml,https://github.com/cfrg/pake-selection,200
rfc9631.xml,https://datatracker.ietf.org/doc/draft-ietf-6man-comp-rtg-hdr-10,200
rfc9631.xml,https://dx.doi.org/10.17487/rfc9631,200
rfc9631.xml,https://www.rfc-editor.org/info/rfc9631,200
rfc9631.xml,https://trustee.ietf.org/license-info,200
rfc9631.xml,https://www.rfc-editor.org/info/rfc2119,200
rfc9631.xml,https://www.rfc-editor.org/info/rfc4302,200
rfc9631.xml,https://www.rfc-editor.org/info/rfc4443,200
rfc9631.xml,https://www.rfc-editor.org/info/rfc5095,200
rfc9631.xml,https://www.rfc-editor.org/info/rfc8174,200
rfc9631.xml,https://www.rfc-editor.org/info/rfc8200,200
rfc9631.xml,https://www.iana.org/assignments/ipv6-parameters,200
rfc9631.xml,https://www.iso.org/standard/30932.html,200
rfc9631.xml,https://www.rfc-editor.org/info/rfc2151,200
rfc9631.xml,https://www.rfc-editor.org/info/rfc4271,200
rfc9631.xml,https://www.rfc-editor.org/info/rfc5340,200
rfc9631.xml,https://www.rfc-editor.org/info/rfc5440,200
rfc9631.xml,https://www.rfc-editor.org/info/rfc6241,200
rfc9631.xml,https://www.rfc-editor.org/info/rfc8201,200
rfc9631.xml,https://www.rfc-editor.org/info/rfc8704,200
rfc8733.xml,https://datatracker.ietf.org/doc/draft-ietf-pce-stateful-pce-auto-bandwidth-12,200
rfc8733.xml,https://dx.doi.org/10.17487/rfc8733,200
rfc8733.xml,https://www.rfc-editor.org/info/rfc8733,200
rfc8733.xml,https://trustee.ietf.org/license-info,200
rfc8733.xml,https://doi.org/10.1109/IEEESTD.1985.82928,Connection error: HTTP Error 418: Unknown Code
rfc8733.xml,https://www.rfc-editor.org/info/rfc2119,200
rfc8733.xml,https://www.rfc-editor.org/info/rfc5440,200
rfc8733.xml,https://www.rfc-editor.org/info/rfc7525,200
rfc8733.xml,https://www.rfc-editor.org/info/rfc8126,200
rfc8733.xml,https://www.rfc-editor.org/info/rfc8174,200
rfc8733.xml,https://www.rfc-editor.org/info/rfc8231,200
rfc8733.xml,https://www.rfc-editor.org/info/rfc8253,200
rfc8733.xml,https://www.rfc-editor.org/info/rfc8281,200
rfc8733.xml,https://tools.ietf.org/html/draft-ietf-pce-pcep-yang-13,200
rfc8733.xml,http://www.ietf.org/internet-drafts/draft-ietf-pce-pcep-yang-13.txt,Connection error: HTTP Error 404: Not Found
rfc8733.xml,https://www.rfc-editor.org/info/rfc3209,200
rfc8733.xml,https://www.rfc-editor.org/info/rfc3471,200
rfc8733.xml,https://www.rfc-editor.org/info/rfc7420,200
rfc8733.xml,https://www.rfc-editor.org/info/rfc8051,200
rfc9298.xml,https://dx.doi.org/10.17487/rfc9298,200
rfc9298.xml,https://datatracker.ietf.org/doc/draft-ietf-masque-connect-udp-latest,200
rfc9298.xml,https://www.rfc-editor.org/info/rfc9298,200
rfc9298.xml,https://trustee.ietf.org/license-info,200
rfc9298.xml,https://www.iana.org/assignments/http-upgrade-tokens,200
rfc9298.xml,https://www.iana.org/assignments/well-known-uris,200
rfc9298.xml,https://www.rfc-editor.org/info/rfc2234,200
rfc9298.xml,https://www.rfc-editor.org/info/rfc3168,200
rfc9298.xml,https://www.rfc-editor.org/info/rfc8441,200
rfc9298.xml,https://www.rfc-editor.org/info/rfc9220,200
rfc9298.xml,https://www.rfc-editor.org/info/rfc9110,200
rfc9298.xml,https://www.rfc-editor.org/info/rfc9297,200
rfc9298.xml,https://www.rfc-editor.org/info/rfc9112,200
rfc9298.xml,https://www.rfc-editor.org/info/rfc9113,200
rfc9298.xml,https://www.rfc-editor.org/info/rfc9114,200
rfc9298.xml,https://www.rfc-editor.org/info/rfc9209,200
rfc9298.xml,https://www.rfc-editor.org/info/rfc9000,200
rfc9298.xml,https://www.rfc-editor.org/info/rfc9221,200
rfc9298.xml,https://www.rfc-editor.org/info/rfc2119,200
rfc9298.xml,https://www.rfc-editor.org/info/rfc8174,200
rfc9298.xml,https://www.rfc-editor.org/info/rfc9293,200
rfc9298.xml,https://www.rfc-editor.org/info/rfc6570,200
rfc9298.xml,https://www.rfc-editor.org/info/rfc768,200
rfc9298.xml,https://www.rfc-editor.org/info/rfc3986,200
rfc9298.xml,https://www.rfc-editor.org/info/rfc4787,200
rfc9298.xml,https://www.rfc-editor.org/info/rfc8899,200
rfc9298.xml,https://www.rfc-editor.org/info/rfc6040,200
rfc9298.xml,https://datatracker.ietf.org/doc/html/draft-schwartz-httpbis-helium-00,200
rfc9298.xml,https://www.ietf.org/archive/id/draft-schwartz-httpbis-helium-00.txt,200
rfc9298.xml,https://datatracker.ietf.org/doc/html/draft-pardue-httpbis-http-network-tunnelling-00,200
rfc9298.xml,https://www.ietf.org/archive/id/draft-pardue-httpbis-http-network-tunnelling-00.txt,200
rfc9298.xml,https://www.rfc-editor.org/info/rfc4443,200
rfc9298.xml,https://datatracker.ietf.org/doc/html/draft-schinazi-masque-00,200
rfc9298.xml,https://www.ietf.org/archive/id/draft-schinazi-masque-00.txt,200
rfc9298.xml,https://www.rfc-editor.org/info/rfc6169,200
rfc9298.xml,https://www.rfc-editor.org/info/rfc8085,200
rfc9298.xml,https://www.rfc-editor.org/info/rfc6455,200
rfc8835.xml,https://datatracker.ietf.org/doc/draft-ietf-rtcweb-transports-17,200
rfc8835.xml,https://dx.doi.org/10.17487/rfc8835,200
rfc8835.xml,https://www.rfc-editor.org/info/rfc8835,200
rfc8835.xml,https://trustee.ietf.org/license-info,200
rfc8835.xml,https://www.rfc-editor.org/info/rfc768,200
rfc8835.xml,https://www.rfc-editor.org/info/rfc793,200
rfc8835.xml,https://www.rfc-editor.org/info/rfc2119,200
rfc8835.xml,https://www.rfc-editor.org/info/rfc4571,200
rfc8835.xml,https://www.rfc-editor.org/info/rfc4594,200
rfc8835.xml,https://www.rfc-editor.org/info/rfc4941,200
rfc8835.xml,https://www.rfc-editor.org/info/rfc5389,200
rfc8835.xml,https://www.rfc-editor.org/info/rfc5764,200
rfc8835.xml,https://www.rfc-editor.org/info/rfc6062,200
rfc8835.xml,https://www.rfc-editor.org/info/rfc6347,200
rfc8835.xml,https://www.rfc-editor.org/info/rfc6544,200
rfc8835.xml,https://www.rfc-editor.org/info/rfc6724,200
rfc8835.xml,https://www.rfc-editor.org/info/rfc7231,200
rfc8835.xml,https://www.rfc-editor.org/info/rfc7235,200
rfc8835.xml,https://www.rfc-editor.org/info/rfc7639,200
rfc8835.xml,https://www.rfc-editor.org/info/rfc7656,200
rfc8835.xml,https://www.rfc-editor.org/info/rfc7983,200
rfc8835.xml,https://www.rfc-editor.org/info/rfc8083,200
rfc8835.xml,https://www.rfc-editor.org/info/rfc8174,200
rfc8835.xml,https://www.rfc-editor.org/info/rfc8260,200
rfc8835.xml,https://www.rfc-editor.org/info/rfc8261,200
rfc8835.xml,https://www.rfc-editor.org/info/rfc8421,200
rfc8835.xml,https://www.rfc-editor.org/info/rfc8445,200
rfc8835.xml,https://www.rfc-editor.org/info/rfc8446,200
rfc8835.xml,https://www.rfc-editor.org/info/rfc8656,200
rfc8835.xml,https://www.rfc-editor.org/info/rfc8825,200
rfc8835.xml,https://www.rfc-editor.org/info/rfc8826,200
rfc8835.xml,https://www.rfc-editor.org/info/rfc8827,200
rfc8835.xml,https://www.rfc-editor.org/info/rfc8831,200
rfc8835.xml,https://www.rfc-editor.org/info/rfc8832,200
rfc8835.xml,https://www.rfc-editor.org/info/rfc8833,200
rfc8835.xml,https://www.rfc-editor.org/info/rfc8834,200
rfc8835.xml,https://www.rfc-editor.org/info/rfc8836,200
rfc8835.xml,https://www.rfc-editor.org/info/rfc8837,200
rfc8835.xml,https://www.rfc-editor.org/info/rfc8841,200
rfc8835.xml,https://www.rfc-editor.org/info/rfc8842,200
rfc8835.xml,https://irtf.org/anrw/2016/anrw16-final17.pdf,Connection error: HTTP Error 403: Forbidden
rfc8835.xml,https://tools.ietf.org/html/draft-ietf-rtcweb-return-02,200
rfc8835.xml,http://www.ietf.org/internet-drafts/draft-ietf-rtcweb-return-02.txt,Connection error: HTTP Error 404: Not Found
rfc8835.xml,https://www.rfc-editor.org/info/rfc3484,200
rfc8835.xml,https://www.rfc-editor.org/info/rfc5014,200
rfc8835.xml,https://www.rfc-editor.org/info/rfc5128,200
rfc8835.xml,https://www.rfc-editor.org/info/rfc7657,200
rfc8835.xml,https://www.rfc-editor.org/info/rfc8155,200
rfc8835.xml,https://www.rfc-editor.org/info/rfc8699,200
rfc9080.xml,https://datatracker.ietf.org/doc/draft-ietf-homenet-babel-profile-07,200
rfc9080.xml,https://dx.doi.org/10.17487/rfc9080,200
rfc9080.xml,https://www.rfc-editor.org/info/rfc9080,200
rfc9080.xml,https://trustee.ietf.org/license-info,200
rfc9080.xml,https://www.rfc-editor.org/info/rfc2119,200
rfc9080.xml,https://www.rfc-editor.org/info/rfc7788,200
rfc9080.xml,https://www.rfc-editor.org/info/rfc8174,200
rfc9080.xml,https://www.rfc-editor.org/info/rfc8966,200
rfc9080.xml,https://www.rfc-editor.org/rfc/rfc9079,200
rfc9080.xml,https://datatracker.ietf.org/doc/html/draft-ietf-babel-rtt-extension-00,200
rfc9080.xml,https://www.ietf.org/archive/id/draft-ietf-babel-rtt-extension-00.txt,200
rfc9080.xml,https://datatracker.ietf.org/doc/html/draft-chroboczek-babel-diversity-routing-01,200
rfc9080.xml,https://www.ietf.org/archive/id/draft-chroboczek-babel-diversity-routing-01.txt,200
rfc9080.xml,http://arxiv.org/abs/1403.3488,200
rfc9080.xml,https://www.rfc-editor.org/info/rfc8967,200
rfc9080.xml,https://datatracker.ietf.org/doc/html/draft-chouasne-babel-tos-specific-00,200
rfc9080.xml,https://www.ietf.org/archive/id/draft-chouasne-babel-tos-specific-00.txt,200
rfc9540.xml,https://datatracker.ietf.org/doc/draft-ietf-ohai-svcb-config-07,200
rfc9540.xml,https://dx.doi.org/10.17487/rfc9540,200
rfc9540.xml,https://www.rfc-editor.org/info/rfc9540,200
rfc9540.xml,https://trustee.ietf.org/license-info,200
rfc9540.xml,https://www.rfc-editor.org/info/rfc9292,200
rfc9540.xml,https://www.rfc-editor.org/info/rfc9462,200
rfc9540.xml,https://www.rfc-editor.org/info/rfc9463,200
rfc9540.xml,https://www.rfc-editor.org/info/rfc9461,200
rfc9540.xml,https://www.rfc-editor.org/info/rfc8484,200
rfc9540.xml,https://www.rfc-editor.org/info/rfc9110,200
rfc9540.xml,https://www.rfc-editor.org/info/rfc9458,200
rfc9540.xml,https://www.rfc-editor.org/info/rfc2119,200
rfc9540.xml,https://www.rfc-editor.org/info/rfc8174,200
rfc9540.xml,https://www.rfc-editor.org/info/rfc9460,200
rfc9540.xml,https://www.rfc-editor.org/info/rfc8615,200
rfc9540.xml,https://datatracker.ietf.org/doc/html/draft-ietf-privacypass-key-consistency-01,200
rfc9540.xml,https://www.rfc-editor.org/info/rfc4033,200
rfc8843.xml,https://datatracker.ietf.org/doc/draft-ietf-mmusic-sdp-bundle-negotiation-54,200
rfc8843.xml,https://dx.doi.org/10.17487/rfc8843,200
rfc8843.xml,https://www.rfc-editor.org/info/rfc8843,200
rfc8843.xml,https://trustee.ietf.org/license-info,200
rfc8843.xml,https://www.rfc-editor.org/info/rfc2119,200
rfc8843.xml,https://www.rfc-editor.org/info/rfc3264,200
rfc8843.xml,https://www.rfc-editor.org/info/rfc3550,200
rfc8843.xml,https://www.rfc-editor.org/info/rfc3605,200
rfc8843.xml,https://www.rfc-editor.org/info/rfc3629,200
rfc8843.xml,https://www.rfc-editor.org/info/rfc3711,200
rfc8843.xml,https://www.rfc-editor.org/info/rfc4566,200
rfc8843.xml,https://www.rfc-editor.org/info/rfc4961,200
rfc8843.xml,https://www.rfc-editor.org/info/rfc5761,200
rfc8843.xml,https://www.rfc-editor.org/info/rfc5764,200
rfc8843.xml,https://www.rfc-editor.org/info/rfc5888,200
rfc8843.xml,https://www.rfc-editor.org/info/rfc6347,200
rfc8843.xml,https://www.rfc-editor.org/info/rfc7941,200
rfc8843.xml,https://www.rfc-editor.org/info/rfc8174,200
rfc8843.xml,https://www.rfc-editor.org/info/rfc8285,200
rfc8843.xml,https://www.rfc-editor.org/info/rfc8445,200
rfc8843.xml,https://www.rfc-editor.org/info/rfc8839,200
rfc8843.xml,https://www.rfc-editor.org/info/rfc8840,200
rfc8843.xml,https://www.rfc-editor.org/info/rfc8858,200
rfc8843.xml,https://www.rfc-editor.org/info/rfc8859,200
rfc8843.xml,https://tools.ietf.org/html/draft-ietf-avtext-lrr-07,200
rfc8843.xml,http://www.ietf.org/internet-drafts/draft-ietf-avtext-lrr-07.txt,Connection error: HTTP Error 404: Not Found
rfc8843.xml,https://www.rfc-editor.org/info/rfc2543,200
rfc8843.xml,https://www.rfc-editor.org/info/rfc3261,200
rfc8843.xml,https://www.rfc-editor.org/info/rfc3611,200
rfc8843.xml,https://www.rfc-editor.org/info/rfc4585,200
rfc8843.xml,https://www.rfc-editor.org/info/rfc5104,200
rfc8843.xml,https://www.rfc-editor.org/info/rfc5576,200
rfc8843.xml,https://www.rfc-editor.org/info/rfc7160,200
rfc8843.xml,https://www.rfc-editor.org/info/rfc7201,200
rfc8843.xml,https://www.rfc-editor.org/info/rfc7656,200
rfc8843.xml,https://www.rfc-editor.org/info/rfc7657,200
rfc8843.xml,https://www.rfc-editor.org/info/rfc8829,200
rfc8843.xml,https://www.rfc-editor.org/info/rfc8838,200
rfc9698.xml,https://datatracker.ietf.org/doc/draft-ietf-extra-jmapaccess-09,200
rfc9698.xml,https://dx.doi.org/10.17487/rfc9698,200
rfc9698.xml,https://www.rfc-editor.org/info/rfc9698,200
rfc9698.xml,https://trustee.ietf.org/license-info,200
rfc9698.xml,https://www.rfc-editor.org/info/rfc2119,200
rfc9698.xml,https://www.rfc-editor.org/info/rfc3501,200
rfc9698.xml,https://www.rfc-editor.org/info/rfc8174,200
rfc9698.xml,https://www.rfc-editor.org/info/rfc8474,200
rfc9698.xml,https://www.rfc-editor.org/info/rfc9051,200
rfc9698.xml,https://www.rfc-editor.org/info/rfc6530,200
rfc9698.xml,https://www.rfc-editor.org/info/rfc6855,200
rfc9698.xml,https://www.rfc-editor.org/info/rfc6857,200
rfc9698.xml,https://www.rfc-editor.org/info/rfc6858,200
rfc9698.xml,https://www.rfc-editor.org/info/rfc7628,200
rfc9698.xml,https://www.rfc-editor.org/info/rfc8620,200
rfc9025.xml,https://datatracker.ietf.org/doc/draft-ietf-detnet-mpls-over-udp-ip-08,200
rfc9025.xml,https://dx.doi.org/10.17487/rfc9025,200
rfc9025.xml,https://www.rfc-editor.org/info/rfc9025,200
rfc9025.xml,https://trustee.ietf.org/license-info,200
rfc9025.xml,https://www.rfc-editor.org/info/rfc2119,200
rfc9025.xml,https://www.rfc-editor.org/info/rfc7510,200
rfc9025.xml,https://www.rfc-editor.org/info/rfc8174,200
rfc9025.xml,https://www.rfc-editor.org/info/rfc8939,200
rfc9025.xml,https://www.rfc-editor.org/info/rfc8964,200
rfc9025.xml,https://tools.ietf.org/html/draft-ietf-detnet-security-16,200
rfc9025.xml,https://www.rfc-editor.org/info/rfc8655,200
rfc9025.xml,https://www.rfc-editor.org/info/rfc8754,200
rfc8814.xml,https://datatracker.ietf.org/doc/draft-ietf-idr-bgp-ls-segment-routing-msd-18,200
rfc8814.xml,https://dx.doi.org/10.17487/rfc8814,200
rfc8814.xml,https://www.rfc-editor.org/info/rfc8814,200
rfc8814.xml,https://trustee.ietf.org/license-info,200
rfc8814.xml,https://www.rfc-editor.org/info/rfc2119,200
rfc8814.xml,https://www.rfc-editor.org/info/rfc7752,200
rfc8814.xml,https://www.rfc-editor.org/info/rfc8174,200
rfc8814.xml,https://www.rfc-editor.org/info/rfc8476,200
rfc8814.xml,https://www.rfc-editor.org/info/rfc8491,200
rfc8814.xml,https://tools.ietf.org/html/draft-ietf-idr-bgp-model-09,200
rfc8814.xml,http://www.ietf.org/internet-drafts/draft-ietf-idr-bgp-model-09.txt,Connection error: HTTP Error 404: Not Found
rfc8814.xml,https://tools.ietf.org/html/draft-ietf-isis-mpls-elc-13,200
rfc8814.xml,http://www.ietf.org/internet-drafts/draft-ietf-isis-mpls-elc-13.txt,Connection error: HTTP Error 404: Not Found
rfc8814.xml,https://tools.ietf.org/html/draft-ietf-ospf-mpls-elc-15,200
rfc8814.xml,http://www.ietf.org/internet-drafts/draft-ietf-ospf-mpls-elc-15.txt,Connection error: HTTP Error 404: Not Found
rfc8814.xml,https://www.rfc-editor.org/info/rfc3031,200
rfc8814.xml,https://www.rfc-editor.org/info/rfc4271,200
rfc8814.xml,https://www.rfc-editor.org/info/rfc4272,200
rfc8814.xml,https://www.rfc-editor.org/info/rfc6952,200
rfc8814.xml,https://www.rfc-editor.org/info/rfc8402,200
rfc8814.xml,https://www.rfc-editor.org/info/rfc8664,200
rfc9055.xml,https://datatracker.ietf.org/doc/draft-ietf-detnet-security-16,200
rfc9055.xml,https://dx.doi.org/10.17487/rfc9055,200
rfc9055.xml,https://www.rfc-editor.org/info/rfc9055,200
rfc9055.xml,https://trustee.ietf.org/license-info,200
rfc9055.xml,https://www.rfc-editor.org/info/rfc8655,200
rfc9055.xml,https://www.rfc-editor.org/info/rfc8938,200
rfc9055.xml,https://www.rfc-editor.org/info/rfc8939,200
rfc9055.xml,https://www.rfc-editor.org/info/rfc8964,200
rfc9055.xml,https://www.rfc-editor.org/info/bcp107,200
rfc9055.xml,https://www.rfc-editor.org/info/rfc4107,200
rfc9055.xml,https://www.rfc-editor.org/info/bcp72,200
rfc9055.xml,https://www.rfc-editor.org/info/rfc3552,200
rfc9055.xml,https://datatracker.ietf.org/doc/html/draft-ietf-detnet-ip-oam-02,200
rfc9055.xml,https://www.ietf.org/archive/id/draft-ietf-detnet-ip-oam-02.txt,200
rfc9055.xml,https://datatracker.ietf.org/doc/html/draft-ietf-detnet-mpls-oam-03,200
rfc9055.xml,https://www.ietf.org/archive/id/draft-ietf-detnet-mpls-oam-03.txt,200
rfc9055.xml,https://datatracker.ietf.org/doc/html/draft-varga-detnet-service-model-02,200
rfc9055.xml,https://datatracker.ietf.org/doc/html/draft-ietf-detnet-yang-12,200
rfc9055.xml,https://www.ietf.org/archive/id/draft-ietf-detnet-yang-12.txt,200
rfc9055.xml,https://doi.org/10.1109/IEEESTD.2008.4579760,Connection error: HTTP Error 418: Unknown Code
rfc9055.xml,https://ieeexplore.ieee.org/document/8585421,Connection error: HTTP Error 418: Unknown Code
rfc9055.xml,https://ieeexplore.ieee.org/document/6032690,Connection error: HTTP Error 418: Unknown Code
rfc9055.xml,https://ieeexplore.ieee.org/document/6991462,Connection error: HTTP Error 418: Unknown Code
rfc9055.xml,https://ieeexplore.ieee.org/document/8613095,Connection error: HTTP Error 418: Unknown Code
rfc9055.xml,https://ieeexplore.ieee.org/document/7961303,Connection error: HTTP Error 418: Unknown Code
rfc9055.xml,https://trac.ietf.org/trac/ops/wiki/yang-security-guidelines,200
rfc9055.xml,https://datatracker.ietf.org/doc/html/draft-ietf-ipsecme-g-ikev2-02,200
rfc9055.xml,https://www.ietf.org/archive/id/draft-ietf-ipsecme-g-ikev2-02.txt,200
rfc9055.xml,https://en.wikiquote.org/w/index.php?title=Information_technology&oldid=2749907,200
rfc9055.xml,https://datatracker.ietf.org/doc/html/draft-ietf-mpls-opportunistic-encrypt-03,200
rfc9055.xml,https://www.ietf.org/archive/id/draft-ietf-mpls-opportunistic-encrypt-03.txt,200
rfc9055.xml,https://en.wikipedia.org/w/index.php?title=Network_segmentation&oldid=993163264,200
rfc9055.xml,https://en.wikipedia.org/w/index.php?title=Operational_technology&oldid=1011704361,200
rfc9055.xml,https://www.rfc-editor.org/info/rfc2474,200
rfc9055.xml,https://www.rfc-editor.org/info/rfc2475,200
rfc9055.xml,https://www.rfc-editor.org/info/rfc3985,200
rfc9055.xml,https://www.rfc-editor.org/info/rfc4253,200
rfc9055.xml,https://www.rfc-editor.org/info/rfc4301,200
rfc9055.xml,https://www.rfc-editor.org/info/rfc4302,200
rfc9055.xml,https://www.rfc-editor.org/info/rfc4385,200
rfc9055.xml,https://www.rfc-editor.org/info/rfc4432,200
rfc9055.xml,https://www.rfc-editor.org/info/rfc5586,200
rfc9055.xml,https://www.rfc-editor.org/info/rfc5880,200
rfc9055.xml,https://www.rfc-editor.org/info/rfc5905,200
rfc9055.xml,https://www.rfc-editor.org/info/rfc5920,200
rfc9055.xml,https://www.rfc-editor.org/info/rfc5921,200
rfc9055.xml,https://www.rfc-editor.org/info/rfc6071,200
rfc9055.xml,https://www.rfc-editor.org/info/rfc6073,200
rfc9055.xml,https://www.rfc-editor.org/info/rfc6274,200
rfc9055.xml,https://www.rfc-editor.org/info/rfc6478,200
rfc9055.xml,https://www.rfc-editor.org/info/rfc6562,200
rfc9055.xml,https://www.rfc-editor.org/info/rfc6632,200
rfc9055.xml,https://www.rfc-editor.org/info/rfc6941,200
rfc9055.xml,https://www.rfc-editor.org/info/rfc7384,200
rfc9055.xml,https://www.rfc-editor.org/info/rfc7567,200
rfc9055.xml,https://www.rfc-editor.org/info/rfc7641,200
rfc9055.xml,https://www.rfc-editor.org/info/rfc7748,200
rfc9055.xml,https://www.rfc-editor.org/info/rfc7835,200
rfc9055.xml,https://www.rfc-editor.org/info/rfc8446,200
rfc9055.xml,https://www.rfc-editor.org/info/rfc8578,200
rfc9055.xml,https://www.rfc-editor.org/info/rfc9016,200
rfc9055.xml,https://www.rfc-editor.org/info/rfc9023,200
rfc9055.xml,https://www.rfc-editor.org/info/rfc9025,200
rfc9055.xml,https://www.rfc-editor.org/info/rfc9056,200
rfc9777.xml,https://datatracker.ietf.org/doc/draft-ietf-pim-3810bis-12,200
rfc9777.xml,https://dx.doi.org/10.17487/rfc9777,200
rfc9777.xml,https://www.rfc-editor.org/info/rfc9777,200
rfc9777.xml,https://trustee.ietf.org/license-info,200
rfc9777.xml,https://www.rfc-editor.org/info/rfc2119,200
rfc9777.xml,https://www.rfc-editor.org/info/rfc2464,200
rfc9777.xml,https://www.rfc-editor.org/info/rfc2710,200
rfc9777.xml,https://www.rfc-editor.org/info/rfc2711,200
rfc9777.xml,https://www.rfc-editor.org/info/rfc4291,200
rfc9777.xml,https://www.rfc-editor.org/info/rfc4443,200
rfc9777.xml,https://www.rfc-editor.org/info/rfc4604,200
rfc9777.xml,https://www.rfc-editor.org/info/rfc4607,200
rfc9777.xml,https://www.rfc-editor.org/info/rfc8174,200
rfc9777.xml,https://www.rfc-editor.org/info/rfc8200,200
rfc9777.xml,https://www.rfc-editor.org/info/rfc9778,200
rfc9777.xml,https://www.rfc-editor.org/info/rfc3569,200
rfc9777.xml,https://www.rfc-editor.org/info/rfc3678,200
rfc9777.xml,https://www.rfc-editor.org/info/rfc3810,200
rfc9777.xml,https://www.rfc-editor.org/info/rfc4861,200
rfc9777.xml,https://www.rfc-editor.org/info/rfc4862,200
rfc9777.xml,https://www.rfc-editor.org/info/rfc9776,200
rfc9503.xml,https://datatracker.ietf.org/doc/draft-ietf-ippm-stamp-srpm-18,200
rfc9503.xml,https://dx.doi.org/10.17487/rfc9503,200
rfc9503.xml,https://www.rfc-editor.org/info/rfc9503,200
rfc9503.xml,https://trustee.ietf.org/license-info,200
rfc9503.xml,https://www.rfc-editor.org/info/rfc2119,200
rfc9503.xml,https://www.rfc-editor.org/info/rfc8174,200
rfc9503.xml,https://www.rfc-editor.org/info/rfc8762,200
rfc9503.xml,https://www.rfc-editor.org/info/rfc8972,200
rfc9503.xml,https://doi.org/10.1109/IEEESTD.2014.7055197,Connection error: HTTP Error 418: Unknown Code
rfc9503.xml,https://datatracker.ietf.org/doc/html/draft-ietf-ippm-stamp-yang-11,200
rfc9503.xml,https://datatracker.ietf.org/doc/html/draft-ietf-pce-binding-label-sid-16,200
rfc9503.xml,https://www.rfc-editor.org/info/rfc8126,200
rfc9503.xml,https://www.rfc-editor.org/info/rfc8402,200
rfc9503.xml,https://www.rfc-editor.org/info/rfc8545,200
rfc9503.xml,https://www.rfc-editor.org/info/rfc9256,200
rfc9503.xml,https://datatracker.ietf.org/doc/html/draft-ietf-ippm-stamp-on-lag-05,200
rfc9488.xml,https://datatracker.ietf.org/doc/draft-ietf-pce-local-protection-enforcement-11,200
rfc9488.xml,https://dx.doi.org/10.17487/rfc9488,200
rfc9488.xml,https://www.rfc-editor.org/info/rfc9488,200
rfc9488.xml,https://trustee.ietf.org/license-info,200
rfc9488.xml,https://www.rfc-editor.org/info/rfc2119,200
rfc9488.xml,https://www.rfc-editor.org/info/rfc3209,200
rfc9488.xml,https://www.rfc-editor.org/info/rfc4090,200
rfc9488.xml,https://www.rfc-editor.org/info/rfc5440,200
rfc9488.xml,https://www.rfc-editor.org/info/rfc8174,200
rfc9488.xml,https://www.rfc-editor.org/info/rfc8231,200
rfc9488.xml,https://www.rfc-editor.org/info/rfc8253,200
rfc9488.xml,https://www.rfc-editor.org/info/rfc8281,200
rfc9488.xml,https://www.rfc-editor.org/info/rfc9325,200
rfc9488.xml,https://www.rfc-editor.org/info/rfc4655,200
rfc9488.xml,https://www.rfc-editor.org/info/rfc8664,200
rfc9488.xml,https://www.rfc-editor.org/info/rfc9085,200
rfc9702.xml,https://datatracker.ietf.org/doc/draft-ietf-mpls-msd-yang-12,200
rfc9702.xml,https://dx.doi.org/10.17487/rfc9702,200
rfc9702.xml,https://www.rfc-editor.org/info/rfc9702,200
rfc9702.xml,https://trustee.ietf.org/license-info,200
rfc9702.xml,https://www.iana.org/assignments/igp-parameters,200
rfc9702.xml,https://www.iana.org/assignments/yang-parameters,200
rfc9702.xml,https://www.rfc-editor.org/info/rfc3688,200
rfc9702.xml,https://www.rfc-editor.org/info/rfc6020,200
rfc9702.xml,https://www.rfc-editor.org/info/rfc6241,200
rfc9702.xml,https://www.rfc-editor.org/info/rfc6242,200
rfc9702.xml,https://www.rfc-editor.org/info/rfc7950,200
rfc9702.xml,https://www.rfc-editor.org/info/rfc8040,200
rfc9702.xml,https://www.rfc-editor.org/info/rfc8341,200
rfc9702.xml,https://www.rfc-editor.org/info/rfc8342,200
rfc9702.xml,https://www.rfc-editor.org/info/rfc8349,200
rfc9702.xml,https://www.rfc-editor.org/info/rfc8446,200
rfc9702.xml,https://www.rfc-editor.org/info/rfc8476,200
rfc9702.xml,https://www.rfc-editor.org/info/rfc8491,200
rfc9702.xml,https://www.rfc-editor.org/info/rfc8960,200
rfc9702.xml,https://www.rfc-editor.org/info/rfc9088,200
rfc9702.xml,https://www.rfc-editor.org/info/rfc9352,200
rfc9702.xml,https://www.rfc-editor.org/info/rfc8340,200
rfc9702.xml,https://www.rfc-editor.org/info/rfc8662,200
rfc9702.xml,https://www.rfc-editor.org/info/rfc8664,200
rfc9702.xml,https://www.rfc-editor.org/info/rfc8814,200
rfc9700.xml,https://datatracker.ietf.org/doc/draft-ietf-oauth-security-topics-29,200
rfc9700.xml,https://dx.doi.org/10.17487/rfc9700,200
rfc9700.xml,https://www.rfc-editor.org/info/rfc9700,200
rfc9700.xml,https://trustee.ietf.org/license-info,200
rfc9700.xml,https://www.rfc-editor.org/info/bcp195,200
rfc9700.xml,https://www.rfc-editor.org/info/rfc8996,200
rfc9700.xml,https://www.rfc-editor.org/info/rfc9325,200
rfc9700.xml,https://www.rfc-editor.org/info/rfc3986,200
rfc9700.xml,https://www.rfc-editor.org/info/rfc6749,200
rfc9700.xml,https://www.rfc-editor.org/info/rfc6750,200
rfc9700.xml,https://www.rfc-editor.org/info/rfc6819,200
rfc9700.xml,https://www.rfc-editor.org/info/rfc7521,200
rfc9700.xml,https://www.rfc-editor.org/info/rfc7523,200
rfc9700.xml,https://www.rfc-editor.org/info/rfc8252,200
rfc9700.xml,https://www.rfc-editor.org/info/rfc8414,200
rfc9700.xml,https://www.rfc-editor.org/info/rfc8705,200
rfc9700.xml,https://www.rfc-editor.org/info/rfc9068,200
rfc9700.xml,https://arxiv.org/abs/1508.04324v2/,200
rfc9700.xml,https://arxiv.org/abs/1601.01229/,200
rfc9700.xml,https://arxiv.org/abs/1704.08539/,200
rfc9700.xml,https://arxiv.org/abs/1901.11520/,200
rfc9700.xml,https://issues.chromium.org/issues/40076763,200
rfc9700.xml,https://datatracker.ietf.org/doc/html/draft-bradley-oauth-jwt-encoded-state-09,200
rfc9700.xml,https://datatracker.ietf.org/doc/html/draft-ietf-oauth-v2-1-12,200
rfc9700.xml,https://openid.net/specs/oauth-v2-form-post-response-mode-1_0.html,200
rfc9700.xml,https://openid.net/specs/oauth-v2-multiple-response-types-1_0.html,200
rfc9700.xml,https://openid.net/specs/openid-connect-core-1_0.html,200
rfc9700.xml,https://openid.net/specs/openid-connect-discovery-1_0.html,200
rfc9700.xml,https://openid.net/specs/openid-financial-api-jarm.html,200
rfc9700.xml,https://cheatsheetseries.owasp.org/cheatsheets/Unvalidated_Redirects_and_Forwards_Cheat_Sheet.html,Connection error: HTTP Error 403: Forbidden
rfc9700.xml,https://www.microsoft.com/en-us/research/wp-content/uploads/2016/02/OAuthDemystified.pdf,200
rfc9700.xml,https://www.doc.ic.ac.uk/~maffeis/papers/jcs14.pdf,200
rfc9700.xml,https://dl.acm.org/doi/pdf/10.1145/3548606.3560692,Connection error: HTTP Error 403: Forbidden
rfc9700.xml,https://www.nds.rub.de/media/ei/arbeiten/2021/05/03/masterthesis.pdf,200
rfc9700.xml,https://css.csail.mit.edu/6.858/2012/readings/oauth-sso.pdf,200
rfc9700.xml,https://dl.acm.org/doi/pdf/10.1145/2976749.2978387,Connection error: HTTP Error 403: Forbidden
rfc9700.xml,https://www.rfc-editor.org/info/rfc2119,200
rfc9700.xml,https://www.rfc-editor.org/info/rfc7591,200
rfc9700.xml,https://www.rfc-editor.org/info/rfc7636,200
rfc9700.xml,https://www.rfc-editor.org/info/rfc8174,200
rfc9700.xml,https://www.rfc-editor.org/info/rfc8707,200
rfc9700.xml,https://www.rfc-editor.org/info/rfc9101,200
rfc9700.xml,https://www.rfc-editor.org/info/rfc9110,200
rfc9700.xml,https://www.rfc-editor.org/info/rfc9126,200
rfc9700.xml,https://www.rfc-editor.org/info/rfc9207,200
rfc9700.xml,https://www.rfc-editor.org/info/rfc9396,200
rfc9700.xml,https://www.rfc-editor.org/info/rfc9440,200
rfc9700.xml,https://www.rfc-editor.org/info/rfc9449,200
rfc9700.xml,https://datatracker.ietf.org/doc/html/draft-ietf-oauth-token-binding-08,200
rfc9700.xml,https://www.w3.org/TR/2016/REC-CSP2-20161215/,200
rfc9700.xml,https://www.w3.org/TR/CSP2/,200
rfc9700.xml,https://www.w3.org/TR/2017/CR-referrer-policy-20170126/,200
rfc9700.xml,https://www.w3.org/TR/referrer-policy/,200
rfc9700.xml,https://www.w3.org/TR/2021/REC-webauthn-2-20210408/,200
rfc9700.xml,https://www.w3.org/TR/webauthn-2/,200
rfc9700.xml,https://www.w3.org/TR/2017/REC-WebCryptoAPI-20170126/,200
rfc9700.xml,https://www.w3.org/TR/WebCryptoAPI/,200
rfc9700.xml,https://fetch.spec.whatwg.org/#http-cors-protocol,200
rfc9700.xml,https://html.spec.whatwg.org/multipage/web-messaging.html#web-messaging,200
rfc8840.xml,https://datatracker.ietf.org/doc/draft-ietf-mmusic-trickle-ice-sip-18,200
rfc8840.xml,https://dx.doi.org/10.17487/rfc8840,200
rfc8840.xml,https://www.rfc-editor.org/info/rfc8840,200
rfc8840.xml,https://trustee.ietf.org/license-info,200
rfc8840.xml,https://www.rfc-editor.org/info/rfc2119,200
rfc8840.xml,https://www.rfc-editor.org/info/rfc3261,200
rfc8840.xml,https://www.rfc-editor.org/info/rfc3262,200
rfc8840.xml,https://www.rfc-editor.org/info/rfc3264,200
rfc8840.xml,https://www.rfc-editor.org/info/rfc3605,200
rfc8840.xml,https://www.rfc-editor.org/info/rfc4566,200
rfc8840.xml,https://www.rfc-editor.org/info/rfc5234,200
rfc8840.xml,https://www.rfc-editor.org/info/rfc5761,200
rfc8840.xml,https://www.rfc-editor.org/info/rfc5888,200
rfc8840.xml,https://www.rfc-editor.org/info/rfc6086,200
rfc8840.xml,https://www.rfc-editor.org/info/rfc6838,200
rfc8840.xml,https://www.rfc-editor.org/info/rfc7405,200
rfc8840.xml,https://www.rfc-editor.org/info/rfc8174,200
rfc8840.xml,https://www.rfc-editor.org/info/rfc8445,200
rfc8840.xml,https://www.rfc-editor.org/info/rfc8838,200
rfc8840.xml,https://www.rfc-editor.org/info/rfc8839,200
rfc8840.xml,https://www.rfc-editor.org/info/rfc8843,200
rfc8840.xml,https://www.rfc-editor.org/info/rfc8858,200
rfc8840.xml,https://www.rfc-editor.org/info/rfc8859,200
rfc8840.xml,https://www.rfc-editor.org/info/rfc3311,200
rfc8840.xml,https://www.rfc-editor.org/info/rfc3840,200
rfc8840.xml,https://www.rfc-editor.org/info/rfc5389,200
rfc8840.xml,https://www.rfc-editor.org/info/rfc5627,200
rfc8840.xml,https://www.rfc-editor.org/info/rfc5766,200
rfc8761.xml,https://datatracker.ietf.org/doc/draft-ietf-netvc-requirements-10,200
rfc8761.xml,https://dx.doi.org/10.17487/rfc8761,200
rfc8761.xml,https://www.rfc-editor.org/info/rfc8761,200
rfc8761.xml,https://trustee.ietf.org/license-info,200
rfc8761.xml,https://www.itu.int/rec/R-REC-BT.2020-2-201510-I/en,200
rfc8761.xml,https://www.itu.int/rec/T-REC-G.1091/en,200
rfc8761.xml,https://www.iso.org/standard/63637.html,200
rfc8761.xml,https://www.iso.org/standard/67660.html,200
rfc8761.xml,https://www.itu.int/rec/T-REC-H.265,200
rfc8761.xml,https://hevc.hhi.fraunhofer.de/svn/svn_HEVCSoftware/,200
rfc8761.xml,http://www.digitizationguidelines.gov/term.php?term=highdynamicrangeimaging,Connection error: HTTP Error 403: Forbidden
rfc8761.xml,http://www.digitizationguidelines.gov/term.php?term=compressionvisuallylossless,Connection error: HTTP Error 403: Forbidden
rfc8761.xml,https://www.itu.int/md/T13-SG16-C-0988/en,200
rfc8761.xml,https://support.google.com/youtube/answer/1722171?hl=en,200
rfc8761.xml,https://mpeg.chiariglione.org/standards/mpeg-h/high-efficiency-video-coding/requirements-extension-hevc-coding-screen-content,Connection error: HTTP Error 404: Not Found
rfc8761.xml,https://www.itu.int/wftp3/av-arch/video-site/0104_Aus/,200
rfc8761.xml,https://tools.ietf.org/html/draft-ietf-netvc-testing-09,200
rfc8761.xml,http://www.ietf.org/internet-drafts/draft-ietf-netvc-testing-09.txt,Connection error: HTTP Error 404: Not Found
rfc8761.xml,https://ieeexplore.ieee.org/document/1292216,Connection error: HTTP Error 418: Unknown Code
rfc8761.xml,http://phenix.it-sudparis.eu/jct/doc_end_user/current_document.php?id=7281,Connection error: <urlopen error [Errno 111] Connection refused>
rfc8761.xml,https://www.itu.int/rec/R-REC-BT.601/,200
rfc8761.xml,https://www.iso.org/standard/75400.html,200
rfc8761.xml,https://www.iso.org/standard/74429.html,200
rfc8761.xml,https://www.itu.int/rec/R-REC-BT.709,200
rfc9605.xml,https://datatracker.ietf.org/doc/draft-ietf-sframe-enc-09,200
rfc9605.xml,https://dx.doi.org/10.17487/rfc9605,200
rfc9605.xml,https://www.rfc-editor.org/info/rfc9605,200
rfc9605.xml,https://trustee.ietf.org/license-info,200
rfc9605.xml,https://www.rfc-editor.org/info/rfc9420,200
rfc9605.xml,https://www.rfc-editor.org/info/rfc2119,200
rfc9605.xml,https://www.rfc-editor.org/info/rfc5116,200
rfc9605.xml,https://www.rfc-editor.org/info/rfc5869,200
rfc9605.xml,https://www.rfc-editor.org/info/rfc8126,200
rfc9605.xml,https://www.rfc-editor.org/info/rfc8174,200
rfc9605.xml,https://datatracker.ietf.org/doc/html/draft-ietf-mls-architecture-15,200
rfc9605.xml,https://datatracker.ietf.org/doc/html/draft-ietf-moq-transport-05,200
rfc9605.xml,https://www.rfc-editor.org/info/rfc3711,200
rfc9605.xml,https://www.rfc-editor.org/info/rfc6716,200
rfc9605.xml,https://www.rfc-editor.org/info/rfc7656,200
rfc9605.xml,https://www.rfc-editor.org/info/rfc7667,200
rfc9605.xml,https://www.rfc-editor.org/info/rfc8723,200
rfc9605.xml,https://www.rfc-editor.org/info/rfc8866,200
rfc9605.xml,https://datatracker.ietf.org/doc/html/draft-gouaillard-avtcore-codec-agn-rtp-payload-01,200
rfc9605.xml,https://github.com/sframe-wg/sframe/blob/025d568/test-vectors/test-vectors.json,200
rfc9605.xml,https://datatracker.ietf.org/api/v1/doc/document/draft-ietf-webtrans-overview/,200
rfc8724.xml,https://datatracker.ietf.org/doc/draft-ietf-lpwan-ipv6-static-context-hc-24,200
rfc8724.xml,https://dx.doi.org/10.17487/rfc8724,200
rfc8724.xml,https://www.rfc-editor.org/info/rfc8724,200
rfc8724.xml,https://trustee.ietf.org/license-info,200
rfc8724.xml,https://www.rfc-editor.org/info/rfc2119,200
rfc8724.xml,https://www.rfc-editor.org/info/rfc6936,200
rfc8724.xml,https://www.rfc-editor.org/info/rfc8174,200
rfc8724.xml,https://www.rfc-editor.org/info/rfc8200,200
rfc8724.xml,https://www.rfc-editor.org/info/rfc8376,200
rfc8724.xml,https://ieeexplore.ieee.org/document/6419735,Connection error: HTTP Error 418: Unknown Code
rfc8724.xml,https://www.rfc-editor.org/info/rfc4944,200
rfc8724.xml,https://www.rfc-editor.org/info/rfc5795,200
rfc8724.xml,https://www.rfc-editor.org/info/rfc6282,200
rfc8724.xml,https://www.rfc-editor.org/info/rfc6437,200
rfc8724.xml,https://www.rfc-editor.org/info/rfc7136,200
rfc8724.xml,https://www.rfc-editor.org/info/rfc8065,200
rfc9270.xml,https://datatracker.ietf.org/doc/draft-ietf-teas-gmpls-signaling-smp-12,200
rfc9270.xml,https://dx.doi.org/10.17487/rfc9270,200
rfc9270.xml,https://www.rfc-editor.org/info/rfc9270,200
rfc9270.xml,https://trustee.ietf.org/license-info,200
rfc9270.xml,https://www.itu.int/rec/T-REC-G.808.3,200
rfc9270.xml,https://www.rfc-editor.org/info/rfc2119,200
rfc9270.xml,https://www.rfc-editor.org/info/rfc3209,200
rfc9270.xml,https://www.rfc-editor.org/info/rfc3473,200
rfc9270.xml,https://www.rfc-editor.org/info/rfc4426,200
rfc9270.xml,https://www.rfc-editor.org/info/rfc4872,200
rfc9270.xml,https://www.rfc-editor.org/info/rfc4873,200
rfc9270.xml,https://www.rfc-editor.org/info/rfc8174,200
rfc9270.xml,https://www.itu.int/rec/T-REC-G.873.3-201709-I/en,200
rfc9270.xml,https://www.rfc-editor.org/info/rfc6372,200
rfc9270.xml,https://www.rfc-editor.org/info/rfc7412,200
rfc9270.xml,https://www.rfc-editor.org/info/rfc8776,200
rfc9270.xml,https://datatracker.ietf.org/doc/html/draft-ietf-teas-yang-te-30,200
rfc9615.xml,https://datatracker.ietf.org/doc/draft-ietf-dnsop-dnssec-bootstrapping-11,200
rfc9615.xml,https://dx.doi.org/10.17487/rfc9615,200
rfc9615.xml,https://www.rfc-editor.org/info/rfc9615,200
rfc9615.xml,https://trustee.ietf.org/license-info,200
rfc9615.xml,https://www.rfc-editor.org/info/rfc1035,200
rfc9615.xml,https://www.rfc-editor.org/info/rfc2119,200
rfc9615.xml,https://www.rfc-editor.org/info/rfc7344,200
rfc9615.xml,https://www.rfc-editor.org/info/rfc7477,200
rfc9615.xml,https://www.rfc-editor.org/info/rfc8078,200
rfc9615.xml,https://www.rfc-editor.org/info/rfc8174,200
rfc9615.xml,https://www.rfc-editor.org/info/rfc8552,200
rfc9615.xml,https://www.rfc-editor.org/info/rfc9156,200
rfc9615.xml,https://www.rfc-editor.org/info/rfc9499,200
rfc9615.xml,https://www.rfc-editor.org/info/bcp237,200
rfc9615.xml,https://www.rfc-editor.org/info/rfc9364,200
rfc9615.xml,https://datatracker.ietf.org/doc/html/draft-hardaker-dnsop-intentionally-temporary-insec-01,200
rfc9615.xml,https://www.rfc-editor.org/info/rfc8901,200
rfc9586.xml,https://datatracker.ietf.org/doc/draft-ietf-extra-imap-uidonly-08,200
rfc9586.xml,https://dx.doi.org/10.17487/rfc9586,200
rfc9586.xml,https://www.rfc-editor.org/info/rfc9586,200
rfc9586.xml,https://trustee.ietf.org/license-info,200
rfc9586.xml,https://www.iana.org/assignments/imap4-capabilities/,200
rfc9586.xml,https://www.iana.org/assignments/imap-response-codes/,200
rfc9586.xml,https://www.rfc-editor.org/info/rfc5234,200
rfc9586.xml,https://www.rfc-editor.org/info/rfc2119,200
rfc9586.xml,https://www.rfc-editor.org/info/rfc3501,200
rfc9586.xml,https://www.rfc-editor.org/info/rfc4315,200
rfc9586.xml,https://www.rfc-editor.org/info/rfc5256,200
rfc9586.xml,https://www.rfc-editor.org/info/rfc7162,200
rfc9586.xml,https://www.rfc-editor.org/info/rfc8174,200
rfc9586.xml,https://www.rfc-editor.org/info/rfc9051,200
rfc9586.xml,https://datatracker.ietf.org/doc/html/draft-gulbrandsen-imap-uidonly-00,200
rfc9718.xml,https://datatracker.ietf.org/doc/draft-ietf-dnsop-rfc7958bis-06,200
rfc9718.xml,https://dx.doi.org/10.17487/rfc9718,200
rfc9718.xml,https://www.rfc-editor.org/info/rfc9718,200
rfc9718.xml,https://trustee.ietf.org/license-info,200
rfc9718.xml,https://data.iana.org/root-anchors/root-anchors.xml,200
rfc9718.xml,https://data.iana.org/root-anchors/root-anchors.p7s,200
rfc9718.xml,https://www.iana.org/dnssec/procedures,200
rfc9718.xml,https://www.rfc-editor.org/info/rfc1034,200
rfc9718.xml,https://www.rfc-editor.org/info/rfc1035,200
rfc9718.xml,https://www.rfc-editor.org/info/rfc2119,200
rfc9718.xml,https://www.rfc-editor.org/info/rfc4033,200
rfc9718.xml,https://www.rfc-editor.org/info/rfc4034,200
rfc9718.xml,https://www.rfc-editor.org/info/rfc5011,200
rfc9718.xml,https://www.rfc-editor.org/info/rfc5652,200
rfc9718.xml,https://www.rfc-editor.org/info/rfc7958,200
rfc9718.xml,https://www.rfc-editor.org/info/rfc8174,200
rfc9718.xml,https://www.rfc-editor.org/info/rfc9157,200
rfc9718.xml,https://www.rfc-editor.org/info/rfc9364,200
rfc9718.xml,https://www.w3.org/TR/2006/REC-xml11-20060816,200
rfc9718.xml,https://www.w3.org/TR/2006/REC-xml11-20060816,200
rfc9718.xml,https://www.iana.org/dnssec/procedures,200
rfc9718.xml,https://www.oasis-open.org/committees/relax-ng/compact-20021121.html,200
rfc9718.xml,https://www.rfc-editor.org/errata/eid5932,200
rfc9718.xml,https://www.iana.org/dnssec/ceremonies,200
rfc8930.xml,https://datatracker.ietf.org/doc/draft-ietf-6lo-minimal-fragment-15,200
rfc8930.xml,https://dx.doi.org/10.17487/rfc8930,200
rfc8930.xml,https://www.rfc-editor.org/info/rfc8930,200
rfc8930.xml,https://trustee.ietf.org/license-info,200
rfc8930.xml,https://www.rfc-editor.org/info/rfc2119,200
rfc8930.xml,https://www.rfc-editor.org/info/rfc4919,200
rfc8930.xml,https://www.rfc-editor.org/info/rfc4944,200
rfc8930.xml,https://www.rfc-editor.org/info/rfc8174,200
rfc8930.xml,https://ieeexplore.ieee.org/abstract/document/8771317,Connection error: HTTP Error 418: Unknown Code
rfc8930.xml,https://tools.ietf.org/html/draft-ietf-lwig-6lowpan-virtual-reassembly-02,200
rfc8930.xml,https://www.ietf.org/internet-drafts/draft-ietf-lwig-6lowpan-virtual-reassembly-02.txt,Connection error: HTTP Error 404: Not Found
rfc8930.xml,https://www.rfc-editor.org/info/rfc3031,200
rfc8930.xml,https://www.rfc-editor.org/info/rfc4963,200
rfc8930.xml,https://www.rfc-editor.org/info/rfc6282,200
rfc8930.xml,https://www.rfc-editor.org/info/rfc6550,200
rfc8930.xml,https://www.rfc-editor.org/info/rfc8138,200
rfc8930.xml,https://www.rfc-editor.org/info/rfc8201,200
rfc8930.xml,https://www.rfc-editor.org/info/rfc8900,200
rfc8930.xml,https://www.rfc-editor.org/info/rfc8931,200
rfc9318.xml,https://datatracker.ietf.org/doc/draft-iab-mnqeu-report-04,200
rfc9318.xml,https://dx.doi.org/10.17487/rfc9318,200
rfc9318.xml,https://www.rfc-editor.org/info/rfc9318,200
rfc9318.xml,https://trustee.ietf.org/license-info,200
rfc9318.xml,https://www.iab.org/wp-content/IAB-uploads/2021/09/2021-09-07-Aldabbagh-Ofcom-presentationt-to-IAB-1v00-1.pdf,Connection error: HTTP Error 403: Forbidden
rfc9318.xml,https://www.iab.org/wp-content/IAB-uploads/2021/09/iab-position-paper-observability.pdf,Connection error: HTTP Error 403: Forbidden
rfc9318.xml,https://www.iab.org/wp-content/IAB-uploads/2021/09/transportstatsquality.pdf,Connection error: HTTP Error 403: Forbidden
rfc9318.xml,https://www.iab.org/wp-content/IAB-uploads/2021/09/single-delay-metric-1.pdf,Connection error: HTTP Error 403: Forbidden
rfc9318.xml,https://www.iab.org/wp-content/IAB-uploads/2021/09/net_quality_internet_qoe_CASAS.pdf,Connection error: HTTP Error 403: Forbidden
rfc9318.xml,https://www.iab.org/wp-content/IAB-uploads/2021/09/draft-cheshire-internet-is-shared-00b.pdf,Connection error: HTTP Error 403: Forbidden
rfc9318.xml,https://www.iab.org/wp-content/IAB-uploads/2021/09/PNSol-et-al-Submission-to-Measuring-Network-Quality-for-End-Users-1.pdf,Connection error: HTTP Error 403: Forbidden
rfc9318.xml,https://www.iab.org/wp-content/IAB-uploads/2021/09/Nokia-IAB-Measuring-Network-Quality-Low-Latency-measurement-workshop-20210802.pdf,Connection error: HTTP Error 403: Forbidden
rfc9318.xml,https://www.iab.org/wp-content/IAB-uploads/2021/09/Nokia-IAB-Measuring-Network-Quality-Improving-and-focusing-on-latency-.pdf,Connection error: HTTP Error 403: Forbidden
rfc9318.xml,https://www.iab.org/wp-content/IAB-uploads/2021/09/Fabini-IAB-NetworkQuality.txt,Connection error: HTTP Error 403: Forbidden
rfc9318.xml,https://www.fcc.gov/general/measuring-broadband-america,200
rfc9318.xml,https://www.fcc.gov/general/measuring-broadband-america-open-methodology,200
rfc9318.xml,https://www.iab.org/wp-content/IAB-uploads/2021/09/IAB_Metrics_helpful_in_assessing_Internet_Quality.pdf,Connection error: HTTP Error 403: Forbidden
rfc9318.xml,https://www.iab.org/wp-content/IAB-uploads/2021/09/xfinity-wifi-ietf-iab-v2-1.pdf,Connection error: HTTP Error 403: Forbidden
rfc9318.xml,https://www.iab.org/wp-content/IAB-uploads/2021/09/The-Internet-Exists-In-Its-Use.pdf,Connection error: HTTP Error 403: Forbidden
rfc9318.xml,https://www.iab.org/wp-content/IAB-uploads/2021/09/Wi-Fi-Report-ASSIA.pdf,Connection error: HTTP Error 403: Forbidden
rfc9318.xml,https://www.iab.org/wp-content/IAB-uploads/2021/09/Kilkki-In-Search-of-Lost-QoS.pdf,Connection error: HTTP Error 403: Forbidden
rfc9318.xml,https://www.iab.org/wp-content/IAB-uploads/2021/11/CamRdy-IAB_user_meas_WS_Nadas_et_al_IncentiveBasedTMwQoS.pdf,Connection error: HTTP Error 403: Forbidden
rfc9318.xml,https://www.iab.org/wp-content/IAB-uploads/2021/09/Cross-layer-Cooperation-for-Better-Network-Service-2.pdf,Connection error: HTTP Error 403: Forbidden
rfc9318.xml,https://www.iab.org/wp-content/IAB-uploads/2021/09/2021_nqw_lul.pdf,Connection error: HTTP Error 403: Forbidden
rfc9318.xml,https://www.iab.org/wp-content/IAB-uploads/2021/09/MergeThoseMetrics_Marx_Jul2021.pdf,Connection error: HTTP Error 403: Forbidden
rfc9318.xml,https://www.iab.org/wp-content/IAB-uploads/2021/09/Preliminary-Longitudinal-Study-of-Internet-Responsiveness-1.pdf,Connection error: HTTP Error 403: Forbidden
rfc9318.xml,https://www.iab.org/wp-content/IAB-uploads/2021/09/Internet-Score-2.pdf,Connection error: HTTP Error 403: Forbidden
rfc9318.xml,https://www.iab.org/wp-content/IAB-uploads/2021/09/camera_ready_Packet_delivery_time_as_a_tie_breaker_for_assessing_Wi_Fi_access_points.pdf,Connection error: HTTP Error 403: Forbidden
rfc9318.xml,https://www.iab.org/wp-content/IAB-uploads/2021/09/IAB-worshop-Error-performance-measurement-in-packet-switched-networks.pdf,Connection error: HTTP Error 403: Forbidden
rfc9318.xml,https://datatracker.ietf.org/doc/html/draft-morton-ippm-pipe-dream-01,200
rfc9318.xml,https://www.ietf.org/archive/id/draft-morton-ippm-pipe-dream-01.txt,200
rfc9318.xml,https://support.apple.com/en-gb/HT212313,200
rfc9318.xml,https://datatracker.ietf.org/doc/html/draft-cpaasch-ippm-responsiveness-01,200
rfc9318.xml,https://www.ietf.org/archive/id/draft-cpaasch-ippm-responsiveness-01.txt,200
rfc9318.xml,https://www.iab.org/wp-content/IAB-uploads/2021/09/Lower-layer-performance-is-not-indicative-of-upper-layer-success-20210906-00-1.pdf,Connection error: HTTP Error 403: Forbidden
rfc9318.xml,https://www.iab.org/wp-content/IAB-uploads/2021/09/Camera_Ready_-Measuring-ISP-Performance-in-Broadband-America.pdf,Connection error: HTTP Error 403: Forbidden
rfc9318.xml,https://www.samknows.com/,Connection error: HTTP Error 403: Forbidden
rfc9318.xml,https://www.iab.org/wp-content/IAB-uploads/2021/09/Internet-Performance-from-Facebooks-Edge.pdf,Connection error: HTTP Error 403: Forbidden
rfc9318.xml,https://research.facebook.com/publications/scuba-diving-into-data-at-facebook/,200
rfc9318.xml,https://www.iab.org/wp-content/IAB-uploads/2021/09/Camera_Ready__Fine-Grained_RTT_Monitoring_Inside_the_Network.pdf,Connection error: HTTP Error 403: Forbidden
rfc9318.xml,https://www.iab.org/wp-content/IAB-uploads/2021/09/CanopusPositionPaperCameraReady.pdf,Connection error: HTTP Error 403: Forbidden
rfc9318.xml,https://www.speedtest.net,Connection error: HTTP Error 403: Forbidden
rfc9318.xml,https://www.iab.org/wp-content/IAB-uploads/2021/09/QoS-futility.pdf,Connection error: HTTP Error 403: Forbidden
rfc9318.xml,https://www.iab.org/wp-content/IAB-uploads/2021/09/iab-longtermstats_cameraready.docx-1.pdf,Connection error: HTTP Error 403: Forbidden
rfc9318.xml,https://www.iab.org/activities/workshops/network-quality,Connection error: HTTP Error 403: Forbidden
rfc9318.xml,https://www.iab.org/wp-content/IAB-uploads/2021/09/User_Perceived_Latency-1.pdf,Connection error: HTTP Error 403: Forbidden
rfc9479.xml,https://datatracker.ietf.org/doc/draft-ietf-lsr-rfc8919bis-04,200
rfc9479.xml,https://dx.doi.org/10.17487/rfc9479,200
rfc9479.xml,https://www.rfc-editor.org/info/rfc9479,200
rfc9479.xml,https://trustee.ietf.org/license-info,200
rfc9479.xml,https://www.iso.org/standard/30932.html,200
rfc9479.xml,https://www.rfc-editor.org/info/rfc2119,200
rfc9479.xml,https://www.rfc-editor.org/info/rfc5304,200
rfc9479.xml,https://www.rfc-editor.org/info/rfc5305,200
rfc9479.xml,https://www.rfc-editor.org/info/rfc5307,200
rfc9479.xml,https://www.rfc-editor.org/info/rfc5310,200
rfc9479.xml,https://www.rfc-editor.org/info/rfc6119,200
rfc9479.xml,https://www.rfc-editor.org/info/rfc7308,200
rfc9479.xml,https://www.rfc-editor.org/info/rfc7370,200
rfc9479.xml,https://www.rfc-editor.org/info/rfc8126,200
rfc9479.xml,https://www.rfc-editor.org/info/rfc8174,200
rfc9479.xml,https://www.rfc-editor.org/info/rfc8570,200
rfc9479.xml,https://www.rfc-editor.org/info/rfc3209,200
rfc9479.xml,https://www.rfc-editor.org/info/rfc5286,200
rfc9479.xml,https://www.rfc-editor.org/info/rfc7855,200
rfc9479.xml,https://www.rfc-editor.org/info/rfc8919,200
rfc9479.xml,https://www.rfc-editor.org/info/rfc9256,200
rfc9392.xml,https://datatracker.ietf.org/doc/draft-ietf-rmcat-rtp-cc-feedback-12,200
rfc9392.xml,https://dx.doi.org/10.17487/rfc9392,200
rfc9392.xml,https://www.rfc-editor.org/info/rfc9392,200
rfc9392.xml,https://trustee.ietf.org/license-info,200
rfc9392.xml,https://www.rfc-editor.org/info/rfc2914,200
rfc9392.xml,https://www.rfc-editor.org/info/rfc3550,200
rfc9392.xml,https://www.rfc-editor.org/info/rfc3711,200
rfc9392.xml,https://www.rfc-editor.org/info/rfc4585,200
rfc9392.xml,https://www.rfc-editor.org/info/rfc5124,200
rfc9392.xml,https://www.rfc-editor.org/info/rfc5506,200
rfc9392.xml,https://www.rfc-editor.org/info/rfc7022,200
rfc9392.xml,https://www.rfc-editor.org/info/rfc7201,200
rfc9392.xml,https://www.rfc-editor.org/info/rfc8083,200
rfc9392.xml,https://www.rfc-editor.org/info/rfc8085,200
rfc9392.xml,https://www.rfc-editor.org/info/rfc8108,200
rfc9392.xml,https://www.rfc-editor.org/info/rfc8825,200
rfc9392.xml,https://www.rfc-editor.org/info/rfc8834,200
rfc9392.xml,https://www.rfc-editor.org/info/rfc8861,200
rfc9392.xml,https://www.rfc-editor.org/info/rfc8872,200
rfc9392.xml,https://www.rfc-editor.org/info/rfc8888,200
rfc9392.xml,https://www.rfc-editor.org/info/rfc2508,200
rfc9392.xml,https://www.rfc-editor.org/info/rfc3449,200
rfc9392.xml,https://www.rfc-editor.org/info/rfc3545,200
rfc9392.xml,https://www.rfc-editor.org/info/rfc3611,200
rfc9392.xml,https://www.rfc-editor.org/info/rfc5348,200
rfc9392.xml,https://www.rfc-editor.org/info/rfc5795,200
rfc9392.xml,https://www.rfc-editor.org/info/rfc7667,200
rfc9392.xml,https://www.rfc-editor.org/info/rfc8445,200
rfc9392.xml,https://www.rfc-editor.org/info/rfc8831,200
rfc9392.xml,https://www.rfc-editor.org/info/rfc9293,200
rfc9078.xml,https://datatracker.ietf.org/doc/draft-crocker-inreply-react-14,200
rfc9078.xml,https://dx.doi.org/10.17487/rfc9078,200
rfc9078.xml,https://www.rfc-editor.org/info/rfc9078,200
rfc9078.xml,https://trustee.ietf.org/license-info,200
rfc9078.xml,https://www.rfc-editor.org/info/rfc5234,200
rfc9078.xml,https://www.unicode.org/reports/tr51/#def_emoji_sequence,200
rfc9078.xml,https://www.rfc-editor.org/info/rfc5598,200
rfc9078.xml,https://www.rfc-editor.org/info/rfc5322,200
rfc9078.xml,https://www.rfc-editor.org/info/rfc2045,200
rfc9078.xml,https://www.rfc-editor.org/info/rfc2119,200
rfc9078.xml,https://www.rfc-editor.org/info/rfc2183,200
rfc9078.xml,https://www.rfc-editor.org/info/rfc8174,200
rfc9078.xml,https://www.ietf.org/mailman/listinfo/ietf-822,Connection error: HTTP Error 403: Forbidden
rfc9078.xml,https://www.ietf.org/mailman/listinfo/dispatch,Connection error: HTTP Error 403: Forbidden
rfc9078.xml,https://www.ietf.org/mailman/listinfo/last-call,Connection error: HTTP Error 403: Forbidden
rfc9411.xml,https://datatracker.ietf.org/doc/draft-ietf-bmwg-ngfw-performance-15,200
rfc9411.xml,https://dx.doi.org/10.17487/rfc9411,200
rfc9411.xml,https://www.rfc-editor.org/info/rfc9411,200
rfc9411.xml,https://trustee.ietf.org/license-info,200
rfc9411.xml,https://www.rfc-editor.org/info/rfc2119,200
rfc9411.xml,https://www.rfc-editor.org/info/rfc8174,200
rfc9411.xml,https://www.cvedetails.com/,Connection error: HTTP Error 403: Forbidden
rfc9411.xml,https://www.fastly.com/blog/measuring-quic-vs-tcp-computational-efficiency,200
rfc9411.xml,https://www.rfc-editor.org/info/rfc2544,200
rfc9411.xml,https://www.rfc-editor.org/info/rfc2647,200
rfc9411.xml,https://www.rfc-editor.org/info/rfc3511,200
rfc9411.xml,https://www.rfc-editor.org/info/rfc5180,200
rfc9411.xml,https://www.rfc-editor.org/info/rfc6815,200
rfc9411.xml,https://www.rfc-editor.org/info/rfc6890,200
rfc9411.xml,https://www.rfc-editor.org/info/rfc8200,200
rfc9411.xml,https://www.rfc-editor.org/info/rfc8446,200
rfc9411.xml,https://www.rfc-editor.org/info/rfc9000,200
rfc9411.xml,https://www.rfc-editor.org/info/rfc9001,200
rfc9411.xml,https://www.rfc-editor.org/info/rfc9002,200
rfc9411.xml,https://www.rfc-editor.org/info/rfc9113,200
rfc9411.xml,https://www.rfc-editor.org/info/rfc9114,200
rfc9411.xml,https://www.rfc-editor.org/info/rfc9204,200
rfc9411.xml,https://www.rfc-editor.org/info/rfc9293,200
rfc9411.xml,https://undertow.io/blog/2015/04/27/An-in-depth-overview-of-HTTP2.html,200
rfc9411.xml,https://en.wikipedia.org/w/index.php?title=Next-generation_firewall&oldid=1133673904,200
rfc9010.xml,https://datatracker.ietf.org/doc/draft-ietf-roll-unaware-leaves-30,200
rfc9010.xml,https://dx.doi.org/10.17487/rfc9010,200
rfc9010.xml,https://www.rfc-editor.org/info/rfc9010,200
rfc9010.xml,https://trustee.ietf.org/license-info,200
rfc9010.xml,https://www.rfc-editor.org/info/rfc2119,200
rfc9010.xml,https://www.rfc-editor.org/info/rfc3810,200
rfc9010.xml,https://www.rfc-editor.org/info/rfc4861,200
rfc9010.xml,https://www.rfc-editor.org/info/rfc6550,200
rfc9010.xml,https://www.rfc-editor.org/info/rfc6775,200
rfc9010.xml,https://www.rfc-editor.org/info/rfc7102,200
rfc9010.xml,https://www.rfc-editor.org/info/rfc7400,200
rfc9010.xml,https://www.rfc-editor.org/info/rfc8126,200
rfc9010.xml,https://www.rfc-editor.org/info/rfc8174,200
rfc9010.xml,https://www.rfc-editor.org/info/rfc8200,200
rfc9010.xml,https://www.rfc-editor.org/info/rfc8504,200
rfc9010.xml,https://www.rfc-editor.org/info/rfc8505,200
rfc9010.xml,https://www.rfc-editor.org/info/rfc8928,200
rfc9010.xml,https://www.rfc-editor.org/info/rfc9008,200
rfc9010.xml,https://www.rfc-editor.org/info/rfc9009,200
rfc9010.xml,https://www.rfc-editor.org/info/rfc4862,200
rfc9010.xml,https://www.rfc-editor.org/info/rfc4919,200
rfc9010.xml,https://www.rfc-editor.org/info/rfc6282,200
rfc9010.xml,https://www.rfc-editor.org/info/rfc6553,200
rfc9010.xml,https://www.rfc-editor.org/info/rfc6554,200
rfc9010.xml,https://www.rfc-editor.org/info/rfc6606,200
rfc9010.xml,https://www.rfc-editor.org/info/rfc6687,200
rfc9010.xml,https://www.rfc-editor.org/info/rfc7039,200
rfc9010.xml,https://www.rfc-editor.org/info/rfc7228,200
rfc9010.xml,https://www.rfc-editor.org/info/rfc7416,200
rfc9010.xml,https://www.rfc-editor.org/info/rfc8025,200
rfc9010.xml,https://www.rfc-editor.org/info/rfc8138,200
rfc9010.xml,https://www.rfc-editor.org/info/rfc8415,200
rfc9010.xml,https://www.rfc-editor.org/info/rfc8929,200
rfc8786.xml,https://datatracker.ietf.org/doc/draft-ietf-pce-stateful-flags-01,200
rfc8786.xml,https://dx.doi.org/10.17487/rfc8786,200
rfc8786.xml,https://www.rfc-editor.org/info/rfc8786,200
rfc8786.xml,https://trustee.ietf.org/license-info,200
rfc8786.xml,https://www.rfc-editor.org/info/rfc2119,200
rfc8786.xml,https://www.rfc-editor.org/info/rfc8174,200
rfc8786.xml,https://www.rfc-editor.org/info/rfc8231,200
rfc8786.xml,https://www.rfc-editor.org/info/rfc8281,200
rfc8786.xml,https://www.rfc-editor.org/info/rfc4657,200
rfc8786.xml,https://www.rfc-editor.org/info/rfc5440,200
rfc8786.xml,https://www.rfc-editor.org/info/rfc8741,200
rfc8968.xml,https://datatracker.ietf.org/doc/draft-ietf-babel-dtls-10,200
rfc8968.xml,https://dx.doi.org/10.17487/rfc8968,200
rfc8968.xml,https://www.rfc-editor.org/info/rfc8968,200
rfc8968.xml,https://trustee.ietf.org/license-info,200
rfc8968.xml,https://www.rfc-editor.org/info/bcp195,200
rfc8968.xml,https://www.rfc-editor.org/info/rfc2119,200
rfc8968.xml,https://www.rfc-editor.org/info/rfc6347,200
rfc8968.xml,https://www.rfc-editor.org/info/rfc8174,200
rfc8968.xml,https://www.rfc-editor.org/info/rfc8966,200
rfc8968.xml,https://tools.ietf.org/html/draft-ietf-tls-dtls-connection-id-08,200
rfc8968.xml,https://www.ietf.org/internet-drafts/draft-ietf-tls-dtls-connection-id-08.txt,Connection error: HTTP Error 404: Not Found
rfc8968.xml,https://www.rfc-editor.org/info/rfc7250,200
rfc8968.xml,https://www.rfc-editor.org/info/rfc7918,200
rfc8968.xml,https://www.rfc-editor.org/info/rfc7924,200
rfc8968.xml,https://www.rfc-editor.org/info/rfc8094,200
rfc8968.xml,https://www.rfc-editor.org/info/rfc8967,200
rfc8968.xml,https://web.archive.org/web/20150315054838/http://ha.ckers.org/slowloris/,200
rfc8693.xml,https://datatracker.ietf.org/doc/draft-ietf-oauth-token-exchange-19,200
rfc8693.xml,https://dx.doi.org/10.17487/rfc8693,200
rfc8693.xml,https://www.rfc-editor.org/info/rfc8693,200
rfc8693.xml,https://trustee.ietf.org/license-info,200
rfc8693.xml,https://www.iana.org/assignments/jwt,200
rfc8693.xml,https://www.iana.org/assignments/oauth-parameters,200
rfc8693.xml,https://www.rfc-editor.org/info/rfc7519,200
rfc8693.xml,https://www.rfc-editor.org/info/rfc2119,200
rfc8693.xml,https://www.rfc-editor.org/info/rfc3986,200
rfc8693.xml,https://www.rfc-editor.org/info/rfc6749,200
rfc8693.xml,https://www.rfc-editor.org/info/rfc7662,200
rfc8693.xml,https://www.rfc-editor.org/info/rfc8174,200
rfc8693.xml,https://www.rfc-editor.org/info/rfc8259,200
rfc8693.xml,https://www.oasis-open.org/committees/download.php/3406/oasis-sstc-saml-core-1.1.pdf,200
rfc8693.xml,http://docs.oasis-open.org/security/saml/v2.0/saml-core-2.0-os.pdf,200
rfc8693.xml,https://tools.ietf.org/html/draft-ietf-oauth-resource-indicators-08,200
rfc8693.xml,http://www.ietf.org/internet-drafts/draft-ietf-oauth-resource-indicators-08.txt,Connection error: HTTP Error 404: Not Found
rfc8693.xml,https://tools.ietf.org/html/draft-ietf-oauth-security-topics-13,200
rfc8693.xml,http://www.ietf.org/internet-drafts/draft-ietf-oauth-security-topics-13.txt,Connection error: HTTP Error 404: Not Found
rfc8693.xml,https://openid.net/specs/openid-connect-core-1_0.html,200
rfc8693.xml,https://www.rfc-editor.org/info/rfc6750,200
rfc8693.xml,https://www.rfc-editor.org/info/rfc6755,200
rfc8693.xml,https://www.rfc-editor.org/info/rfc6819,200
rfc8693.xml,https://www.rfc-editor.org/info/rfc7521,200
rfc8693.xml,https://www.rfc-editor.org/info/rfc7523,200
rfc8693.xml,https://docs.oasis-open.org/ws-sx/ws-trust/v1.4/ws-trust.html,200
rfc9091.xml,https://datatracker.ietf.org/doc/draft-ietf-dmarc-psd-14,200
rfc9091.xml,https://dx.doi.org/10.17487/rfc9091,200
rfc9091.xml,https://www.rfc-editor.org/info/rfc9091,200
rfc9091.xml,https://trustee.ietf.org/license-info,200
rfc9091.xml,https://publicsuffix.org,200
rfc9091.xml,https://www.rfc-editor.org/info/rfc2119,200
rfc9091.xml,https://www.rfc-editor.org/info/rfc5234,200
rfc9091.xml,https://www.rfc-editor.org/info/rfc7489,200
rfc9091.xml,https://www.rfc-editor.org/info/rfc8174,200
rfc9091.xml,https://psddmarc.org/,Connection error: <urlopen error [Errno 101] Network is unreachable>
rfc9091.xml,https://www.rfc-editor.org/info/rfc3833,200
rfc9091.xml,https://www.rfc-editor.org/info/rfc5598,200
rfc9091.xml,https://www.rfc-editor.org/info/rfc6973,200
rfc9091.xml,https://www.rfc-editor.org/info/rfc7624,200
rfc9091.xml,https://www.rfc-editor.org/info/rfc7960,200
rfc9091.xml,https://www.rfc-editor.org/info/rfc8020,200
rfc9091.xml,https://www.rfc-editor.org/info/rfc8126,200
rfc9091.xml,https://psddmarc.org,Connection error: <urlopen error [Errno 101] Network is unreachable>
rfc8754.xml,https://datatracker.ietf.org/doc/draft-ietf-6man-segment-routing-header-26,200
rfc8754.xml,https://dx.doi.org/10.17487/rfc8754,200
rfc8754.xml,https://www.rfc-editor.org/info/rfc8754,200
rfc8754.xml,https://trustee.ietf.org/license-info,200
rfc8754.xml,http://csrc.nist.gov/publications/fips/fips180-4/fips-180-4.pdf,200
rfc8754.xml,https://www.iana.org/assignments/ipv6-parameters/,200
rfc8754.xml,https://www.rfc-editor.org/info/rfc2104,200
rfc8754.xml,https://www.rfc-editor.org/info/rfc2119,200
rfc8754.xml,https://www.rfc-editor.org/info/rfc2473,200
rfc8754.xml,https://www.rfc-editor.org/info/rfc2827,200
rfc8754.xml,https://www.rfc-editor.org/info/rfc3704,200
rfc8754.xml,https://www.rfc-editor.org/info/rfc4107,200
rfc8754.xml,https://www.rfc-editor.org/info/rfc4302,200
rfc8754.xml,https://www.rfc-editor.org/info/rfc5095,200
rfc8754.xml,https://www.rfc-editor.org/info/rfc6407,200
rfc8754.xml,https://www.rfc-editor.org/info/rfc6437,200
rfc8754.xml,https://www.rfc-editor.org/info/rfc6438,200
rfc8754.xml,https://www.rfc-editor.org/info/rfc8174,200
rfc8754.xml,https://www.rfc-editor.org/info/rfc8200,200
rfc8754.xml,https://www.rfc-editor.org/info/rfc8402,200
rfc8754.xml,https://tools.ietf.org/html/draft-ietf-intarea-tunnels-10,200
rfc8754.xml,http://www.ietf.org/internet-drafts/draft-ietf-intarea-tunnels-10.txt,Connection error: HTTP Error 404: Not Found
rfc8754.xml,https://www.rfc-editor.org/info/rfc4443,200
rfc8754.xml,https://www.rfc-editor.org/info/rfc5308,200
rfc8754.xml,https://www.rfc-editor.org/info/rfc5340,200
rfc8754.xml,https://www.rfc-editor.org/info/rfc8126,200
rfc8754.xml,https://inl.info.ucl.ac.be/system/files/sosr18-final15-embedfonts.pdf,200
rfc9669.xml,https://datatracker.ietf.org/doc/draft-ietf-bpf-isa-04,200
rfc9669.xml,https://dx.doi.org/10.17487/rfc9669,200
rfc9669.xml,https://www.rfc-editor.org/info/rfc9669,200
rfc9669.xml,https://trustee.ietf.org/license-info,200
rfc9669.xml,https://www.rfc-editor.org/ien/ien137.txt,200
rfc9669.xml,https://www.rfc-editor.org/info/rfc2119,200
rfc9669.xml,https://www.rfc-editor.org/info/rfc8126,200
rfc9669.xml,https://www.rfc-editor.org/info/rfc8174,200
rfc9669.xml,https://www.kernel.org/doc/html/latest/bpf/verifier.html,200
rfc9669.xml,https://doi.org/10.1145/3314221.3314590,Connection error: HTTP Error 403: Forbidden
rfc9609.xml,https://datatracker.ietf.org/doc/draft-ietf-dnsop-rfc8109bis-07,200
rfc9609.xml,https://dx.doi.org/10.17487/rfc9609,200
rfc9609.xml,https://www.rfc-editor.org/info/rfc9609,200
rfc9609.xml,https://trustee.ietf.org/license-info,200
rfc9609.xml,https://www.internic.net/domain/named.root,200
rfc9609.xml,https://www.rfc-editor.org/info/rfc1034,200
rfc9609.xml,https://www.rfc-editor.org/info/rfc1035,200
rfc9609.xml,https://www.rfc-editor.org/info/rfc2119,200
rfc9609.xml,https://www.rfc-editor.org/info/rfc3226,200
rfc9609.xml,https://www.rfc-editor.org/info/rfc4033,200
rfc9609.xml,https://www.rfc-editor.org/info/rfc5452,200
rfc9609.xml,https://www.rfc-editor.org/info/rfc6891,200
rfc9609.xml,https://www.rfc-editor.org/info/rfc7873,200
rfc9609.xml,https://www.rfc-editor.org/info/rfc8109,200
rfc9609.xml,https://www.rfc-editor.org/info/rfc8174,200
rfc9609.xml,https://www.rfc-editor.org/info/rfc9471,200
rfc9609.xml,https://www.rfc-editor.org/info/rfc9499,200
rfc9609.xml,https://indico.dns-oarc.net/event/24/contributions/378/,200
rfc9609.xml,https://www.rfc-editor.org/info/rfc8806,200
rfc9609.xml,https://www.icann.org/en/system/files/files/rssac-023-17jun20-en.pdf,Connection error: HTTP Error 403: Forbidden
rfc9609.xml,https://www.icann.org/en/system/files/files/rssac-026-lexicon-12mar20-en.pdf,Connection error: HTTP Error 403: Forbidden
rfc8962.xml,https://datatracker.ietf.org/doc/draft-protocolpolice-af-01,200
rfc8962.xml,https://dx.doi.org/10.17487/rfc8962,200
rfc8962.xml,https://www.rfc-editor.org/info/rfc8962,200
rfc8962.xml,https://trustee.ietf.org/license-info,200
rfc8962.xml,https://www.rfc-editor.org/info/rfc3514,200
rfc8962.xml,https://www.rfc-editor.org/info/rfc3797,200
rfc8962.xml,https://www.rfc-editor.org/info/rfc4041,200
rfc8962.xml,https://www.rfc-editor.org/info/rfc5905,200
rfc8962.xml,https://www.rfc-editor.org/info/rfc8713,200
rfc9377.xml,https://datatracker.ietf.org/doc/draft-ietf-lsr-isis-flood-reflection-12,200
rfc9377.xml,https://dx.doi.org/10.17487/rfc9377,200
rfc9377.xml,https://www.rfc-editor.org/info/rfc9377,200
rfc9377.xml,https://trustee.ietf.org/license-info,200
rfc9377.xml,https://www.rfc-editor.org/info/rfc2119,200
rfc9377.xml,https://www.rfc-editor.org/info/rfc5302,200
rfc9377.xml,https://www.rfc-editor.org/info/rfc5304,200
rfc9377.xml,https://www.rfc-editor.org/info/rfc7775,200
rfc9377.xml,https://www.rfc-editor.org/info/rfc7981,200
rfc9377.xml,https://www.rfc-editor.org/info/rfc8126,200
rfc9377.xml,https://www.rfc-editor.org/info/rfc8174,200
rfc9377.xml,https://www.rfc-editor.org/info/rfc9012,200
rfc9377.xml,https://www.rfc-editor.org/info/rfc4271,200
rfc9377.xml,https://www.rfc-editor.org/info/rfc4456,200
rfc9377.xml,https://www.rfc-editor.org/info/rfc8099,200
rfc9377.xml,https://www.rfc-editor.org/info/rfc9107,200
rfc8662.xml,https://datatracker.ietf.org/doc/draft-ietf-mpls-spring-entropy-label-12,200
rfc8662.xml,https://dx.doi.org/10.17487/rfc8662,200
rfc8662.xml,https://www.rfc-editor.org/info/rfc8662,200
rfc8662.xml,https://trustee.ietf.org/license-info,200
rfc8662.xml,https://www.rfc-editor.org/info/rfc6790,200
rfc8662.xml,https://www.rfc-editor.org/info/rfc2119,200
rfc8662.xml,https://www.rfc-editor.org/info/rfc8174,200
rfc8662.xml,https://www.rfc-editor.org/info/rfc8402,200
rfc8662.xml,https://www.rfc-editor.org/info/rfc8660,200
rfc8662.xml,https://tools.ietf.org/html/draft-ietf-isis-mpls-elc-10,200
rfc8662.xml,http://www.ietf.org/internet-drafts/draft-ietf-isis-mpls-elc-10.txt,Connection error: HTTP Error 404: Not Found
rfc8662.xml,https://tools.ietf.org/html/draft-ietf-ospf-mpls-elc-12,200
rfc8662.xml,http://www.ietf.org/internet-drafts/draft-ietf-ospf-mpls-elc-12.txt,Connection error: HTTP Error 404: Not Found
rfc8662.xml,https://www.rfc-editor.org/info/rfc8668,200
rfc8662.xml,https://www.rfc-editor.org/info/rfc7855,200
rfc8662.xml,https://www.rfc-editor.org/info/rfc8476,200
rfc8662.xml,https://www.rfc-editor.org/info/rfc8491,200
rfc8662.xml,https://tools.ietf.org/html/draft-ietf-idr-bgp-ls-segment-routing-msd-09,200
rfc8662.xml,http://www.ietf.org/internet-drafts/draft-ietf-idr-bgp-ls-segment-routing-msd-09.txt,Connection error: HTTP Error 404: Not Found
rfc9166.xml,https://datatracker.ietf.org/doc/draft-ietf-pim-igmp-mld-snooping-yang-20,200
rfc9166.xml,https://dx.doi.org/10.17487/rfc9166,200
rfc9166.xml,https://www.rfc-editor.org/info/rfc9166,200
rfc9166.xml,https://trustee.ietf.org/license-info,200
rfc9166.xml,https://ieeexplore.ieee.org/servlet/opac?punumber=8467505,Connection error: HTTP Error 418: Unknown Code
rfc9166.xml,https://www.rfc-editor.org/info/rfc1112,200
rfc9166.xml,https://www.rfc-editor.org/info/rfc2236,200
rfc9166.xml,https://www.rfc-editor.org/info/rfc2710,200
rfc9166.xml,https://www.rfc-editor.org/info/rfc3376,200
rfc9166.xml,https://www.rfc-editor.org/info/rfc3688,200
rfc9166.xml,https://www.rfc-editor.org/info/rfc3810,200
rfc9166.xml,https://www.rfc-editor.org/info/rfc4286,200
rfc9166.xml,https://www.rfc-editor.org/info/rfc4541,200
rfc9166.xml,https://www.rfc-editor.org/info/rfc5790,200
rfc9166.xml,https://www.rfc-editor.org/info/rfc6020,200
rfc9166.xml,https://www.rfc-editor.org/info/rfc6241,200
rfc9166.xml,https://www.rfc-editor.org/info/rfc6242,200
rfc9166.xml,https://www.rfc-editor.org/info/rfc6636,200
rfc9166.xml,https://www.rfc-editor.org/info/rfc6991,200
rfc9166.xml,https://www.rfc-editor.org/info/rfc7761,200
rfc9166.xml,https://www.rfc-editor.org/info/rfc7950,200
rfc9166.xml,https://www.rfc-editor.org/info/rfc8040,200
rfc9166.xml,https://www.rfc-editor.org/info/rfc8294,200
rfc9166.xml,https://www.rfc-editor.org/info/rfc8340,200
rfc9166.xml,https://www.rfc-editor.org/info/rfc8341,200
rfc9166.xml,https://www.rfc-editor.org/info/rfc8342,200
rfc9166.xml,https://www.rfc-editor.org/info/rfc8343,200
rfc9166.xml,https://www.rfc-editor.org/info/rfc8349,200
rfc9166.xml,https://www.rfc-editor.org/info/rfc8446,200
rfc9166.xml,https://www.rfc-editor.org/info/rfc7951,200
rfc9166.xml,https://www.rfc-editor.org/info/rfc8407,200
rfc9166.xml,https://www.rfc-editor.org/info/rfc8652,200
rfc9217.xml,https://datatracker.ietf.org/doc/draft-irtf-panrg-questions-12,200
rfc9217.xml,https://dx.doi.org/10.17487/rfc9217,200
rfc9217.xml,https://www.rfc-editor.org/info/rfc9217,200
rfc9217.xml,https://trustee.ietf.org/license-info,200
rfc9217.xml,https://www.mef.net/wp-content/uploads/2019/07/MEF-70.pdf,200
rfc9217.xml,https://www.rfc-editor.org/info/rfc4655,200
rfc9217.xml,https://www.rfc-editor.org/info/rfc7285,200
rfc9217.xml,https://www.rfc-editor.org/info/rfc7624,200
rfc9217.xml,https://www.rfc-editor.org/info/rfc8170,200
rfc9217.xml,https://www.rfc-editor.org/info/rfc8446,200
rfc9217.xml,https://www.rfc-editor.org/info/rfc8546,200
rfc9217.xml,https://www.rfc-editor.org/info/rfc8558,200
rfc9000.xml,https://dx.doi.org/10.17487/rfc9000,200
rfc9000.xml,https://datatracker.ietf.org/doc/draft-ietf-quic-transport-34,200
rfc9000.xml,https://www.rfc-editor.org/info/rfc9000,200
rfc9000.xml,https://trustee.ietf.org/license-info,200
rfc9000.xml,https://www.rfc-editor.org/info/bcp38,200
rfc9000.xml,https://www.rfc-editor.org/info/rfc2827,200
rfc9000.xml,https://www.rfc-editor.org/info/rfc8899,200
rfc9000.xml,https://www.rfc-editor.org/info/rfc7120,200
rfc9000.xml,https://www.rfc-editor.org/info/rfc791,200
rfc9000.xml,https://www.rfc-editor.org/info/rfc8999,200
rfc9000.xml,https://www.rfc-editor.org/info/rfc9002,200
rfc9000.xml,https://www.rfc-editor.org/info/rfc9001,200
rfc9000.xml,https://www.rfc-editor.org/info/rfc1191,200
rfc9000.xml,https://www.rfc-editor.org/info/rfc2119,200
rfc9000.xml,https://www.rfc-editor.org/info/rfc3168,200
rfc9000.xml,https://www.rfc-editor.org/info/rfc3629,200
rfc9000.xml,https://www.rfc-editor.org/info/rfc6437,200
rfc9000.xml,https://www.rfc-editor.org/info/rfc8085,200
rfc9000.xml,https://www.rfc-editor.org/info/rfc8126,200
rfc9000.xml,https://www.rfc-editor.org/info/rfc8174,200
rfc9000.xml,https://www.rfc-editor.org/info/rfc8201,200
rfc9000.xml,https://www.rfc-editor.org/info/rfc8311,200
rfc9000.xml,https://www.rfc-editor.org/info/rfc8446,200
rfc9000.xml,https://www.rfc-editor.org/info/rfc768,200
rfc9000.xml,https://www.rfc-editor.org/info/rfc5116,200
rfc9000.xml,https://www.rfc-editor.org/info/rfc7301,200
rfc9000.xml,https://www.rfc-editor.org/info/rfc7838,200
rfc9000.xml,https://www.rfc-editor.org/info/rfc6265,200
rfc9000.xml,https://doi.org/10.1145/1455770.1455782,Connection error: HTTP Error 403: Forbidden
rfc9000.xml,https://docs.google.com/document/d/1RNHkx_VvKWyWg6Lr8SZ-saqsQx7rFV-ev2jRFUoVD34/edit?usp=sharing,200
rfc9000.xml,https://doi.org/10.1145/1879141.1879174,Connection error: HTTP Error 403: Forbidden
rfc9000.xml,https://www.rfc-editor.org/info/rfc7540,200
rfc9000.xml,https://www.rfc-editor.org/info/rfc8200,200
rfc9000.xml,https://tools.ietf.org/html/draft-ietf-quic-manageability-11,200
rfc9000.xml,https://www.rfc-editor.org/info/rfc4086,200
rfc9000.xml,https://www.rfc-editor.org/info/rfc1812,200
rfc9000.xml,https://www.rfc-editor.org/info/rfc1918,200
rfc9000.xml,https://www.rfc-editor.org/info/rfc2018,200
rfc9000.xml,https://www.rfc-editor.org/info/rfc2104,200
rfc9000.xml,https://www.rfc-editor.org/info/rfc3449,200
rfc9000.xml,https://www.rfc-editor.org/info/rfc4193,200
rfc9000.xml,https://www.rfc-editor.org/info/rfc4291,200
rfc9000.xml,https://www.rfc-editor.org/info/rfc4443,200
rfc9000.xml,https://www.rfc-editor.org/info/rfc4787,200
rfc9000.xml,https://www.rfc-editor.org/info/rfc5681,200
rfc9000.xml,https://www.rfc-editor.org/info/rfc5869,200
rfc9000.xml,https://www.rfc-editor.org/info/rfc7983,200
rfc9000.xml,https://www.rfc-editor.org/info/rfc8087,200
rfc9000.xml,https://www.rfc-editor.org/info/rfc8981,200
rfc9000.xml,https://www.rfc-editor.org/info/rfc3552,200
rfc9000.xml,https://web.archive.org/web/20150315054838/http://ha.ckers.org/slowloris/,200
rfc9418.xml,https://datatracker.ietf.org/doc/draft-ietf-opsawg-service-assurance-yang-11,200
rfc9418.xml,https://dx.doi.org/10.17487/rfc9418,200
rfc9418.xml,https://www.rfc-editor.org/info/rfc9418,200
rfc9418.xml,https://trustee.ietf.org/license-info,200
rfc9418.xml,https://www.rfc-editor.org/info/rfc2119,200
rfc9418.xml,https://www.rfc-editor.org/info/rfc3688,200
rfc9418.xml,https://www.rfc-editor.org/info/rfc6241,200
rfc9418.xml,https://www.rfc-editor.org/info/rfc6242,200
rfc9418.xml,https://www.rfc-editor.org/info/rfc6991,200
rfc9418.xml,https://www.rfc-editor.org/info/rfc7950,200
rfc9418.xml,https://www.rfc-editor.org/info/rfc8040,200
rfc9418.xml,https://www.rfc-editor.org/info/rfc8174,200
rfc9418.xml,https://www.rfc-editor.org/info/rfc8341,200
rfc9418.xml,https://www.rfc-editor.org/info/rfc8342,200
rfc9418.xml,https://www.rfc-editor.org/info/rfc8446,200
rfc9418.xml,https://www.rfc-editor.org/info/rfc9417,200
rfc9418.xml,https://www.rfc-editor.org/info/rfc8340,200
rfc9418.xml,https://www.rfc-editor.org/info/rfc8343,200
rfc9418.xml,https://www.rfc-editor.org/info/rfc8525,200
rfc9418.xml,https://yangson.labs.nic.cz/,200
rfc8863.xml,https://datatracker.ietf.org/doc/draft-ietf-ice-pac-06,200
rfc8863.xml,https://dx.doi.org/10.17487/rfc8863,200
rfc8863.xml,https://www.rfc-editor.org/info/rfc8863,200
rfc8863.xml,https://trustee.ietf.org/license-info,200
rfc8863.xml,https://www.rfc-editor.org/info/rfc2119,200
rfc8863.xml,https://www.rfc-editor.org/info/rfc5389,200
rfc8863.xml,https://www.rfc-editor.org/info/rfc8174,200
rfc8863.xml,https://www.rfc-editor.org/info/rfc8445,200
rfc8863.xml,https://www.rfc-editor.org/info/rfc8838,200
rfc9482.xml,https://datatracker.ietf.org/doc/draft-ietf-ace-cmpv2-coap-transport-10,200
rfc9482.xml,https://dx.doi.org/10.17487/rfc9482,200
rfc9482.xml,https://www.rfc-editor.org/info/rfc9482,200
rfc9482.xml,https://trustee.ietf.org/license-info,200
rfc9482.xml,https://www.iana.org/assignments/core-parameters,200
rfc9482.xml,https://www.iana.org/assignments/cmp,200
rfc9482.xml,https://www.iana.org/assignments/well-known-uris,200
rfc9482.xml,https://www.iana.org/assignments/cmp/,200
rfc9482.xml,https://www.rfc-editor.org/info/rfc2119,200
rfc9482.xml,https://www.rfc-editor.org/info/rfc4210,200
rfc9482.xml,https://www.rfc-editor.org/info/rfc6690,200
rfc9482.xml,https://www.rfc-editor.org/info/rfc6712,200
rfc9482.xml,https://www.rfc-editor.org/info/rfc7252,200
rfc9482.xml,https://www.rfc-editor.org/info/rfc7641,200
rfc9482.xml,https://www.rfc-editor.org/info/rfc7959,200
rfc9482.xml,https://www.rfc-editor.org/info/rfc8174,200
rfc9482.xml,https://www.rfc-editor.org/info/rfc8615,200
rfc9482.xml,https://www.rfc-editor.org/info/rfc9112,200
rfc9482.xml,https://www.rfc-editor.org/info/rfc9147,200
rfc9482.xml,https://www.rfc-editor.org/info/rfc9480,200
rfc9482.xml,https://www.rfc-editor.org/info/rfc9483,200
rfc9482.xml,https://www.rfc-editor.org/info/rfc5280,200
rfc9482.xml,https://www.rfc-editor.org/info/rfc8323,200
rfc9482.xml,https://www.rfc-editor.org/info/rfc8446,200
rfc8917.xml,https://datatracker.ietf.org/doc/draft-gellens-lost-validation-09,200
rfc8917.xml,https://dx.doi.org/10.17487/rfc8917,200
rfc8917.xml,https://www.rfc-editor.org/info/rfc8917,200
rfc8917.xml,https://trustee.ietf.org/license-info,200
rfc8917.xml,https://www.rfc-editor.org/info/rfc2119,200
rfc8917.xml,https://www.rfc-editor.org/info/rfc3958,200
rfc8917.xml,https://www.rfc-editor.org/info/rfc4033,200
rfc8917.xml,https://www.rfc-editor.org/info/rfc4848,200
rfc8917.xml,https://www.rfc-editor.org/info/rfc5222,200
rfc8917.xml,https://www.rfc-editor.org/info/rfc8174,200
rfc8917.xml,https://www.nena.org/page/i3_Stage3,Connection error: HTTP Error 403: Forbidden
rfc8917.xml,https://www.rfc-editor.org/info/rfc5582,200
rfc8767.xml,https://datatracker.ietf.org/doc/draft-ietf-dnsop-serve-stale-10,200
rfc8767.xml,https://dx.doi.org/10.17487/rfc8767,200
rfc8767.xml,https://www.rfc-editor.org/info/rfc8767,200
rfc8767.xml,https://trustee.ietf.org/license-info,200
rfc8767.xml,https://knot-resolver.readthedocs.io/en/stable/modules-serve_stale.html,200
rfc8767.xml,https://www.rfc-editor.org/info/rfc1034,200
rfc8767.xml,https://www.rfc-editor.org/info/rfc1035,200
rfc8767.xml,https://www.rfc-editor.org/info/rfc2119,200
rfc8767.xml,https://www.rfc-editor.org/info/rfc2181,200
rfc8767.xml,https://www.rfc-editor.org/info/rfc2308,200
rfc8767.xml,https://www.rfc-editor.org/info/rfc8174,200
rfc8767.xml,https://www.ndss-symposium.org/wp-content/uploads/2018/02/ndss2018_06A-4_Borgolte_paper.pdf,Connection error: HTTP Error 403: Forbidden
rfc8767.xml,https://www.isi.edu/~johnh/PAPERS/Moura18b.pdf,Connection error: HTTP Error 403: Forbidden
rfc8767.xml,https://www.dns-oarc.net/oarc/data/ditl,200
rfc8767.xml,https://www.rfc-editor.org/info/rfc6672,200
rfc8767.xml,https://www.rfc-editor.org/info/rfc6891,200
rfc8767.xml,https://www.rfc-editor.org/info/rfc8499,200
rfc9322.xml,https://datatracker.ietf.org/doc/draft-ietf-ippm-ioam-flags-10,200
rfc9322.xml,https://dx.doi.org/10.17487/rfc9322,200
rfc9322.xml,https://www.rfc-editor.org/info/rfc9322,200
rfc9322.xml,https://trustee.ietf.org/license-info,200
rfc9322.xml,https://www.rfc-editor.org/info/rfc2119,200
rfc9322.xml,https://www.rfc-editor.org/info/rfc8174,200
rfc9322.xml,https://www.rfc-editor.org/info/rfc9197,200
rfc9322.xml,https://datatracker.ietf.org/doc/html/draft-ietf-ippm-ioam-ipv6-options-09,200
rfc9322.xml,https://www.ietf.org/archive/id/draft-ietf-ippm-ioam-ipv6-options-09.txt,200
rfc9322.xml,https://datatracker.ietf.org/doc/html/draft-ietf-sfc-ioam-nsh-11,200
rfc9322.xml,https://www.ietf.org/archive/id/draft-ietf-sfc-ioam-nsh-11.txt,200
rfc9322.xml,https://datatracker.ietf.org/doc/html/draft-spiegel-ippm-ioam-rawexport-06,200
rfc9322.xml,https://www.ietf.org/archive/id/draft-spiegel-ippm-ioam-rawexport-06.txt,200
rfc9322.xml,https://www.rfc-editor.org/info/rfc5475,200
rfc9322.xml,https://www.rfc-editor.org/info/rfc6291,200
rfc9322.xml,https://www.rfc-editor.org/info/rfc6724,200
rfc9322.xml,https://www.rfc-editor.org/info/rfc7014,200
rfc9322.xml,https://www.rfc-editor.org/info/rfc7799,200
rfc9593.xml,https://datatracker.ietf.org/doc/draft-ietf-ipsecme-ikev2-auth-announce-10,200
rfc9593.xml,https://dx.doi.org/10.17487/rfc9593,200
rfc9593.xml,https://www.rfc-editor.org/info/rfc9593,200
rfc9593.xml,https://trustee.ietf.org/license-info,200
rfc9593.xml,https://www.iana.org/assignments/ikev2-parameters/,200
rfc9593.xml,https://www.rfc-editor.org/info/rfc2119,200
rfc9593.xml,https://www.rfc-editor.org/info/rfc5280,200
rfc9593.xml,https://www.rfc-editor.org/info/rfc7296,200
rfc9593.xml,https://www.rfc-editor.org/info/rfc7427,200
rfc9593.xml,https://www.rfc-editor.org/info/rfc8174,200
rfc9593.xml,https://www.rfc-editor.org/info/rfc9242,200
rfc9593.xml,https://datatracker.ietf.org/doc/html/draft-ietf-lamps-pq-composite-sigs-01,200
rfc9593.xml,https://www.rfc-editor.org/info/rfc2409,200
rfc9593.xml,https://www.rfc-editor.org/info/rfc4739,200
rfc9593.xml,https://www.rfc-editor.org/info/rfc6467,200
rfc9593.xml,https://www.rfc-editor.org/info/rfc7383,200
rfc8815.xml,https://datatracker.ietf.org/doc/draft-ietf-mboned-deprecate-interdomain-asm-07,200
rfc8815.xml,https://dx.doi.org/10.17487/rfc8815,200
rfc8815.xml,https://www.rfc-editor.org/info/rfc8815,200
rfc8815.xml,https://trustee.ietf.org/license-info,200
rfc8815.xml,https://www.rfc-editor.org/info/rfc1112,200
rfc8815.xml,https://www.rfc-editor.org/info/rfc3307,200
rfc8815.xml,https://www.rfc-editor.org/info/rfc3376,200
rfc8815.xml,https://www.rfc-editor.org/info/rfc3810,200
rfc8815.xml,https://www.rfc-editor.org/info/rfc3956,200
rfc8815.xml,https://www.rfc-editor.org/info/rfc4291,200
rfc8815.xml,https://www.rfc-editor.org/info/rfc4607,200
rfc8815.xml,https://www.rfc-editor.org/info/rfc5771,200
rfc8815.xml,https://www.rfc-editor.org/info/rfc7761,200
rfc8815.xml,https://www.rfc-editor.org/info/rfc8313,200
rfc8815.xml,https://www.rfc-editor.org/info/rfc2375,200
rfc8815.xml,https://www.rfc-editor.org/info/rfc3170,200
rfc8815.xml,https://www.rfc-editor.org/info/rfc3618,200
rfc8815.xml,https://www.rfc-editor.org/info/rfc3913,200
rfc8815.xml,https://www.rfc-editor.org/info/rfc4541,200
rfc8815.xml,https://www.rfc-editor.org/info/rfc4604,200
rfc8815.xml,https://www.rfc-editor.org/info/rfc4609,200
rfc8815.xml,https://www.rfc-editor.org/info/rfc4610,200
rfc8815.xml,https://www.rfc-editor.org/info/rfc4611,200
rfc8815.xml,https://www.rfc-editor.org/info/rfc5015,200
rfc8815.xml,https://www.rfc-editor.org/info/rfc6763,200
rfc8815.xml,https://www.rfc-editor.org/info/rfc8504,200
rfc9350.xml,https://datatracker.ietf.org/doc/draft-ietf-lsr-flex-algo-26,200
rfc9350.xml,https://dx.doi.org/10.17487/rfc9350,200
rfc9350.xml,https://www.rfc-editor.org/info/rfc9350,200
rfc9350.xml,https://trustee.ietf.org/license-info,200
rfc9350.xml,https://www.rfc-editor.org/info/rfc2119,200
rfc9350.xml,https://www.rfc-editor.org/info/rfc4203,200
rfc9350.xml,https://www.rfc-editor.org/info/rfc5250,200
rfc9350.xml,https://www.rfc-editor.org/info/rfc5307,200
rfc9350.xml,https://www.rfc-editor.org/info/rfc7308,200
rfc9350.xml,https://www.rfc-editor.org/info/rfc7684,200
rfc9350.xml,https://www.rfc-editor.org/info/rfc7770,200
rfc9350.xml,https://www.rfc-editor.org/info/rfc7981,200
rfc9350.xml,https://www.rfc-editor.org/info/rfc8174,200
rfc9350.xml,https://www.rfc-editor.org/info/rfc8362,200
rfc9350.xml,https://www.rfc-editor.org/info/rfc8660,200
rfc9350.xml,https://www.rfc-editor.org/info/rfc8665,200
rfc9350.xml,https://www.rfc-editor.org/info/rfc8666,200
rfc9350.xml,https://www.rfc-editor.org/info/rfc8667,200
rfc9350.xml,https://www.rfc-editor.org/info/rfc8919,200
rfc9350.xml,https://www.rfc-editor.org/info/rfc8920,200
rfc9350.xml,https://www.rfc-editor.org/info/rfc9352,200
rfc9350.xml,https://www.rfc-editor.org/info/rfc2328,200
rfc9350.xml,https://www.rfc-editor.org/info/rfc3101,200
rfc9350.xml,https://www.rfc-editor.org/info/rfc3630,200
rfc9350.xml,https://www.rfc-editor.org/info/rfc3906,200
rfc9350.xml,https://www.rfc-editor.org/info/rfc4552,200
rfc9350.xml,https://www.rfc-editor.org/info/rfc5304,200
rfc9350.xml,https://www.rfc-editor.org/info/rfc5305,200
rfc9350.xml,https://www.rfc-editor.org/info/rfc5310,200
rfc9350.xml,https://www.rfc-editor.org/info/rfc5340,200
rfc9350.xml,https://www.rfc-editor.org/info/rfc6571,200
rfc9350.xml,https://www.rfc-editor.org/info/rfc7120,200
rfc9350.xml,https://www.rfc-editor.org/info/rfc7471,200
rfc9350.xml,https://www.rfc-editor.org/info/rfc7474,200
rfc9350.xml,https://www.rfc-editor.org/info/rfc8126,200
rfc9350.xml,https://www.rfc-editor.org/info/rfc8570,200
rfc9350.xml,https://www.rfc-editor.org/info/rfc8986,200
rfc9350.xml,https://datatracker.ietf.org/doc/html/draft-gulkohegde-routing-planes-using-sr-00,200
rfc9350.xml,https://datatracker.ietf.org/doc/html/draft-ietf-rtgwg-segment-routing-ti-lfa-09,200
rfc9626.xml,https://datatracker.ietf.org/doc/draft-ietf-avtext-framemarking-16,200
rfc9626.xml,https://dx.doi.org/10.17487/rfc9626,200
rfc9626.xml,https://www.rfc-editor.org/info/rfc9626,200
rfc9626.xml,https://trustee.ietf.org/license-info,200
rfc9626.xml,https://www.rfc-editor.org/info/rfc2119,200
rfc9626.xml,https://www.rfc-editor.org/info/rfc6184,200
rfc9626.xml,https://www.rfc-editor.org/info/rfc6190,200
rfc9626.xml,https://www.rfc-editor.org/info/rfc7741,200
rfc9626.xml,https://www.rfc-editor.org/info/rfc7798,200
rfc9626.xml,https://www.rfc-editor.org/info/rfc8174,200
rfc9626.xml,https://www.rfc-editor.org/info/rfc8285,200
rfc9626.xml,https://www.rfc-editor.org/info/rfc3550,200
rfc9626.xml,https://www.rfc-editor.org/info/rfc3711,200
rfc9626.xml,https://www.rfc-editor.org/info/rfc5104,200
rfc9626.xml,https://www.rfc-editor.org/info/rfc6464,200
rfc9626.xml,https://www.rfc-editor.org/info/rfc7656,200
rfc9626.xml,https://www.rfc-editor.org/info/rfc7667,200
rfc9626.xml,https://www.rfc-editor.org/info/rfc8871,200
rfc9626.xml,https://www.rfc-editor.org/info/rfc9335,200
rfc9626.xml,https://www.rfc-editor.org/info/rfc9627,200
rfc9626.xml,https://www.rfc-editor.org/info/rfc9628,200
rfc9156.xml,https://datatracker.ietf.org/doc/draft-ietf-dnsop-rfc7816bis-11,200
rfc9156.xml,https://dx.doi.org/10.17487/rfc9156,200
rfc9156.xml,https://www.rfc-editor.org/info/rfc9156,200
rfc9156.xml,https://trustee.ietf.org/license-info,200
rfc9156.xml,https://www.rfc-editor.org/info/rfc1034,200
rfc9156.xml,https://www.rfc-editor.org/info/rfc1035,200
rfc9156.xml,https://www.rfc-editor.org/info/rfc2119,200
rfc9156.xml,https://www.rfc-editor.org/info/rfc6973,200
rfc9156.xml,https://www.rfc-editor.org/info/rfc8174,200
rfc9156.xml,https://www.rfc-editor.org/info/rfc8499,200
rfc9156.xml,https://indico.dns-oarc.net/event/34/contributions/787/attachments/777/1326/2020-09-28-oarc33-qname-minimisation.pdf,200
rfc9156.xml,https://nlnetlabs.nl/downloads/publications/devries2019.pdf,200
rfc9156.xml,https://dnsthought.nlnetlabs.nl/#qnamemin,200
rfc9156.xml,https://indico.dns-oarc.net/event/21/contribution/9,200
rfc9156.xml,https://www.rfc-editor.org/info/rfc2181,200
rfc9156.xml,https://www.rfc-editor.org/info/rfc6672,200
rfc9156.xml,https://www.rfc-editor.org/info/rfc6895,200
rfc9156.xml,https://www.rfc-editor.org/info/rfc7816,200
rfc9156.xml,https://www.rfc-editor.org/info/rfc8020,200
rfc9156.xml,https://www.rfc-editor.org/info/rfc8198,200
rfc9156.xml,https://www.rfc-editor.org/info/rfc9076,200
rfc9156.xml,https://blog.verisign.com/security/maximizing-qname-minimization-a-new-chapter-in-dns-protocol-evolution/,200
rfc9436.xml,https://datatracker.ietf.org/doc/draft-ietf-pim-rfc8736bis-04,200
rfc9436.xml,https://dx.doi.org/10.17487/rfc9436,200
rfc9436.xml,https://www.rfc-editor.org/info/rfc9436,200
rfc9436.xml,https://trustee.ietf.org/license-info,200
rfc9436.xml,https://www.rfc-editor.org/info/rfc2119,200
rfc9436.xml,https://www.rfc-editor.org/info/rfc7761,200
rfc9436.xml,https://www.rfc-editor.org/info/rfc8126,200
rfc9436.xml,https://www.rfc-editor.org/info/rfc8174,200
rfc9436.xml,https://www.rfc-editor.org/info/rfc3973,200
rfc9436.xml,https://www.rfc-editor.org/info/rfc5015,200
rfc9436.xml,https://www.rfc-editor.org/info/rfc5059,200
rfc9436.xml,https://www.rfc-editor.org/info/rfc6166,200
rfc9436.xml,https://www.rfc-editor.org/info/rfc6754,200
rfc9436.xml,https://www.rfc-editor.org/info/rfc8364,200
rfc9436.xml,https://www.rfc-editor.org/info/rfc8736,200
rfc9672.xml,https://datatracker.ietf.org/doc/draft-wkumari-rfc8110-to-ieee-02,200
rfc9672.xml,https://dx.doi.org/10.17487/rfc9672,200
rfc9672.xml,https://www.rfc-editor.org/info/rfc9672,200
rfc9672.xml,https://trustee.ietf.org/license-info,200
rfc9672.xml,https://www.rfc-editor.org/info/rfc8110,200
rfc9672.xml,https://www.ieee802.org/11/,200
rfc9672.xml,https://datatracker.ietf.org/liaison/1929/,200
rfc9672.xml,https://www.rfc-editor.org/info/rfc7435,200
rfc9672.xml,https://www.wi-fi.org/beacon/dan-harkins/wi-fi-certified-enhanced-open-transparent-wi-fi-protections-without-complexity,200
rfc8732.xml,https://datatracker.ietf.org/doc/draft-ietf-curdle-gss-keyex-sha2-10,200
rfc8732.xml,https://dx.doi.org/10.17487/rfc8732,200
rfc8732.xml,https://www.rfc-editor.org/info/rfc8732,200
rfc8732.xml,https://trustee.ietf.org/license-info,200
rfc8732.xml,https://www.rfc-editor.org/info/rfc1321,200
rfc8732.xml,https://www.rfc-editor.org/info/rfc2119,200
rfc8732.xml,https://www.rfc-editor.org/info/rfc2743,200
rfc8732.xml,https://www.rfc-editor.org/info/rfc3526,200
rfc8732.xml,https://www.rfc-editor.org/info/rfc4462,200
rfc8732.xml,https://www.rfc-editor.org/info/rfc4648,200
rfc8732.xml,https://www.rfc-editor.org/info/rfc5656,200
rfc8732.xml,https://www.rfc-editor.org/info/rfc7546,200
rfc8732.xml,https://www.rfc-editor.org/info/rfc7748,200
rfc8732.xml,https://www.rfc-editor.org/info/rfc8174,200
rfc8732.xml,https://www.rfc-editor.org/info/rfc8731,200
rfc8732.xml,https://www.iana.org/assignments/ssh-parameters/,200
rfc8732.xml,http://standards.iso.org/ittf/PubliclyAvailableStandards/c068345_ISO_IEC_8825-1_2015.zip,200
rfc8732.xml,https://nvlpubs.nist.gov/nistpubs/SpecialPublications/NIST.SP.800-131Ar2.pdf,200
rfc8732.xml,https://www.rfc-editor.org/info/rfc6194,200
rfc8732.xml,https://www.rfc-editor.org/info/rfc6234,200
rfc8732.xml,https://www.rfc-editor.org/info/rfc8268,200
rfc9666.xml,https://datatracker.ietf.org/doc/draft-ietf-lsr-isis-area-proxy-12,200
rfc9666.xml,https://dx.doi.org/10.17487/rfc9666,200
rfc9666.xml,https://www.rfc-editor.org/info/rfc9666,200
rfc9666.xml,https://trustee.ietf.org/license-info,200
rfc9666.xml,https://www.rfc-editor.org/info/rfc1195,200
rfc9666.xml,https://www.rfc-editor.org/info/rfc2119,200
rfc9666.xml,https://www.rfc-editor.org/info/rfc5120,200
rfc9666.xml,https://www.rfc-editor.org/info/rfc5301,200
rfc9666.xml,https://www.rfc-editor.org/info/rfc5304,200
rfc9666.xml,https://www.rfc-editor.org/info/rfc5305,200
rfc9666.xml,https://www.rfc-editor.org/info/rfc5307,200
rfc9666.xml,https://www.rfc-editor.org/info/rfc5308,200
rfc9666.xml,https://www.rfc-editor.org/info/rfc5310,200
rfc9666.xml,https://www.rfc-editor.org/info/rfc6119,200
rfc9666.xml,https://www.rfc-editor.org/info/rfc7981,200
rfc9666.xml,https://www.rfc-editor.org/info/rfc8174,200
rfc9666.xml,https://www.rfc-editor.org/info/rfc8402,200
rfc9666.xml,https://www.rfc-editor.org/info/rfc8491,200
rfc9666.xml,https://www.rfc-editor.org/info/rfc8667,200
rfc9666.xml,https://www.rfc-editor.org/info/rfc9352,200
rfc9666.xml,https://www.rfc-editor.org/info/rfc9667,200
rfc9666.xml,https://doi.org/10.1002/j.1538-7305.1953.tb01433.x,Connection error: HTTP Error 418: Unknown Code
rfc9666.xml,https://www.rfc-editor.org/info/rfc7120,200
rfc9666.xml,https://www.rfc-editor.org/info/rfc8126,200
rfc9608.xml,https://datatracker.ietf.org/doc/draft-ietf-lamps-norevavail-04,200
rfc9608.xml,https://dx.doi.org/10.17487/rfc9608,200
rfc9608.xml,https://www.rfc-editor.org/info/rfc9608,200
rfc9608.xml,https://trustee.ietf.org/license-info,200
rfc9608.xml,https://www.rfc-editor.org/info/rfc2119,200
rfc9608.xml,https://www.rfc-editor.org/info/rfc5280,200
rfc9608.xml,https://www.rfc-editor.org/info/rfc8174,200
rfc9608.xml,https://www.itu.int/rec/T-REC-X.509-202310-I!Cor2,200
rfc9608.xml,https://www.itu.int/rec/T-REC-X.680,200
rfc9608.xml,https://www.itu.int/rec/T-REC-X.690,200
rfc9608.xml,https://ieeexplore.ieee.org/document/8423794,Connection error: HTTP Error 418: Unknown Code
rfc9608.xml,https://www.rfc-editor.org/info/rfc2459,200
rfc9608.xml,https://www.rfc-editor.org/info/rfc3281,200
rfc9608.xml,https://www.rfc-editor.org/info/rfc3647,200
rfc9608.xml,https://www.rfc-editor.org/info/rfc5912,200
rfc9608.xml,https://www.rfc-editor.org/info/rfc6268,200
rfc9608.xml,https://www.rfc-editor.org/info/rfc6960,200
rfc9608.xml,https://www.rfc-editor.org/info/rfc8555,200
rfc9608.xml,https://www.itu.int/rec/T-REC-X.509-198811-S,200
rfc9608.xml,https://www.itu.int/rec/T-REC-X.509-199708-S,200
rfc9608.xml,https://www.itu.int/rec/T-REC-X.509-200003-S,200
rfc9608.xml,https://www.itu.int/rec/T-REC-X.509-201910-I,200
rfc9533.xml,https://datatracker.ietf.org/doc/draft-ietf-ippm-otwamp-on-lag-08,200
rfc9533.xml,https://dx.doi.org/10.17487/rfc9533,200
rfc9533.xml,https://www.rfc-editor.org/info/rfc9533,200
rfc9533.xml,https://trustee.ietf.org/license-info,200
rfc9533.xml,https://www.rfc-editor.org/info/rfc2119,200
rfc9533.xml,https://www.rfc-editor.org/info/rfc4656,200
rfc9533.xml,https://www.rfc-editor.org/info/rfc5357,200
rfc9533.xml,https://www.rfc-editor.org/info/rfc8174,200
rfc9533.xml,https://www.rfc-editor.org/info/rfc8668,200
rfc9533.xml,https://ieeexplore.ieee.org/document/9105034,Connection error: HTTP Error 418: Unknown Code
rfc9533.xml,https://www.rfc-editor.org/info/rfc7799,200
rfc9670.xml,https://datatracker.ietf.org/doc/draft-ietf-jmap-sharing-09,200
rfc9670.xml,https://dx.doi.org/10.17487/rfc9670,200
rfc9670.xml,https://www.rfc-editor.org/info/rfc9670,200
rfc9670.xml,https://trustee.ietf.org/license-info,200
rfc9670.xml,https://www.rfc-editor.org/info/rfc2119,200
rfc9670.xml,https://www.rfc-editor.org/info/rfc5322,200
rfc9670.xml,https://www.rfc-editor.org/info/rfc8174,200
rfc9670.xml,https://www.rfc-editor.org/info/rfc8620,200
rfc9670.xml,https://www.iana.org/assignments/jmap,200
rfc9670.xml,https://www.iana.org/time-zones,200
rfc9670.xml,https://www.rfc-editor.org/info/rfc8264,200
rfc9288.xml,https://datatracker.ietf.org/doc/draft-ietf-opsec-ipv6-eh-filtering-10,200
rfc9288.xml,https://dx.doi.org/10.17487/rfc9288,200
rfc9288.xml,https://www.rfc-editor.org/info/rfc9288,200
rfc9288.xml,https://trustee.ietf.org/license-info,200
rfc9288.xml,https://www.rfc-editor.org/info/rfc1034,200
rfc9288.xml,https://www.rfc-editor.org/info/rfc2119,200
rfc9288.xml,https://www.rfc-editor.org/info/rfc2205,200
rfc9288.xml,https://www.rfc-editor.org/info/rfc2473,200
rfc9288.xml,https://www.rfc-editor.org/info/rfc2675,200
rfc9288.xml,https://www.rfc-editor.org/info/rfc2710,200
rfc9288.xml,https://www.rfc-editor.org/info/rfc2711,200
rfc9288.xml,https://www.rfc-editor.org/info/rfc3692,200
rfc9288.xml,https://www.rfc-editor.org/info/rfc3810,200
rfc9288.xml,https://www.rfc-editor.org/info/rfc4286,200
rfc9288.xml,https://www.rfc-editor.org/info/rfc4301,200
rfc9288.xml,https://www.rfc-editor.org/info/rfc4302,200
rfc9288.xml,https://www.rfc-editor.org/info/rfc4303,200
rfc9288.xml,https://www.rfc-editor.org/info/rfc4727,200
rfc9288.xml,https://www.rfc-editor.org/info/rfc4782,200
rfc9288.xml,https://www.rfc-editor.org/info/rfc5095,200
rfc9288.xml,https://www.rfc-editor.org/info/rfc5533,200
rfc9288.xml,https://www.rfc-editor.org/info/rfc5570,200
rfc9288.xml,https://www.rfc-editor.org/info/rfc5971,200
rfc9288.xml,https://www.rfc-editor.org/info/rfc6275,200
rfc9288.xml,https://www.rfc-editor.org/info/rfc6398,200
rfc9288.xml,https://www.rfc-editor.org/info/rfc6550,200
rfc9288.xml,https://www.rfc-editor.org/info/rfc6553,200
rfc9288.xml,https://www.rfc-editor.org/info/rfc6554,200
rfc9288.xml,https://www.rfc-editor.org/info/rfc6621,200
rfc9288.xml,https://www.rfc-editor.org/info/rfc6740,200
rfc9288.xml,https://www.rfc-editor.org/info/rfc6744,200
rfc9288.xml,https://www.rfc-editor.org/info/rfc6788,200
rfc9288.xml,https://www.rfc-editor.org/info/rfc6971,200
rfc9288.xml,https://www.rfc-editor.org/info/rfc7045,200
rfc9288.xml,https://www.rfc-editor.org/info/rfc7112,200
rfc9288.xml,https://www.rfc-editor.org/info/rfc7401,200
rfc9288.xml,https://www.rfc-editor.org/info/rfc7731,200
rfc9288.xml,https://www.rfc-editor.org/info/rfc8174,200
rfc9288.xml,https://www.rfc-editor.org/info/rfc8200,200
rfc9288.xml,https://www.rfc-editor.org/info/rfc8250,200
rfc9288.xml,https://www.rfc-editor.org/info/rfc8754,200
rfc9288.xml,https://www.rfc-editor.org/info/rfc8900,200
rfc9288.xml,https://www.rfc-editor.org/info/rfc9008,200
rfc9288.xml,http://www.secdev.org/conf/IPv6_RH_security-csw07.pdf,Connection error: HTTP Error 503: Service Unavailable
rfc9288.xml,https://www.cisco.com/en/US/technologies/tk648/tk872/technologies_white_paper0900aecd8054d37d.pdf,200
rfc9288.xml,https://www.ipv6hackers.org/files/meetings/ipv6-hackers-1/zack-ipv6hackers1-firewall-security-assessment-and-benchmarking.pdf,200
rfc9288.xml,https://iepg.org/2022-03-20-ietf113/huston-v6frag.pdf,200
rfc9288.xml,https://www.iana.org/assignments/ipv6-parameters,200
rfc9288.xml,https://www.iana.org/assignments/protocol-numbers,200
rfc9288.xml,https://datatracker.ietf.org/doc/html/draft-gont-6man-ipv6-opt-transmit-02,200
rfc9288.xml,https://www.ietf.org/archive/id/draft-gont-6man-ipv6-opt-transmit-02.txt,200
rfc9288.xml,https://datatracker.ietf.org/doc/html/draft-vyncke-v6ops-james-02,200
rfc9288.xml,https://www.ietf.org/archive/id/draft-vyncke-v6ops-james-02.txt,200
rfc9288.xml,http://ana-3.lcs.mit.edu/~jnc/nimrod,200
rfc9288.xml,https://datatracker.ietf.org/doc/html/draft-ietf-nimrod-eid-00,200
rfc9288.xml,https://datatracker.ietf.org/doc/html/draft-irtf-pearg-numeric-ids-generation-11,200
rfc9288.xml,https://www.ietf.org/archive/id/draft-irtf-pearg-numeric-ids-generation-11.txt,200
rfc9288.xml,https://www.rfc-editor.org/info/rfc2460,200
rfc9288.xml,https://www.rfc-editor.org/info/rfc3871,200
rfc9288.xml,https://www.rfc-editor.org/info/rfc6192,200
rfc9288.xml,https://www.rfc-editor.org/info/rfc7126,200
rfc9288.xml,https://www.rfc-editor.org/info/rfc7739,200
rfc9288.xml,https://www.rfc-editor.org/info/rfc7872,200
rfc9288.xml,https://www.rfc-editor.org/info/rfc9098,200
rfc8675.xml,https://datatracker.ietf.org/doc/draft-ietf-softwire-iftunnel-07,200
rfc8675.xml,https://dx.doi.org/10.17487/rfc8675,200
rfc8675.xml,https://www.rfc-editor.org/info/rfc8675,200
rfc8675.xml,https://trustee.ietf.org/license-info,200
rfc8675.xml,https://www.rfc-editor.org/info/rfc3688,200
rfc8675.xml,https://www.rfc-editor.org/info/rfc6241,200
rfc8675.xml,https://www.rfc-editor.org/info/rfc6242,200
rfc8675.xml,https://www.rfc-editor.org/info/rfc6991,200
rfc8675.xml,https://www.rfc-editor.org/info/rfc7224,200
rfc8675.xml,https://www.rfc-editor.org/info/rfc7950,200
rfc8675.xml,https://www.rfc-editor.org/info/rfc8040,200
rfc8675.xml,https://www.rfc-editor.org/info/rfc8341,200
rfc8675.xml,https://www.rfc-editor.org/info/rfc8342,200
rfc8675.xml,https://www.rfc-editor.org/info/rfc8446,200
rfc8675.xml,https://www.iana.org/assignments/smi-numbers,200
rfc8675.xml,https://tools.ietf.org/html/draft-thaler-iftype-reg-06,200
rfc8675.xml,http://www.ietf.org/internet-drafts/draft-thaler-iftype-reg-06.txt,Connection error: HTTP Error 404: Not Found
rfc8675.xml,https://www.rfc-editor.org/info/rfc1701,200
rfc8675.xml,https://www.rfc-editor.org/info/rfc1702,200
rfc8675.xml,https://www.rfc-editor.org/info/rfc2003,200
rfc8675.xml,https://www.rfc-editor.org/info/rfc2004,200
rfc8675.xml,https://www.rfc-editor.org/info/rfc2107,200
rfc8675.xml,https://www.rfc-editor.org/info/rfc2341,200
rfc8675.xml,https://www.rfc-editor.org/info/rfc2529,200
rfc8675.xml,https://www.rfc-editor.org/info/rfc2637,200
rfc8675.xml,https://www.rfc-editor.org/info/rfc2661,200
rfc8675.xml,https://www.rfc-editor.org/info/rfc3056,200
rfc8675.xml,https://www.rfc-editor.org/info/rfc3618,200
rfc8675.xml,https://www.rfc-editor.org/info/rfc4087,200
rfc8675.xml,https://www.rfc-editor.org/info/rfc4213,200
rfc8675.xml,https://www.rfc-editor.org/info/rfc4380,200
rfc8675.xml,https://www.rfc-editor.org/info/rfc5214,200
rfc8675.xml,https://www.rfc-editor.org/info/rfc5565,200
rfc8675.xml,https://www.rfc-editor.org/info/rfc6333,200
rfc8675.xml,https://www.rfc-editor.org/info/rfc6346,200
rfc8675.xml,https://www.rfc-editor.org/info/rfc7676,200
rfc8675.xml,https://www.rfc-editor.org/info/rfc7856,200
rfc8675.xml,https://www.rfc-editor.org/info/rfc7870,200
rfc8675.xml,https://www.rfc-editor.org/info/rfc8085,200
rfc8675.xml,https://www.rfc-editor.org/info/rfc8340,200
rfc8675.xml,https://www.rfc-editor.org/info/rfc8343,200
rfc8675.xml,https://www.rfc-editor.org/info/rfc8676,200
rfc9421.xml,https://datatracker.ietf.org/doc/draft-ietf-httpbis-message-signatures-19,200
rfc9421.xml,https://dx.doi.org/10.17487/rfc9421,200
rfc9421.xml,https://www.rfc-editor.org/info/rfc9421,200
rfc9421.xml,https://trustee.ietf.org/license-info,200
rfc9421.xml,https://openjdk.java.net/groups/net/httpclient/intro.html,200
rfc9421.xml,https://www.rfc-editor.org/info/rfc5234,200
rfc9421.xml,https://www.rfc-editor.org/info/rfc20,200
rfc9421.xml,https://doi.org/10.6028/NIST.FIPS.186-5,200
rfc9421.xml,https://url.spec.whatwg.org/,200
rfc9421.xml,https://www.rfc-editor.org/info/rfc9110,200
rfc9421.xml,https://www.rfc-editor.org/info/rfc9112,200
rfc9421.xml,https://pubs.opengroup.org/onlinepubs/9699919799/,200
rfc9421.xml,https://www.rfc-editor.org/info/rfc2104,200
rfc9421.xml,https://www.rfc-editor.org/info/rfc2119,200
rfc9421.xml,https://www.rfc-editor.org/info/rfc6234,200
rfc9421.xml,https://www.rfc-editor.org/info/rfc7517,200
rfc9421.xml,https://www.rfc-editor.org/info/rfc7518,200
rfc9421.xml,https://www.rfc-editor.org/info/rfc8017,200
rfc9421.xml,https://www.rfc-editor.org/info/rfc8032,200
rfc9421.xml,https://www.rfc-editor.org/info/rfc8174,200
rfc9421.xml,https://www.rfc-editor.org/info/rfc8941,200
rfc9421.xml,https://www.rfc-editor.org/info/rfc3986,200
rfc9421.xml,https://docs.aws.amazon.com/AmazonS3/latest/API/sig-v4-authenticating-requests.html,200
rfc9421.xml,https://www.rfc-editor.org/info/bcp195,200
rfc9421.xml,https://www.rfc-editor.org/info/rfc8996,200
rfc9421.xml,https://www.rfc-editor.org/info/rfc9325,200
rfc9421.xml,https://www.rfc-editor.org/info/rfc9440,200
rfc9421.xml,https://www.rfc-editor.org/info/rfc6265,200
rfc9421.xml,https://www.rfc-editor.org/info/rfc9530,200
rfc9421.xml,https://dl.acm.org/doi/10.1145/3319535.3339813,Connection error: HTTP Error 403: Forbidden
rfc9421.xml,https://www.rfc-editor.org/info/rfc7515,200
rfc9421.xml,https://www.rfc-editor.org/info/rfc7239,200
rfc9421.xml,https://www.rfc-editor.org/info/rfc7468,200
rfc9421.xml,https://www.rfc-editor.org/info/rfc7807,200
rfc9421.xml,https://www.rfc-editor.org/info/rfc8126,200
rfc9421.xml,https://www.rfc-editor.org/info/rfc8792,200
rfc9421.xml,https://www.rfc-editor.org/info/rfc9457,200
rfc9421.xml,https://datatracker.ietf.org/doc/html/draft-cavage-http-signatures-12,200
rfc9421.xml,https://datatracker.ietf.org/doc/html/draft-ietf-oauth-signed-http-request-03,200
rfc9421.xml,https://www.rfc-editor.org/info/rfc8446,200
rfc8682.xml,https://datatracker.ietf.org/doc/draft-ietf-tsvwg-tinymt32-06,200
rfc8682.xml,https://dx.doi.org/10.17487/rfc8682,200
rfc8682.xml,https://www.rfc-editor.org/info/rfc8682,200
rfc8682.xml,https://trustee.ietf.org/license-info,200
rfc8682.xml,https://www.rfc-editor.org/info/rfc2119,200
rfc8682.xml,https://www.rfc-editor.org/info/rfc8174,200
rfc8682.xml,http://www.math.sci.hiroshima-u.ac.jp/~m-mat/MT/ADAPTIVE,200
rfc8682.xml,https://doi.org/10.1109/JIOT.2018.2815038,Connection error: HTTP Error 418: Unknown Code
rfc8682.xml,https://doi.org/10.1145/2364489.2364504,Connection error: HTTP Error 403: Forbidden
rfc8682.xml,https://doi.org/10.1145/272991.272995,Connection error: HTTP Error 403: Forbidden
rfc8682.xml,https://www.rfc-editor.org/info/rfc5170,200
rfc8682.xml,https://www.rfc-editor.org/info/rfc8681,200
rfc8682.xml,http://simul.iro.umontreal.ca/testu01/tu01.html,200
rfc8682.xml,https://github.com/MersenneTwister-Lab/TinyMT,200
rfc8682.xml,https://github.com/jj1bdx/tinymtdc-longbatch,200
rfc8682.xml,http://www.math.sci.hiroshima-u.ac.jp/~m-mat/MT/TINYMT/,200
rfc8851.xml,https://datatracker.ietf.org/doc/draft-ietf-mmusic-rid-15,200
rfc8851.xml,https://dx.doi.org/10.17487/rfc8851,200
rfc8851.xml,https://www.rfc-editor.org/info/rfc8851,200
rfc8851.xml,https://trustee.ietf.org/license-info,200
rfc8851.xml,https://www.rfc-editor.org/info/rfc2119,200
rfc8851.xml,https://www.rfc-editor.org/info/rfc3264,200
rfc8851.xml,https://www.rfc-editor.org/info/rfc3550,200
rfc8851.xml,https://www.rfc-editor.org/info/rfc4566,200
rfc8851.xml,https://www.rfc-editor.org/info/rfc4855,200
rfc8851.xml,https://www.rfc-editor.org/info/rfc5234,200
rfc8851.xml,https://www.rfc-editor.org/info/rfc7405,200
rfc8851.xml,https://www.rfc-editor.org/info/rfc8174,200
rfc8851.xml,https://www.rfc-editor.org/info/rfc8852,200
rfc8851.xml,https://www.itu.int/rec/T-REC-H.264,200
rfc8851.xml,https://www.rfc-editor.org/info/rfc2198,200
rfc8851.xml,https://www.rfc-editor.org/info/rfc4588,200
rfc8851.xml,https://www.rfc-editor.org/info/rfc5109,200
rfc8851.xml,https://www.rfc-editor.org/info/rfc6184,200
rfc8851.xml,https://www.rfc-editor.org/info/rfc6236,200
rfc8851.xml,https://www.rfc-editor.org/info/rfc7656,200
rfc8851.xml,https://www.rfc-editor.org/info/rfc7741,200
rfc8851.xml,https://www.rfc-editor.org/info/rfc8126,200
rfc8851.xml,https://www.rfc-editor.org/info/rfc8285,200
rfc8851.xml,https://www.rfc-editor.org/info/rfc8627,200
rfc8851.xml,https://www.rfc-editor.org/info/rfc8843,200
rfc8851.xml,https://www.rfc-editor.org/info/rfc8853,200
rfc9592.xml,https://datatracker.ietf.org/doc/draft-tenoever-tao-retirement-04,200
rfc9592.xml,https://dx.doi.org/10.17487/rfc9592,200
rfc9592.xml,https://www.rfc-editor.org/info/rfc9592,200
rfc9592.xml,https://trustee.ietf.org/license-info,200
rfc9592.xml,https://www.rfc-editor.org/info/rfc1391,200
rfc9592.xml,https://www.rfc-editor.org/info/rfc1539,200
rfc9592.xml,https://www.rfc-editor.org/info/rfc1718,200
rfc9592.xml,https://www.rfc-editor.org/info/rfc3160,200
rfc9592.xml,https://www.rfc-editor.org/info/rfc4677,200
rfc9592.xml,https://www.rfc-editor.org/info/rfc6722,200
rfc9592.xml,https://datatracker.ietf.org/stats/meeting/overview/,200
rfc9592.xml,https://www.ietf.org/about/participate/get-started/,200
rfc9592.xml,https://www.rfc-editor.org/info/bcp9,200
rfc9592.xml,https://www.rfc-editor.org/info/rfc3935,200
rfc9592.xml,https://www.rfc-editor.org/info/rfc2028,200
rfc9592.xml,https://www.ietf.org,200
rfc9592.xml,https://datatracker.ietf.org/,200
rfc9592.xml,https://www.internetsociety.org,Connection error: HTTP Error 403: Forbidden
rfc9592.xml,https://www.rfc-editor.org/info/rfc8718,200
rfc9592.xml,https://www.rfc-editor.org/info/rfc8719,200
rfc9592.xml,https://www.ietf.org/about/administration/,200
rfc9592.xml,https://www.ietf.org/about/groups/iesg,200
rfc9592.xml,https://www.rfc-editor.org/info/bcp10,200
rfc9592.xml,https://www.ietf.org/topics/areas/,200
rfc9592.xml,https://www.ietf.org/blog/handling-iesg-ballot-positions/,200
rfc9592.xml,https://www.iab.org,Connection error: HTTP Error 403: Forbidden
rfc9592.xml,https://www.irtf.org,Connection error: HTTP Error 403: Forbidden
rfc9592.xml,https://www.iana.org,200
rfc9592.xml,https://datatracker.ietf.org/group/ietfiana/about/,200
rfc9592.xml,https://www.icann.org,Connection error: HTTP Error 403: Forbidden
rfc9592.xml,https://www.rfc-editor.org,200
rfc9592.xml,https://datatracker.ietf.org/group/rfcefdp/about/,200
rfc9592.xml,https://www.ietf.org,200
rfc9592.xml,https://trustee.ietf.org,200
rfc9592.xml,https://www.ietf.org/mailman/listinfo/ietf-announce,Connection error: HTTP Error 403: Forbidden
rfc9592.xml,https://www.ietf.org/mailman/listinfo/ietf,Connection error: HTTP Error 403: Forbidden
rfc9592.xml,https://www.rfc-editor.org/info/bcp45,200
rfc9592.xml,https://www.ietf.org/mailman/listinfo/i-d-announce,Connection error: HTTP Error 403: Forbidden
rfc9592.xml,https://www.ietf.org/mailman/listinfo/last-call,Connection error: HTTP Error 403: Forbidden
rfc9592.xml,https://www.ietf.org/blog/ietf-anti-harassment-policy,200
rfc9592.xml,https://www.rfc-editor.org/info/bcp54,200
rfc9592.xml,https://www.ietf.org/contact/ombudsteam,200
rfc9592.xml,https://www.ietf.org/how/runningcode/,200
rfc9592.xml,https://www.ietf.org/how/meetings/upcoming/,200
rfc9592.xml,https://www.ietf.org,200
rfc9592.xml,https://www.ietf.org/privacy-statement/,200
rfc9592.xml,https://www.ietf.org/about/note-well/,200
rfc9592.xml,https://www.youtube.com/user/ietf,200
rfc9592.xml,https://www.youtube.com/watch?v=MW1cDLmr91c&list=PLC86T-6ZTP5imxIwnF0mYxWVp0sbqDR0J&pp=iAQB,200
rfc9592.xml,https://datatracker.ietf.org/group/emodir/about/,200
rfc9592.xml,https://www.rfc-editor.org/info/rfc4144,200
rfc9592.xml,https://irtf.org/anrw/,Connection error: HTTP Error 403: Forbidden
rfc9592.xml,https://irtf.org/anrp/,Connection error: HTTP Error 403: Forbidden
rfc9592.xml,https://www.ietf.org/how/meetings/proceedings/,Connection error: HTTP Error 404: Not Found
rfc9592.xml,https://www.rfc-editor.org/info/bcp25,200
rfc9592.xml,https://datatracker.ietf.org/wg/,200
rfc9592.xml,https://www.rfc-editor.org/info/bcp11,200
rfc9592.xml,https://www.rfc-editor.org/info/bcp25,200
rfc9592.xml,https://www.rfc-editor.org/info/rfc7282,200
rfc9592.xml,https://www.rfc-editor.org/info/rfc4858,200
rfc9592.xml,https://datatracker.ietf.org/,200
rfc9592.xml,https://www.ietf.org/about/participate/get-started/#officialdocuments,200
rfc9592.xml,https://authors.ietf.org,200
rfc9592.xml,https://www.rfc-editor.org/rfc/rfc5378.html,200
rfc9592.xml,https://www.rfc-editor.org/info/bcp9,200
rfc9592.xml,https://www.rfc-editor.org/info/bcp78,200
rfc9592.xml,https://www.rfc-editor.org/info/bcp79,200
rfc9592.xml,https://datatracker.ietf.org/ipr/about/,200
rfc9592.xml,https://www.rfc-editor.org/info/bcp79,200
rfc9592.xml,https://www.rfc-editor.org/info/rfc7991,200
rfc9592.xml,https://www.rfc-editor.org/info/rfc8874,200
rfc9592.xml,https://authors.ietf.org,200
rfc9592.xml,https://www.ietf.org/how/ids/guidelines,200
rfc9592.xml,https://www.rfc-editor.org/info/bcp14,200
rfc9592.xml,https://www.rfc-editor.org/info/bcp97,200
rfc9592.xml,https://www.rfc-editor.org/info/bcp26,200
rfc9592.xml,https://www.rfc-editor.org/info/bcp72,200
rfc9592.xml,https://www.rfc-editor.org/info/rfc6973,200
rfc9592.xml,https://www.rfc-editor.org/info/rfc7942,200
rfc9592.xml,https://authors.ietf.org/en/required-content,200
rfc9592.xml,https://www.rfc-editor.org/info/bcp9,200
rfc9592.xml,https://www.ietf.org/standards/process/informational-vs-experimental/,200
rfc9592.xml,https://ietf.org/about/donors/,200
rfc9592.xml,https://www.ietf.org/endowment/donate-ietf-endowment/,200
rfc9592.xml,https://www.rfc-editor.org/info/bcp39,200
rfc9592.xml,https://www.ietf.org/about/liaisons,200
rfc9592.xml,https://www.rfc-editor.org/info/bcp102,200
rfc9592.xml,https://www.rfc-editor.org/info/bcp103,200
rfc9592.xml,https://www.ietf.org/contact/,200
rfc9077.xml,https://datatracker.ietf.org/doc/draft-ietf-dnsop-nsec-ttl-05,200
rfc9077.xml,https://dx.doi.org/10.17487/rfc9077,200
rfc9077.xml,https://www.rfc-editor.org/info/rfc9077,200
rfc9077.xml,https://trustee.ietf.org/license-info,200
rfc9077.xml,https://www.rfc-editor.org/info/rfc2119,200
rfc9077.xml,https://www.rfc-editor.org/info/rfc2308,200
rfc9077.xml,https://www.rfc-editor.org/info/rfc4034,200
rfc9077.xml,https://www.rfc-editor.org/info/rfc4035,200
rfc9077.xml,https://www.rfc-editor.org/info/rfc5155,200
rfc9077.xml,https://www.rfc-editor.org/info/rfc8174,200
rfc9077.xml,https://www.rfc-editor.org/info/rfc8198,200
rfc9431.xml,https://datatracker.ietf.org/doc/draft-ietf-ace-mqtt-tls-profile-17,200
rfc9431.xml,https://dx.doi.org/10.17487/rfc9431,200
rfc9431.xml,https://www.rfc-editor.org/info/rfc9431,200
rfc9431.xml,https://trustee.ietf.org/license-info,200
rfc9431.xml,https://docs.oasis-open.org/mqtt/mqtt/v3.1.1/mqtt-v3.1.1.html,200
rfc9431.xml,https://docs.oasis-open.org/mqtt/mqtt/v5.0/mqtt-v5.0.html,200
rfc9431.xml,https://www.rfc-editor.org/info/rfc2119,200
rfc9431.xml,https://www.rfc-editor.org/info/rfc4648,200
rfc9431.xml,https://www.rfc-editor.org/info/rfc5705,200
rfc9431.xml,https://www.rfc-editor.org/info/rfc6066,200
rfc9431.xml,https://www.rfc-editor.org/info/rfc6234,200
rfc9431.xml,https://www.rfc-editor.org/info/rfc6749,200
rfc9431.xml,https://www.rfc-editor.org/info/rfc7250,200
rfc9431.xml,https://www.rfc-editor.org/info/rfc7301,200
rfc9431.xml,https://www.rfc-editor.org/info/rfc7516,200
rfc9431.xml,https://www.rfc-editor.org/info/rfc7517,200
rfc9431.xml,https://www.rfc-editor.org/info/rfc7519,200
rfc9431.xml,https://www.rfc-editor.org/info/rfc7627,200
rfc9431.xml,https://www.rfc-editor.org/info/rfc7800,200
rfc9431.xml,https://www.rfc-editor.org/info/rfc8032,200
rfc9431.xml,https://www.rfc-editor.org/info/rfc8174,200
rfc9431.xml,https://www.rfc-editor.org/info/rfc8422,200
rfc9431.xml,https://www.rfc-editor.org/info/rfc8442,200
rfc9431.xml,https://www.rfc-editor.org/info/rfc8446,200
rfc9431.xml,https://www.rfc-editor.org/info/rfc8610,200
rfc9431.xml,https://www.rfc-editor.org/info/rfc8747,200
rfc9431.xml,https://www.rfc-editor.org/info/rfc9052,200
rfc9431.xml,https://www.rfc-editor.org/info/rfc9110,200
rfc9431.xml,https://www.rfc-editor.org/info/rfc9200,200
rfc9431.xml,https://www.rfc-editor.org/info/rfc9201,200
rfc9431.xml,https://www.rfc-editor.org/info/rfc9202,200
rfc9431.xml,https://www.rfc-editor.org/info/rfc9237,200
rfc9431.xml,https://www.rfc-editor.org/info/rfc9360,200
rfc9431.xml,https://www.rfc-editor.org/info/rfc9430,200
rfc9431.xml,https://datatracker.ietf.org/doc/html/draft-ietf-ace-pubsub-profile-06,200
rfc9431.xml,https://dx.doi.org/10.1109/SIoT.2014.8,Connection error: HTTP Error 418: Unknown Code
rfc9431.xml,https://www.rfc-editor.org/info/rfc4949,200
rfc9431.xml,https://www.rfc-editor.org/info/rfc7252,200
rfc9431.xml,https://www.rfc-editor.org/info/rfc7925,200
rfc9431.xml,https://www.rfc-editor.org/info/rfc8392,200
rfc9431.xml,https://www.rfc-editor.org/info/rfc8447,200
rfc9431.xml,https://www.rfc-editor.org/info/rfc8949,200
rfc9431.xml,https://www.rfc-editor.org/info/rfc9325,200
rfc9431.xml,https://datatracker.ietf.org/doc/html/draft-ietf-tls-rfc8446bis-09,200
rfc9759.xml,https://datatracker.ietf.org/doc/draft-kkuhns-twp-00,200
rfc9759.xml,https://dx.doi.org/10.17487/rfc9759,200
rfc9759.xml,https://www.rfc-editor.org/info/rfc9759,200
rfc9759.xml,https://trustee.ietf.org/license-info,200
rfc9759.xml,https://www.rfc-editor.org/info/rfc2119,200
rfc9759.xml,https://www.rfc-editor.org/info/rfc8174,200
rfc9304.xml,https://datatracker.ietf.org/doc/draft-ietf-lisp-rfc8113bis-03,200
rfc9304.xml,https://dx.doi.org/10.17487/rfc9304,200
rfc9304.xml,https://www.rfc-editor.org/info/rfc9304,200
rfc9304.xml,https://trustee.ietf.org/license-info,200
rfc9304.xml,https://www.rfc-editor.org/info/rfc2119,200
rfc9304.xml,https://www.rfc-editor.org/info/rfc8126,200
rfc9304.xml,https://www.rfc-editor.org/info/rfc8174,200
rfc9304.xml,https://www.rfc-editor.org/info/rfc9301,200
rfc8666.xml,https://datatracker.ietf.org/doc/draft-ietf-ospf-ospfv3-segment-routing-extensions-23,200
rfc8666.xml,https://dx.doi.org/10.17487/rfc8666,200
rfc8666.xml,https://www.rfc-editor.org/info/rfc8666,200
rfc8666.xml,https://trustee.ietf.org/license-info,200
rfc8666.xml,https://www.iana.org/assignments/igp-parameters,200
rfc8666.xml,https://www.rfc-editor.org/info/rfc2119,200
rfc8666.xml,https://www.rfc-editor.org/info/rfc3031,200
rfc8666.xml,https://www.rfc-editor.org/info/rfc3101,200
rfc8666.xml,https://www.rfc-editor.org/info/rfc5036,200
rfc8666.xml,https://www.rfc-editor.org/info/rfc5340,200
rfc8666.xml,https://www.rfc-editor.org/info/rfc5462,200
rfc8666.xml,https://www.rfc-editor.org/info/rfc6845,200
rfc8666.xml,https://www.rfc-editor.org/info/rfc7770,200
rfc8666.xml,https://www.rfc-editor.org/info/rfc8174,200
rfc8666.xml,https://www.rfc-editor.org/info/rfc8362,200
rfc8666.xml,https://www.rfc-editor.org/info/rfc8402,200
rfc8666.xml,https://www.rfc-editor.org/info/rfc8661,200
rfc8666.xml,https://www.rfc-editor.org/info/rfc8665,200
rfc8666.xml,https://www.rfc-editor.org/info/rfc4552,200
rfc8666.xml,https://www.rfc-editor.org/info/rfc7166,200
rfc8666.xml,https://www.rfc-editor.org/info/rfc7855,200
rfc9574.xml,https://datatracker.ietf.org/doc/draft-ietf-bess-evpn-optimized-ir-12,200
rfc9574.xml,https://dx.doi.org/10.17487/rfc9574,200
rfc9574.xml,https://www.rfc-editor.org/info/rfc9574,200
rfc9574.xml,https://trustee.ietf.org/license-info,200
rfc9574.xml,https://www.rfc-editor.org/info/rfc2119,200
rfc9574.xml,https://www.rfc-editor.org/info/rfc6513,200
rfc9574.xml,https://www.rfc-editor.org/info/rfc6514,200
rfc9574.xml,https://www.rfc-editor.org/info/rfc7432,200
rfc9574.xml,https://www.rfc-editor.org/info/rfc7902,200
rfc9574.xml,https://www.rfc-editor.org/info/rfc8174,200
rfc9574.xml,https://www.rfc-editor.org/info/rfc8365,200
rfc9574.xml,https://www.rfc-editor.org/info/rfc9572,200
rfc9574.xml,https://www.rfc-editor.org/info/rfc4023,200
rfc9574.xml,https://www.rfc-editor.org/info/rfc7348,200
rfc9574.xml,https://www.rfc-editor.org/info/rfc7637,200
rfc9574.xml,https://www.rfc-editor.org/info/rfc9161,200
rfc9452.xml,https://datatracker.ietf.org/doc/draft-ietf-sfc-ioam-nsh-13,200
rfc9452.xml,https://dx.doi.org/10.17487/rfc9452,200
rfc9452.xml,https://www.rfc-editor.org/info/rfc9452,200
rfc9452.xml,https://trustee.ietf.org/license-info,200
rfc9452.xml,https://www.iana.org/assignments/nsh,200
rfc9452.xml,https://www.rfc-editor.org/info/rfc2119,200
rfc9452.xml,https://www.rfc-editor.org/info/rfc8174,200
rfc9452.xml,https://www.rfc-editor.org/info/rfc8300,200
rfc9452.xml,https://www.rfc-editor.org/info/rfc9197,200
rfc9452.xml,https://www.rfc-editor.org/info/rfc9451,200
rfc9452.xml,https://www.rfc-editor.org/info/rfc7665,200
rfc9452.xml,https://www.rfc-editor.org/info/rfc9322,200
rfc9452.xml,https://www.rfc-editor.org/info/rfc9326,200
rfc9452.xml,https://www.rfc-editor.org/info/rfc9378,200
rfc9065.xml,https://datatracker.ietf.org/doc/draft-ietf-tsvwg-transport-encrypt-21,200
rfc9065.xml,https://dx.doi.org/10.17487/rfc9065,200
rfc9065.xml,https://www.rfc-editor.org/info/rfc9065,200
rfc9065.xml,https://trustee.ietf.org/license-info,200
rfc9065.xml,https://doi.org/10.1145/2063176.2063196,Connection error: HTTP Error 403: Forbidden
rfc9065.xml,https://datatracker.ietf.org/doc/html/draft-ietf-tls-dtls13-43,200
rfc9065.xml,https://www.ietf.org/archive/id/draft-ietf-tls-dtls13-43.txt,200
rfc9065.xml,https://datatracker.ietf.org/doc/html/draft-ietf-ippm-ioam-data-12,200
rfc9065.xml,https://www.ietf.org/archive/id/draft-ietf-ippm-ioam-data-12.txt,200
rfc9065.xml,https://datatracker.ietf.org/doc/html/draft-ietf-6man-ipv6-alt-mark-06,200
rfc9065.xml,https://www.ietf.org/archive/id/draft-ietf-6man-ipv6-alt-mark-06.txt,200
rfc9065.xml,https://doi.org/10.1109/COMST.2014.2375213,Connection error: HTTP Error 418: Unknown Code
rfc9065.xml,https://datatracker.ietf.org/doc/html/draft-trammell-plus-abstract-mech-00,200
rfc9065.xml,https://www.ietf.org/archive/id/draft-trammell-plus-abstract-mech-00.txt,200
rfc9065.xml,https://datatracker.ietf.org/doc/html/draft-ietf-quic-qlog-main-schema-00,200
rfc9065.xml,https://www.ietf.org/archive/id/draft-ietf-quic-qlog-main-schema-00.txt,200
rfc9065.xml,https://github.com/google/quic-trace,200
rfc9065.xml,https://www.rfc-editor.org/info/rfc791,200
rfc9065.xml,https://www.rfc-editor.org/info/rfc2410,200
rfc9065.xml,https://www.rfc-editor.org/info/rfc2474,200
rfc9065.xml,https://www.rfc-editor.org/info/rfc2475,200
rfc9065.xml,https://www.rfc-editor.org/info/rfc2507,200
rfc9065.xml,https://www.rfc-editor.org/info/rfc2508,200
rfc9065.xml,https://www.rfc-editor.org/info/rfc2914,200
rfc9065.xml,https://www.rfc-editor.org/info/rfc3168,200
rfc9065.xml,https://www.rfc-editor.org/info/rfc3234,200
rfc9065.xml,https://www.rfc-editor.org/info/rfc3261,200
rfc9065.xml,https://www.rfc-editor.org/info/rfc3393,200
rfc9065.xml,https://www.rfc-editor.org/info/rfc3550,200
rfc9065.xml,https://www.rfc-editor.org/info/rfc3552,200
rfc9065.xml,https://www.rfc-editor.org/info/rfc3711,200
rfc9065.xml,https://www.rfc-editor.org/info/rfc4302,200
rfc9065.xml,https://www.rfc-editor.org/info/rfc4303,200
rfc9065.xml,https://www.rfc-editor.org/info/rfc4585,200
rfc9065.xml,https://www.rfc-editor.org/info/rfc4737,200
rfc9065.xml,https://www.rfc-editor.org/info/rfc4960,200
rfc9065.xml,https://www.rfc-editor.org/info/rfc5166,200
rfc9065.xml,https://www.rfc-editor.org/info/rfc5218,200
rfc9065.xml,https://www.rfc-editor.org/info/rfc5236,200
rfc9065.xml,https://www.rfc-editor.org/info/rfc5426,200
rfc9065.xml,https://www.rfc-editor.org/info/rfc5481,200
rfc9065.xml,https://www.rfc-editor.org/info/rfc5795,200
rfc9065.xml,https://www.rfc-editor.org/info/rfc5925,200
rfc9065.xml,https://www.rfc-editor.org/info/rfc6056,200
rfc9065.xml,https://www.rfc-editor.org/info/rfc6269,200
rfc9065.xml,https://www.rfc-editor.org/info/rfc6294,200
rfc9065.xml,https://www.rfc-editor.org/info/rfc6347,200
rfc9065.xml,https://www.rfc-editor.org/info/rfc6437,200
rfc9065.xml,https://www.rfc-editor.org/info/rfc6438,200
rfc9065.xml,https://www.rfc-editor.org/info/rfc6846,200
rfc9065.xml,https://www.rfc-editor.org/info/rfc6973,200
rfc9065.xml,https://www.rfc-editor.org/info/rfc7098,200
rfc9065.xml,https://www.rfc-editor.org/info/rfc7126,200
rfc9065.xml,https://www.rfc-editor.org/info/rfc7258,200
rfc9065.xml,https://www.rfc-editor.org/info/rfc7413,200
rfc9065.xml,https://www.rfc-editor.org/info/rfc7414,200
rfc9065.xml,https://www.rfc-editor.org/info/rfc7567,200
rfc9065.xml,https://www.rfc-editor.org/info/rfc7594,200
rfc9065.xml,https://www.rfc-editor.org/info/rfc7605,200
rfc9065.xml,https://www.rfc-editor.org/info/rfc7624,200
rfc9065.xml,https://www.rfc-editor.org/info/rfc7799,200
rfc9065.xml,https://www.rfc-editor.org/info/rfc7872,200
rfc9065.xml,https://www.rfc-editor.org/info/rfc7928,200
rfc9065.xml,https://www.rfc-editor.org/info/rfc7983,200
rfc9065.xml,https://www.rfc-editor.org/info/rfc8033,200
rfc9065.xml,https://www.rfc-editor.org/info/rfc8084,200
rfc9065.xml,https://www.rfc-editor.org/info/rfc8085,200
rfc9065.xml,https://www.rfc-editor.org/info/rfc8086,200
rfc9065.xml,https://www.rfc-editor.org/info/rfc8087,200
rfc9065.xml,https://www.rfc-editor.org/info/rfc8095,200
rfc9065.xml,https://www.rfc-editor.org/info/rfc8200,200
rfc9065.xml,https://www.rfc-editor.org/info/rfc8250,200
rfc9065.xml,https://www.rfc-editor.org/info/rfc8289,200
rfc9065.xml,https://www.rfc-editor.org/info/rfc8290,200
rfc9065.xml,https://www.rfc-editor.org/info/rfc8404,200
rfc9065.xml,https://www.rfc-editor.org/info/rfc8446,200
rfc9065.xml,https://www.rfc-editor.org/info/rfc8462,200
rfc9065.xml,https://www.rfc-editor.org/info/rfc8517,200
rfc9065.xml,https://www.rfc-editor.org/info/rfc8546,200
rfc9065.xml,https://www.rfc-editor.org/info/rfc8548,200
rfc9065.xml,https://www.rfc-editor.org/info/rfc8558,200
rfc9065.xml,https://www.rfc-editor.org/info/rfc8684,200
rfc9065.xml,https://www.rfc-editor.org/info/rfc8701,200
rfc9065.xml,https://www.rfc-editor.org/info/rfc8724,200
rfc9065.xml,https://www.rfc-editor.org/info/rfc8837,200
rfc9065.xml,https://www.rfc-editor.org/info/rfc8866,200
rfc9065.xml,https://www.rfc-editor.org/info/rfc8922,200
rfc9065.xml,https://www.rfc-editor.org/info/rfc9000,200
rfc8907.xml,https://datatracker.ietf.org/doc/draft-ietf-opsawg-tacacs-18,200
rfc8907.xml,https://dx.doi.org/10.17487/rfc8907,200
rfc8907.xml,https://www.rfc-editor.org/info/rfc8907,200
rfc8907.xml,https://trustee.ietf.org/license-info,200
rfc8907.xml,https://www.rfc-editor.org/info/rfc20,200
rfc8907.xml,https://www.rfc-editor.org/info/rfc1321,200
rfc8907.xml,https://www.rfc-editor.org/info/rfc1334,200
rfc8907.xml,https://www.rfc-editor.org/info/rfc2119,200
rfc8907.xml,https://www.rfc-editor.org/info/rfc2433,200
rfc8907.xml,https://www.rfc-editor.org/info/rfc2759,200
rfc8907.xml,https://www.rfc-editor.org/info/rfc3579,200
rfc8907.xml,https://www.rfc-editor.org/info/rfc4086,200
rfc8907.xml,https://www.rfc-editor.org/info/rfc4120,200
rfc8907.xml,https://www.rfc-editor.org/info/rfc5952,200
rfc8907.xml,https://www.rfc-editor.org/info/rfc8174,200
rfc8907.xml,https://www.rfc-editor.org/info/rfc8265,200
rfc8907.xml,https://tools.ietf.org/html/draft-grant-tacacs-02,200
rfc8907.xml,https://www.iana.org/time-zones,200
rfc9486.xml,https://datatracker.ietf.org/doc/draft-ietf-ippm-ioam-ipv6-options-12,200
rfc9486.xml,https://dx.doi.org/10.17487/rfc9486,200
rfc9486.xml,https://www.rfc-editor.org/info/rfc9486,200
rfc9486.xml,https://trustee.ietf.org/license-info,200
rfc9486.xml,https://github.com/torvalds/linux/commit/7c804e91df523a37c29e183ea2b10ac73c3a4f3d,200
rfc9486.xml,https://docs.fd.io/vpp/17.04/ioam_ipv6_doc.html,200
rfc9486.xml,https://www.iana.org/assignments/ipv6-parameters/,200
rfc9486.xml,https://www.rfc-editor.org/info/rfc2119,200
rfc9486.xml,https://www.rfc-editor.org/info/rfc8174,200
rfc9486.xml,https://www.rfc-editor.org/info/rfc9197,200
rfc9486.xml,https://www.rfc-editor.org/info/rfc9326,200
rfc9486.xml,https://datatracker.ietf.org/doc/html/draft-kitamura-ipv6-record-route-00,200
rfc9486.xml,https://www.rfc-editor.org/info/rfc4302,200
rfc9486.xml,https://www.rfc-editor.org/info/rfc8200,200
rfc9486.xml,https://www.rfc-editor.org/info/rfc8250,200
rfc9486.xml,https://www.rfc-editor.org/info/rfc9098,200
rfc9157.xml,https://datatracker.ietf.org/doc/draft-ietf-dnsop-dnssec-iana-cons-05,200
rfc9157.xml,https://dx.doi.org/10.17487/rfc9157,200
rfc9157.xml,https://www.rfc-editor.org/info/rfc9157,200
rfc9157.xml,https://trustee.ietf.org/license-info,200
rfc9157.xml,https://www.rfc-editor.org/info/rfc2119,200
rfc9157.xml,https://www.rfc-editor.org/info/rfc4033,200
rfc9157.xml,https://www.rfc-editor.org/info/rfc4034,200
rfc9157.xml,https://www.rfc-editor.org/info/rfc4035,200
rfc9157.xml,https://www.rfc-editor.org/info/rfc5155,200
rfc9157.xml,https://www.rfc-editor.org/info/rfc6014,200
rfc9157.xml,https://www.rfc-editor.org/info/rfc8126,200
rfc9157.xml,https://www.rfc-editor.org/info/rfc8174,200
rfc9157.xml,https://www.rfc-editor.org/info/rfc8624,200
rfc9157.xml,https://www.rfc-editor.org/info/rfc3658,200
rfc9579.xml,https://datatracker.ietf.org/doc/draft-ietf-lamps-pkcs12-pbmac1-08,200
rfc9579.xml,https://dx.doi.org/10.17487/rfc9579,200
rfc9579.xml,https://www.rfc-editor.org/info/rfc9579,200
rfc9579.xml,https://trustee.ietf.org/license-info,200
rfc9579.xml,https://www.rfc-editor.org/info/rfc2104,200
rfc9579.xml,https://www.rfc-editor.org/info/rfc2119,200
rfc9579.xml,https://www.rfc-editor.org/info/rfc6194,200
rfc9579.xml,https://www.rfc-editor.org/info/rfc7292,200
rfc9579.xml,https://www.rfc-editor.org/info/rfc8018,200
rfc9579.xml,https://www.rfc-editor.org/info/rfc8174,200
rfc9579.xml,https://nvlpubs.nist.gov/nistpubs/FIPS/NIST.FIPS.180-4.pdf,200
rfc9579.xml,https://www.itu.int/rec/T-REC-X.680,200
rfc9579.xml,https://www.itu.int/rec/T-REC-X.681,200
rfc9579.xml,https://www.itu.int/rec/T-REC-X.682,200
rfc9579.xml,https://www.itu.int/rec/T-REC-X.683,200
rfc9579.xml,https://www.itu.int/rec/T-REC-X.690,200
rfc9579.xml,https://www.rfc-editor.org/info/rfc7914,200
rfc9579.xml,https://nvlpubs.nist.gov/nistpubs/FIPS/NIST.FIPS.202.pdf,200
rfc9687.xml,https://datatracker.ietf.org/doc/draft-ietf-idr-bgp-sendholdtimer-15,200
rfc9687.xml,https://dx.doi.org/10.17487/rfc9687,200
rfc9687.xml,https://www.rfc-editor.org/info/rfc9687,200
rfc9687.xml,https://trustee.ietf.org/license-info,200
rfc9687.xml,https://www.rfc-editor.org/info/rfc2119,200
rfc9687.xml,https://www.rfc-editor.org/info/rfc4271,200
rfc9687.xml,https://www.rfc-editor.org/info/rfc8174,200
rfc9687.xml,https://www.rfc-editor.org/info/rfc9293,200
rfc9687.xml,https://labs.ripe.net/author/romain_fontugne/bgp-zombies/,200
rfc9687.xml,https://www.rfc-editor.org/info/rfc4273,200
rfc8804.xml,https://datatracker.ietf.org/doc/draft-ietf-cdni-request-routing-extensions-08,200
rfc8804.xml,https://dx.doi.org/10.17487/rfc8804,200
rfc8804.xml,https://www.rfc-editor.org/info/rfc8804,200
rfc8804.xml,https://trustee.ietf.org/license-info,200
rfc8804.xml,https://www.rfc-editor.org/info/rfc1034,200
rfc8804.xml,https://www.rfc-editor.org/info/rfc2119,200
rfc8804.xml,https://www.rfc-editor.org/info/rfc3986,200
rfc8804.xml,https://www.rfc-editor.org/info/rfc6707,200
rfc8804.xml,https://www.rfc-editor.org/info/rfc7231,200
rfc8804.xml,https://www.rfc-editor.org/info/rfc7336,200
rfc8804.xml,https://www.rfc-editor.org/info/rfc7975,200
rfc8804.xml,https://www.rfc-editor.org/info/rfc8006,200
rfc8804.xml,https://www.rfc-editor.org/info/rfc8007,200
rfc8804.xml,https://www.rfc-editor.org/info/rfc8008,200
rfc8804.xml,https://www.rfc-editor.org/info/rfc8174,200
rfc8804.xml,https://www.streamingvideoalliance.org/books/open-cache-request-routing-functional-specification/,Connection error: HTTP Error 403: Forbidden
rfc8804.xml,https://www.streamingvideoalliance.org/technical-groups/open-caching/,Connection error: HTTP Error 403: Forbidden
rfc8804.xml,https://www.rfc-editor.org/info/rfc7736,200
rfc8804.xml,https://www.rfc-editor.org/info/rfc7871,200
rfc8804.xml,https://www.streamingvideoalliance.org,Connection error: HTTP Error 403: Forbidden
rfc9042.xml,https://datatracker.ietf.org/doc/draft-ietf-extra-sieve-mailboxid-09,200
rfc9042.xml,https://dx.doi.org/10.17487/rfc9042,200
rfc9042.xml,https://www.rfc-editor.org/info/rfc9042,200
rfc9042.xml,https://trustee.ietf.org/license-info,200
rfc9042.xml,https://www.iana.org/assignments/sieve-extensions,200
rfc9042.xml,https://www.rfc-editor.org/info/rfc2119,200
rfc9042.xml,https://www.rfc-editor.org/info/rfc2342,200
rfc9042.xml,https://www.rfc-editor.org/info/rfc5228,200
rfc9042.xml,https://www.rfc-editor.org/info/rfc5234,200
rfc9042.xml,https://www.rfc-editor.org/info/rfc8174,200
rfc9042.xml,https://www.rfc-editor.org/info/rfc8474,200
rfc9042.xml,https://www.rfc-editor.org/info/rfc8580,200
rfc9042.xml,https://www.rfc-editor.org/info/rfc3501,200
rfc9042.xml,https://www.rfc-editor.org/info/rfc4314,200
rfc9042.xml,https://www.rfc-editor.org/info/rfc5229,200
rfc9042.xml,https://www.rfc-editor.org/info/rfc5490,200
rfc9042.xml,https://www.rfc-editor.org/info/rfc8579,200
rfc8887.xml,https://datatracker.ietf.org/doc/draft-ietf-jmap-websocket-07,200
rfc8887.xml,https://dx.doi.org/10.17487/rfc8887,200
rfc8887.xml,https://www.rfc-editor.org/info/rfc8887,200
rfc8887.xml,https://trustee.ietf.org/license-info,200
rfc8887.xml,https://www.rfc-editor.org/info/rfc2119,200
rfc8887.xml,https://www.rfc-editor.org/info/rfc2818,200
rfc8887.xml,https://www.rfc-editor.org/info/rfc5246,200
rfc8887.xml,https://www.rfc-editor.org/info/rfc6455,200
rfc8887.xml,https://www.rfc-editor.org/info/rfc7235,200
rfc8887.xml,https://www.rfc-editor.org/info/rfc7525,200
rfc8887.xml,https://www.rfc-editor.org/info/rfc7540,200
rfc8887.xml,https://www.rfc-editor.org/info/rfc7692,200
rfc8887.xml,https://www.rfc-editor.org/info/rfc8174,200
rfc8887.xml,https://www.rfc-editor.org/info/rfc8441,200
rfc8887.xml,https://www.rfc-editor.org/info/rfc8446,200
rfc8887.xml,https://www.rfc-editor.org/info/rfc8620,200
rfc8887.xml,https://www.rfc-editor.org/info/rfc8621,200
rfc9311.xml,https://datatracker.ietf.org/doc/draft-ietf-shmoo-hackathon-08,200
rfc9311.xml,https://dx.doi.org/10.17487/rfc9311,200
rfc9311.xml,https://www.rfc-editor.org/info/rfc9311,200
rfc9311.xml,https://trustee.ietf.org/license-info,200
rfc9311.xml,https://datatracker.ietf.org/meeting/agenda/,200
rfc9311.xml,https://www.ietf.org/how/meetings/98/bits-n-bites/,Connection error: HTTP Error 404: Not Found
rfc9311.xml,https://trac.ietf.org/trac/ietf/meeting/wiki/113hackathon/codelounge,200
rfc9311.xml,https://www.ietf.org/how/runningcode/code-sprint/,200
rfc9311.xml,https://datatracker.ietf.org/,200
rfc9311.xml,https://datatracker.ietf.org/accounts/create/,Connection error: HTTP Error 403: Forbidden
rfc9311.xml,https://www.ietf.org/mailman/listinfo/Hackathon/,Connection error: HTTP Error 403: Forbidden
rfc9311.xml,https://gather.town/,Connection error: HTTP Error 403: Forbidden
rfc9311.xml,https://github.com/eckelcu/draft-ietf-shmoo-hackathon/,200
rfc9311.xml,https://www.ietf.org/how/runningcode/hackathons/,200
rfc9311.xml,https://trac.ietf.org/trac/ietf/meeting/wiki/113hackathon/hackdemo,200
rfc9311.xml,https://hacknet.meeting.ietf.org/,200
rfc9311.xml,https://notes.ietf.org/,200
rfc9311.xml,https://www.ietf.org/media/documents/IETF_106_Meeting_Survey.pdf,200
rfc9311.xml,https://trac.ietf.org/trac/ietf/meeting/wiki/108hackathon/,200
rfc9311.xml,https://www.ietf.org/how/runningcode/hackathons/110-hackathon/,200
rfc9311.xml,https://trac.ietf.org/trac/ietf/meeting/wiki/110hackathon/,200
rfc9311.xml,https://ql.tc/8K1JeZ/,200
rfc9311.xml,https://www.ietf.org/blog/,200
rfc9311.xml,https://github.com/ietf-hackathon/,200
rfc9311.xml,https://trac.ietf.org/trac/ietf/meeting/wiki/110hackathon/lost&found,200
rfc9311.xml,https://www.meetecho.com/,200
rfc9311.xml,https://www.ietf.org/how/meetings/,200
rfc9311.xml,https://trac.ietf.org/trac/ietf/meeting/wiki,200
rfc9311.xml,https://ietf.org/about/note-well/,200
rfc9311.xml,https://nsrc.org/calendar/,200
rfc9311.xml,https://registration.ietf.org/110/participants/hackathon/,200
rfc9311.xml,https://www.ietf.org/privacy-statement/,200
rfc9311.xml,https://registration.ietf.org/,200
rfc9311.xml,https://github.com/gnab/remark/,200
rfc9311.xml,https://datatracker.ietf.org/secr/sreq/,Connection error: HTTP Error 403: Forbidden
rfc9311.xml,https://trac.ietf.org/trac/ietf/meeting/wiki/110hackathon/resultspresentationschedule,200
rfc9311.xml,https://github.com/ietf-hackathon/ietf110-project-presentations,200
rfc9311.xml,https://www.ripe.net/participate/meetings/calendar/,200
rfc9311.xml,https://www.ietf.org/support-us/sponsorship/#running-code,200
rfc9311.xml,https://www.surveymonkey.com/results/SM-9HLRXN8M7/,200
rfc9311.xml,https://trac.ietf.org/trac/ietf/meeting/wiki/110hackathon/teamschedule,200
rfc9311.xml,https://ietf.webex.com/webappng/sites/ietf/dashboard?siteurl=ietf/,200
rfc8873.xml,https://datatracker.ietf.org/doc/draft-ietf-mmusic-msrp-usage-data-channel-24,200
rfc8873.xml,https://dx.doi.org/10.17487/rfc8873,200
rfc8873.xml,https://www.rfc-editor.org/info/rfc8873,200
rfc8873.xml,https://trustee.ietf.org/license-info,200
rfc8873.xml,https://www.rfc-editor.org/info/rfc2119,200
rfc8873.xml,https://www.rfc-editor.org/info/rfc3264,200
rfc8873.xml,https://www.rfc-editor.org/info/rfc4566,200
rfc8873.xml,https://www.rfc-editor.org/info/rfc4960,200
rfc8873.xml,https://www.rfc-editor.org/info/rfc4975,200
rfc8873.xml,https://www.rfc-editor.org/info/rfc5547,200
rfc8873.xml,https://www.rfc-editor.org/info/rfc6135,200
rfc8873.xml,https://www.rfc-editor.org/info/rfc6714,200
rfc8873.xml,https://www.rfc-editor.org/info/rfc7977,200
rfc8873.xml,https://www.rfc-editor.org/info/rfc8174,200
rfc8873.xml,https://www.rfc-editor.org/info/rfc8831,200
rfc8873.xml,https://www.rfc-editor.org/info/rfc8841,200
rfc8873.xml,https://www.rfc-editor.org/info/rfc8864,200
rfc8873.xml,https://www.rfc-editor.org/info/rfc3261,200
rfc8873.xml,https://www.rfc-editor.org/info/rfc7092,200
rfc8955.xml,https://datatracker.ietf.org/doc/draft-ietf-idr-rfc5575bis-25,200
rfc8955.xml,https://dx.doi.org/10.17487/rfc8955,200
rfc8955.xml,https://www.rfc-editor.org/info/rfc8955,200
rfc8955.xml,https://trustee.ietf.org/license-info,200
rfc8955.xml,https://github.com/stoffi92/rfc5575bis/tree/master/flowspec-cmp,200
rfc8955.xml,https://www.iana.org/assignments/iana-routing-types,200
rfc8955.xml,https://doi.org/10.1109/IEEESTD.2019.8766229,Connection error: HTTP Error 418: Unknown Code
rfc8955.xml,https://www.rfc-editor.org/info/rfc768,200
rfc8955.xml,https://www.rfc-editor.org/info/rfc791,200
rfc8955.xml,https://www.rfc-editor.org/info/rfc792,200
rfc8955.xml,https://www.rfc-editor.org/info/rfc793,200
rfc8955.xml,https://www.rfc-editor.org/info/rfc2119,200
rfc8955.xml,https://www.rfc-editor.org/info/rfc2474,200
rfc8955.xml,https://www.rfc-editor.org/info/rfc4271,200
rfc8955.xml,https://www.rfc-editor.org/info/rfc4360,200
rfc8955.xml,https://www.rfc-editor.org/info/rfc4364,200
rfc8955.xml,https://www.rfc-editor.org/info/rfc4456,200
rfc8955.xml,https://www.rfc-editor.org/info/rfc4760,200
rfc8955.xml,https://www.rfc-editor.org/info/rfc5668,200
rfc8955.xml,https://www.rfc-editor.org/info/rfc7153,200
rfc8955.xml,https://www.rfc-editor.org/info/rfc7606,200
rfc8955.xml,https://www.rfc-editor.org/info/rfc8126,200
rfc8955.xml,https://www.rfc-editor.org/info/rfc8174,200
rfc8955.xml,https://www.rfc-editor.org/info/rfc4303,200
rfc8955.xml,https://www.rfc-editor.org/info/rfc5575,200
rfc8955.xml,https://www.rfc-editor.org/info/rfc6811,200
rfc8955.xml,https://www.rfc-editor.org/info/rfc7674,200
rfc8955.xml,https://www.rfc-editor.org/info/rfc7950,200
rfc8955.xml,https://www.rfc-editor.org/info/rfc8205,200
rfc8955.xml,https://www.rfc-editor.org/info/rfc8294,200
rfc8955.xml,https://www.rfc-editor.org/info/rfc8956,200
rfc8774.xml,https://datatracker.ietf.org/doc/draft-welzl-quantumbug-00,200
rfc8774.xml,https://dx.doi.org/10.17487/rfc8774,200
rfc8774.xml,https://www.rfc-editor.org/info/rfc8774,200
rfc8774.xml,https://trustee.ietf.org/license-info,200
rfc8774.xml,https://www.rfc-editor.org/info/rfc2626,200
rfc8774.xml,https://www.rfc-editor.org/info/rfc6921,200
rfc8774.xml,https://tools.ietf.org/html/draft-ietf-quic-transport-27,200
rfc8774.xml,http://www.ietf.org/internet-drafts/draft-ietf-quic-transport-27.txt,Connection error: HTTP Error 404: Not Found
rfc8774.xml,https://www.rfc-editor.org/info/rfc6298,200
rfc8774.xml,https://www.rfc-editor.org/info/rfc6356,200
rfc8774.xml,https://www.rfc-editor.org/info/rfc6817,200
rfc8774.xml,https://www.rfc-editor.org/info/rfc7413,200
rfc8774.xml,https://www.rfc-editor.org/info/rfc7766,200
rfc8774.xml,https://www.rfc-editor.org/info/rfc8083,200
rfc8774.xml,https://www.rfc-editor.org/info/rfc8446,200
rfc8774.xml,https://tools.ietf.org/html/draft-ietf-tsvwg-udp-options-08,200
rfc8774.xml,http://www.ietf.org/internet-drafts/draft-ietf-tsvwg-udp-options-08.txt,Connection error: HTTP Error 404: Not Found
rfc9569.xml,https://datatracker.ietf.org/doc/draft-ietf-alto-new-transport-22,200
rfc9569.xml,https://dx.doi.org/10.17487/rfc9569,200
rfc9569.xml,https://www.rfc-editor.org/info/rfc9569,200
rfc9569.xml,https://trustee.ietf.org/license-info,200
rfc9569.xml,https://www.rfc-editor.org/info/rfc2119,200
rfc9569.xml,https://www.rfc-editor.org/info/rfc3986,200
rfc9569.xml,https://www.rfc-editor.org/info/rfc7285,200
rfc9569.xml,https://www.rfc-editor.org/info/rfc8174,200
rfc9569.xml,https://www.rfc-editor.org/info/rfc8259,200
rfc9569.xml,https://www.rfc-editor.org/info/rfc8895,200
rfc9569.xml,https://www.rfc-editor.org/info/rfc9112,200
rfc9569.xml,https://www.rfc-editor.org/info/rfc9113,200
rfc9569.xml,https://www.rfc-editor.org/info/rfc9114,200
rfc9569.xml,https://www.rfc-editor.org/info/rfc9325,200
rfc9569.xml,https://www.iana.org/assignments/media-types,200
rfc9569.xml,https://www.rfc-editor.org/info/rfc7617,200
rfc9569.xml,https://www.rfc-editor.org/info/rfc9205,200
rfc9569.xml,https://www.rfc-editor.org/info/rfc9562,200
rfc8681.xml,https://datatracker.ietf.org/doc/draft-ietf-tsvwg-rlc-fec-scheme-16,200
rfc8681.xml,https://dx.doi.org/10.17487/rfc8681,200
rfc8681.xml,https://www.rfc-editor.org/info/rfc8681,200
rfc8681.xml,https://trustee.ietf.org/license-info,200
rfc8681.xml,https://www.rfc-editor.org/info/rfc2119,200
rfc8681.xml,https://www.rfc-editor.org/info/rfc6363,200
rfc8681.xml,https://www.rfc-editor.org/info/rfc6364,200
rfc8681.xml,https://www.rfc-editor.org/info/rfc8174,200
rfc8681.xml,https://www.rfc-editor.org/info/rfc8680,200
rfc8681.xml,https://www.rfc-editor.org/info/rfc8682,200
rfc8681.xml,http://web.eecs.utk.edu/~plank/plank/papers/UT-CS-13-717.html,200
rfc8681.xml,https://www.rfc-editor.org/info/rfc5170,200
rfc8681.xml,https://www.rfc-editor.org/info/rfc5510,200
rfc8681.xml,https://www.rfc-editor.org/info/rfc6681,200
rfc8681.xml,https://www.rfc-editor.org/info/rfc6726,200
rfc8681.xml,https://www.rfc-editor.org/info/rfc6816,200
rfc8681.xml,https://www.rfc-editor.org/info/rfc6865,200
rfc8681.xml,https://www.rfc-editor.org/info/rfc8406,200
rfc8681.xml,https://hal.inria.fr/hal-01395937/en/,200
rfc8681.xml,https://hal.inria.fr/hal-01571609v1/en/,200
rfc9111.xml,https://datatracker.ietf.org/doc/draft-ietf-httpbis-cache-19,200
rfc9111.xml,https://dx.doi.org/10.17487/rfc9111,200
rfc9111.xml,https://www.rfc-editor.org/info/rfc9111,200
rfc9111.xml,https://trustee.ietf.org/license-info,200
rfc9111.xml,https://www.iana.org/assignments/http-cache-directives,200
rfc9111.xml,https://www.iana.org/assignments/http-fields,200
rfc9111.xml,https://www.iana.org/assignments/http-cache-directives,200
rfc9111.xml,https://www.iana.org/assignments/http-warn-codes,200
rfc9111.xml,https://www.rfc-editor.org/info/rfc9110,200
rfc9111.xml,https://www.rfc-editor.org/info/rfc2119,200
rfc9111.xml,https://www.rfc-editor.org/info/rfc5234,200
rfc9111.xml,https://www.rfc-editor.org/info/rfc7405,200
rfc9111.xml,https://www.rfc-editor.org/info/rfc8174,200
rfc9111.xml,https://www.rfc-editor.org/info/rfc6265,200
rfc9111.xml,https://www.rfc-editor.org/info/rfc9112,200
rfc9111.xml,https://www.rfc-editor.org/info/rfc2616,200
rfc9111.xml,https://www.rfc-editor.org/info/rfc5861,200
rfc9111.xml,https://www.rfc-editor.org/info/rfc7234,200
rfc9111.xml,https://www.rfc-editor.org/info/rfc8126,200
rfc9572.xml,https://datatracker.ietf.org/doc/draft-ietf-bess-evpn-bum-procedure-updates-14,200
rfc9572.xml,https://dx.doi.org/10.17487/rfc9572,200
rfc9572.xml,https://www.rfc-editor.org/info/rfc9572,200
rfc9572.xml,https://trustee.ietf.org/license-info,200
rfc9572.xml,https://www.rfc-editor.org/info/rfc2119,200
rfc9572.xml,https://www.rfc-editor.org/info/rfc6513,200
rfc9572.xml,https://www.rfc-editor.org/info/rfc6514,200
rfc9572.xml,https://www.rfc-editor.org/info/rfc7117,200
rfc9572.xml,https://www.rfc-editor.org/info/rfc7432,200
rfc9572.xml,https://www.rfc-editor.org/info/rfc7524,200
rfc9572.xml,https://www.rfc-editor.org/info/rfc8174,200
rfc9572.xml,https://www.rfc-editor.org/info/rfc8534,200
rfc9572.xml,https://www.rfc-editor.org/info/rfc8584,200
rfc9572.xml,https://www.rfc-editor.org/info/rfc9251,200
rfc9572.xml,https://www.rfc-editor.org/info/rfc9573,200
rfc9572.xml,https://www.rfc-editor.org/info/rfc4684,200
rfc9572.xml,https://www.rfc-editor.org/info/rfc4875,200
rfc9572.xml,https://www.rfc-editor.org/info/rfc6388,200
rfc9572.xml,https://www.rfc-editor.org/info/rfc7988,200
rfc9572.xml,https://www.rfc-editor.org/info/rfc8279,200
rfc9572.xml,https://www.rfc-editor.org/info/rfc9136,200
rfc9554.xml,https://datatracker.ietf.org/doc/draft-ietf-calext-vcard-jscontact-extensions-11,200
rfc9554.xml,https://dx.doi.org/10.17487/rfc9554,200
rfc9554.xml,https://www.rfc-editor.org/info/rfc9554,200
rfc9554.xml,https://trustee.ietf.org/license-info,200
rfc9554.xml,https://www.rfc-editor.org/info/rfc2119,200
rfc9554.xml,https://www.rfc-editor.org/info/rfc3986,200
rfc9554.xml,https://www.rfc-editor.org/info/rfc5234,200
rfc9554.xml,https://www.rfc-editor.org/info/rfc5646,200
rfc9554.xml,https://www.rfc-editor.org/info/rfc6350,200
rfc9554.xml,https://www.rfc-editor.org/info/rfc8174,200
rfc9554.xml,https://www.rfc-editor.org/info/rfc9553,200
rfc9554.xml,https://www.rfc-editor.org/info/rfc9555,200
rfc9554.xml,https://datatracker.ietf.org/doc/html/draft-calconnect-vobject-i18n-00,200
rfc9554.xml,https://www.unicode.org/reports/tr35/tr35-personNames.html,200
rfc9554.xml,https://www.internationalphoneticalphabet.org/,Connection error: HTTP Error 406: Not Acceptable
rfc9271.xml,https://datatracker.ietf.org/doc/draft-rprice-ups-management-protocol-15,200
rfc9271.xml,https://dx.doi.org/10.17487/rfc9271,200
rfc9271.xml,https://www.rfc-editor.org/info/rfc9271,200
rfc9271.xml,https://trustee.ietf.org/license-info,200
rfc9271.xml,https://www.rfc-editor.org/info/rfc20,200
rfc9271.xml,https://www.rfc-editor.org/info/rfc2119,200
rfc9271.xml,https://www.rfc-editor.org/info/rfc5234,200
rfc9271.xml,https://www.rfc-editor.org/info/rfc7405,200
rfc9271.xml,https://www.rfc-editor.org/info/rfc8174,200
rfc9271.xml,https://networkupstools.org/docs/developer-guide.chunked/ar01s09.html,200
rfc9271.xml,https://networkupstools.org/documentation.html,200
rfc9271.xml,https://github.com/networkupstools/nut/blob/master/docs/history.txt,200
rfc9271.xml,https://github.com/networkupstools/nut/blob/master/docs/nut-names.txt,200
rfc9271.xml,https://networkupstools.org/docs/user-manual.pdf,200
rfc9271.xml,https://nanopdf.com/download/technical-iec-specification-ts-62351-1_pdf,200
rfc9271.xml,https://networkupstools.org/ddl/,200
rfc9271.xml,https://www.networkupstools.org,200
rfc9271.xml,https://github.com/networkupstools/nut/,200
rfc9271.xml,https://alioth-lists.debian.net/cgi-bin/mailman/listinfo/nut-upsdev,200
rfc9271.xml,https://alioth-lists.debian.net/cgi-bin/mailman/listinfo/nut-upsuser,200
rfc9271.xml,https://www.iana.org/assignments/service-names-port-numbers/service-names-port-numbers.xhtml,200
rfc9271.xml,https://www.rfc-editor.org/info/rfc3552,200
rfc9271.xml,https://www.rfc-editor.org/info/rfc5280,200
rfc9271.xml,https://www.rfc-editor.org/info/rfc7030,200
rfc9271.xml,https://www.rfc-editor.org/info/rfc7991,200
rfc9271.xml,https://www.rfc-editor.org/info/rfc8446,200
rfc9271.xml,https://www.rfc-editor.org/info/rfc8894,200
rfc9271.xml,http://openjade.sourceforge.net/,200
rfc9271.xml,https://www.stunnel.org/,200
rfc9168.xml,https://datatracker.ietf.org/doc/draft-ietf-pce-pcep-flowspec-12,200
rfc9168.xml,https://dx.doi.org/10.17487/rfc9168,200
rfc9168.xml,https://www.rfc-editor.org/info/rfc9168,200
rfc9168.xml,https://trustee.ietf.org/license-info,200
rfc9168.xml,https://www.rfc-editor.org/info/rfc2119,200
rfc9168.xml,https://www.rfc-editor.org/info/rfc4364,200
rfc9168.xml,https://www.rfc-editor.org/info/rfc4760,200
rfc9168.xml,https://www.rfc-editor.org/info/rfc5440,200
rfc9168.xml,https://www.rfc-editor.org/info/rfc5511,200
rfc9168.xml,https://www.rfc-editor.org/info/rfc8174,200
rfc9168.xml,https://www.rfc-editor.org/info/rfc8231,200
rfc9168.xml,https://www.rfc-editor.org/info/rfc8232,200
rfc9168.xml,https://www.rfc-editor.org/info/rfc8253,200
rfc9168.xml,https://www.rfc-editor.org/info/rfc8281,200
rfc9168.xml,https://www.rfc-editor.org/info/rfc8955,200
rfc9168.xml,https://www.rfc-editor.org/info/rfc8956,200
rfc9168.xml,https://datatracker.ietf.org/doc/html/draft-ietf-idr-flowspec-l2vpn-18,200
rfc9168.xml,https://www.ietf.org/archive/id/draft-ietf-idr-flowspec-l2vpn-18.txt,200
rfc9168.xml,https://datatracker.ietf.org/doc/html/draft-gont-numeric-ids-sec-considerations-06,200
rfc9168.xml,https://www.ietf.org/archive/id/draft-gont-numeric-ids-sec-considerations-06.txt,200
rfc9168.xml,https://datatracker.ietf.org/doc/html/draft-ietf-pce-pcep-yang-17,200
rfc9168.xml,https://www.ietf.org/archive/id/draft-ietf-pce-pcep-yang-17.txt,200
rfc9168.xml,https://www.rfc-editor.org/info/rfc4655,200
rfc9168.xml,https://www.rfc-editor.org/info/rfc5088,200
rfc9168.xml,https://www.rfc-editor.org/info/rfc5089,200
rfc9168.xml,https://www.rfc-editor.org/info/rfc5886,200
rfc9168.xml,https://www.rfc-editor.org/info/rfc6123,200
rfc9168.xml,https://www.rfc-editor.org/info/rfc6952,200
rfc9168.xml,https://www.rfc-editor.org/info/rfc7399,200
rfc9168.xml,https://www.rfc-editor.org/info/rfc8126,200
rfc9168.xml,https://www.rfc-editor.org/info/rfc8283,200
rfc9168.xml,https://www.rfc-editor.org/info/rfc8664,200
rfc9168.xml,https://datatracker.ietf.org/doc/html/draft-ietf-teas-yang-path-computation-16,200
rfc9168.xml,https://www.ietf.org/archive/id/draft-ietf-teas-yang-path-computation-16.txt,200
rfc9015.xml,https://datatracker.ietf.org/doc/draft-ietf-bess-nsh-bgp-control-plane-18,200
rfc9015.xml,https://dx.doi.org/10.17487/rfc9015,200
rfc9015.xml,https://www.rfc-editor.org/info/rfc9015,200
rfc9015.xml,https://trustee.ietf.org/license-info,200
rfc9015.xml,https://www.rfc-editor.org/info/rfc2119,200
rfc9015.xml,https://www.rfc-editor.org/info/rfc4271,200
rfc9015.xml,https://www.rfc-editor.org/info/rfc4360,200
rfc9015.xml,https://www.rfc-editor.org/info/rfc4364,200
rfc9015.xml,https://www.rfc-editor.org/info/rfc4760,200
rfc9015.xml,https://www.rfc-editor.org/info/rfc7432,200
rfc9015.xml,https://www.rfc-editor.org/info/rfc7606,200
rfc9015.xml,https://www.rfc-editor.org/info/rfc7665,200
rfc9015.xml,https://www.rfc-editor.org/info/rfc8126,200
rfc9015.xml,https://www.rfc-editor.org/info/rfc8174,200
rfc9015.xml,https://www.rfc-editor.org/info/rfc8300,200
rfc9015.xml,https://www.rfc-editor.org/info/rfc8595,200
rfc9015.xml,https://www.rfc-editor.org/info/rfc8596,200
rfc9015.xml,https://www.rfc-editor.org/info/rfc8955,200
rfc9015.xml,https://www.rfc-editor.org/info/rfc9012,200
rfc9015.xml,https://tools.ietf.org/html/draft-dawra-idr-bgp-ls-sr-service-segments-05,200
rfc9015.xml,https://www.ietf.org/archive/id/draft-dawra-idr-bgp-ls-sr-service-segments-05.txt,200
rfc9015.xml,https://www.rfc-editor.org/info/rfc3022,200
rfc9015.xml,https://www.rfc-editor.org/info/rfc4272,200
rfc9015.xml,https://www.rfc-editor.org/info/rfc5925,200
rfc9015.xml,https://www.rfc-editor.org/info/rfc6146,200
rfc9015.xml,https://www.rfc-editor.org/info/rfc6296,200
rfc9015.xml,https://www.rfc-editor.org/info/rfc6952,200
rfc9015.xml,https://www.rfc-editor.org/info/rfc7498,200
rfc9495.xml,https://datatracker.ietf.org/doc/draft-ietf-lamps-caa-issuemail-07,200
rfc9495.xml,https://dx.doi.org/10.17487/rfc9495,200
rfc9495.xml,https://www.rfc-editor.org/info/rfc9495,200
rfc9495.xml,https://trustee.ietf.org/license-info,200
rfc9495.xml,https://www.rfc-editor.org/info/rfc2119,200
rfc9495.xml,https://www.rfc-editor.org/info/rfc5234,200
rfc9495.xml,https://www.rfc-editor.org/info/rfc5322,200
rfc9495.xml,https://www.rfc-editor.org/info/rfc5891,200
rfc9495.xml,https://www.rfc-editor.org/info/rfc8174,200
rfc9495.xml,https://www.rfc-editor.org/info/rfc8659,200
rfc9495.xml,https://www.rfc-editor.org/info/rfc5890,200
rfc8956.xml,https://datatracker.ietf.org/doc/draft-ietf-idr-flow-spec-v6-22,200
rfc8956.xml,https://dx.doi.org/10.17487/rfc8956,200
rfc8956.xml,https://www.rfc-editor.org/info/rfc8956,200
rfc8956.xml,https://trustee.ietf.org/license-info,200
rfc8956.xml,https://github.com/stoffi92/draft-ietf-idr-flow-spec-v6/tree/master/flowspec-cmp,200
rfc8956.xml,https://www.rfc-editor.org/info/rfc2119,200
rfc8956.xml,https://www.rfc-editor.org/info/rfc4271,200
rfc8956.xml,https://www.rfc-editor.org/info/rfc4443,200
rfc8956.xml,https://www.rfc-editor.org/info/rfc4760,200
rfc8956.xml,https://www.rfc-editor.org/info/rfc5701,200
rfc8956.xml,https://www.rfc-editor.org/info/rfc7112,200
rfc8956.xml,https://www.rfc-editor.org/info/rfc7153,200
rfc8956.xml,https://www.rfc-editor.org/info/rfc8174,200
rfc8956.xml,https://www.rfc-editor.org/info/rfc8200,200
rfc8956.xml,https://www.rfc-editor.org/info/rfc8883,200
rfc8956.xml,https://www.rfc-editor.org/info/rfc8955,200
rfc8705.xml,https://datatracker.ietf.org/doc/draft-ietf-oauth-mtls-17,200
rfc8705.xml,https://dx.doi.org/10.17487/rfc8705,200
rfc8705.xml,https://www.rfc-editor.org/info/rfc8705,200
rfc8705.xml,https://trustee.ietf.org/license-info,200
rfc8705.xml,https://www.rfc-editor.org/info/bcp195,200
rfc8705.xml,https://www.rfc-editor.org/info/rfc2119,200
rfc8705.xml,https://www.rfc-editor.org/info/rfc4514,200
rfc8705.xml,https://www.rfc-editor.org/info/rfc4648,200
rfc8705.xml,https://www.rfc-editor.org/info/rfc5246,200
rfc8705.xml,https://www.rfc-editor.org/info/rfc5280,200
rfc8705.xml,https://www.rfc-editor.org/info/rfc6749,200
rfc8705.xml,https://www.rfc-editor.org/info/rfc6750,200
rfc8705.xml,https://www.rfc-editor.org/info/rfc7517,200
rfc8705.xml,https://www.rfc-editor.org/info/rfc7519,200
rfc8705.xml,https://www.rfc-editor.org/info/rfc7591,200
rfc8705.xml,https://www.rfc-editor.org/info/rfc7662,200
rfc8705.xml,https://www.rfc-editor.org/info/rfc7800,200
rfc8705.xml,https://www.rfc-editor.org/info/rfc8174,200
rfc8705.xml,https://www.rfc-editor.org/info/rfc8414,200
rfc8705.xml,https://www.rfc-editor.org/info/rfc8446,200
rfc8705.xml,https://nvlpubs.nist.gov/nistpubs/FIPS/NIST.FIPS.180-4.pdf,200
rfc8705.xml,https://www.cryptologie.net/article/374/common-x509-certificate-validationcreation-pitfalls,200
rfc8705.xml,http://www.cs.utexas.edu/~shmat/shmat_ccs12.pdf,200
rfc8705.xml,https://www.iana.org/assignments/jwt,200
rfc8705.xml,https://www.iana.org/assignments/oauth-parameters,200
rfc8705.xml,https://openid.net/specs/openid-client-initiated-backchannel-authentication-core-1_0.html,200
rfc8705.xml,https://www.rfc-editor.org/info/rfc4517,200
rfc8705.xml,https://www.rfc-editor.org/info/rfc5952,200
rfc8705.xml,https://www.rfc-editor.org/info/rfc6066,200
rfc8705.xml,https://www.rfc-editor.org/info/rfc7009,200
rfc8705.xml,https://www.rfc-editor.org/info/rfc7518,200
rfc8705.xml,https://tools.ietf.org/html/draft-ietf-oauth-token-binding-08,200
rfc8705.xml,http://www.ietf.org/internet-drafts/draft-ietf-oauth-token-binding-08.txt,Connection error: HTTP Error 404: Not Found
rfc9432.xml,https://datatracker.ietf.org/doc/draft-ietf-dnsop-dns-catalog-zones-09,200
rfc9432.xml,https://dx.doi.org/10.17487/rfc9432,200
rfc9432.xml,https://www.rfc-editor.org/info/rfc9432,200
rfc9432.xml,https://trustee.ietf.org/license-info,200
rfc9432.xml,https://www.rfc-editor.org/info/rfc1035,200
rfc9432.xml,https://www.rfc-editor.org/info/rfc1982,200
rfc9432.xml,https://www.rfc-editor.org/info/rfc1996,200
rfc9432.xml,https://www.rfc-editor.org/info/rfc2119,200
rfc9432.xml,https://www.rfc-editor.org/info/rfc2136,200
rfc9432.xml,https://www.rfc-editor.org/info/rfc2606,200
rfc9432.xml,https://www.rfc-editor.org/info/rfc6761,200
rfc9432.xml,https://www.rfc-editor.org/info/rfc8174,200
rfc9432.xml,https://www.rfc-editor.org/info/rfc8499,200
rfc9432.xml,https://www.rfc-editor.org/info/rfc8945,200
rfc9432.xml,https://www.rfc-editor.org/info/rfc9103,200
rfc9432.xml,https://archive.fosdem.org/2020/schedule/event/dns_catz/,200
rfc9432.xml,https://www.semanticscholar.org/paper/Federated-Domain-Name-Service-Using-DNS-Metazones-Vixie/dc12b0116332f5c236b05c71bbe20499f3c6c4b6,202
rfc9432.xml,https://www.rfc-editor.org/info/rfc8126,200
rfc8980.xml,https://datatracker.ietf.org/doc/draft-iab-dedr-report-01,200
rfc8980.xml,https://dx.doi.org/10.17487/rfc8980,200
rfc8980.xml,https://www.rfc-editor.org/info/rfc8980,200
rfc8980.xml,https://trustee.ietf.org/license-info,200
rfc8980.xml,https://www.iab.org/activities/workshops/dedr-workshop/,Connection error: HTTP Error 403: Forbidden
rfc8980.xml,https://www.potaroo.net/ispcol/2019-06/dedr.html,200
rfc8980.xml,https://www.iab.org/activities/workshops/dedr-workshop/position-papers/,Connection error: HTTP Error 403: Forbidden
rfc8980.xml,https://www.rfc-editor.org/info/rfc3552,200
rfc8980.xml,https://www.rfc-editor.org/info/rfc4033,200
rfc8980.xml,https://www.rfc-editor.org/info/rfc4271,200
rfc8980.xml,https://www.rfc-editor.org/info/rfc5218,200
rfc8980.xml,https://www.rfc-editor.org/info/rfc7258,200
rfc8980.xml,https://www.rfc-editor.org/info/rfc8170,200
rfc8980.xml,https://www.rfc-editor.org/info/rfc8484,200
rfc8980.xml,https://www.rfc-editor.org/info/rfc8520,200
rfc9462.xml,https://datatracker.ietf.org/doc/draft-ietf-add-ddr-10,200
rfc9462.xml,https://dx.doi.org/10.17487/rfc9462,200
rfc9462.xml,https://www.rfc-editor.org/info/rfc9462,200
rfc9462.xml,https://trustee.ietf.org/license-info,200
rfc9462.xml,https://www.rfc-editor.org/info/rfc1918,200
rfc9462.xml,https://www.rfc-editor.org/info/rfc2119,200
rfc9462.xml,https://www.rfc-editor.org/info/rfc3927,200
rfc9462.xml,https://www.rfc-editor.org/info/rfc4193,200
rfc9462.xml,https://www.rfc-editor.org/info/rfc4291,200
rfc9462.xml,https://www.rfc-editor.org/info/rfc5280,200
rfc9462.xml,https://www.rfc-editor.org/info/rfc6303,200
rfc9462.xml,https://www.rfc-editor.org/info/rfc6761,200
rfc9462.xml,https://www.rfc-editor.org/info/rfc7858,200
rfc9462.xml,https://www.rfc-editor.org/info/rfc8174,200
rfc9462.xml,https://www.rfc-editor.org/info/rfc8484,200
rfc9462.xml,https://www.rfc-editor.org/info/rfc9250,200
rfc9462.xml,https://www.rfc-editor.org/info/rfc9460,200
rfc9462.xml,https://www.rfc-editor.org/info/rfc9461,200
rfc9462.xml,https://www.rfc-editor.org/info/rfc9463,200
rfc9462.xml,https://datatracker.ietf.org/doc/html/draft-schinazi-httpbis-doh-preference-hints-02,200
rfc9462.xml,https://datatracker.ietf.org/doc/html/draft-ietf-tls-esni-17,200
rfc9462.xml,https://www.rfc-editor.org/info/rfc2132,200
rfc9462.xml,https://www.rfc-editor.org/info/rfc6105,200
rfc9462.xml,https://www.rfc-editor.org/info/rfc8106,200
rfc9462.xml,https://www.rfc-editor.org/info/rfc8415,200
rfc9462.xml,https://www.rfc-editor.org/info/rfc8446,200
rfc9462.xml,https://www.rfc-editor.org/info/rfc8880,200
rfc9412.xml,https://datatracker.ietf.org/doc/draft-ietf-httpbis-origin-h3-03,200
rfc9412.xml,https://dx.doi.org/10.17487/rfc9412,200
rfc9412.xml,https://www.rfc-editor.org/info/rfc9412,200
rfc9412.xml,https://trustee.ietf.org/license-info,200
rfc9412.xml,https://www.iana.org/assignments/http3-parameters/,200
rfc9412.xml,https://www.rfc-editor.org/info/rfc9113,200
rfc9412.xml,https://www.rfc-editor.org/info/rfc9114,200
rfc9412.xml,https://www.rfc-editor.org/info/rfc8336,200
rfc9412.xml,https://www.rfc-editor.org/info/rfc2119,200
rfc9412.xml,https://www.rfc-editor.org/info/rfc8174,200
rfc9412.xml,https://www.rfc-editor.org/info/rfc9000,200
rfc9412.xml,https://www.rfc-editor.org/info/rfc6454,200
rfc8671.xml,https://datatracker.ietf.org/doc/draft-ietf-grow-bmp-adj-rib-out-07,200
rfc8671.xml,https://dx.doi.org/10.17487/rfc8671,200
rfc8671.xml,https://www.rfc-editor.org/info/rfc8671,200
rfc8671.xml,https://trustee.ietf.org/license-info,200
rfc8671.xml,https://www.iana.org/assignments/bmp-parameters/,200
rfc8671.xml,https://www.rfc-editor.org/info/rfc2119,200
rfc8671.xml,https://www.rfc-editor.org/info/rfc4271,200
rfc8671.xml,https://www.rfc-editor.org/info/rfc7854,200
rfc8671.xml,https://www.rfc-editor.org/info/rfc8174,200
rfc9216.xml,https://datatracker.ietf.org/doc/draft-ietf-lamps-samples-08,200
rfc9216.xml,https://dx.doi.org/10.17487/rfc9216,200
rfc9216.xml,https://www.rfc-editor.org/info/rfc9216,200
rfc9216.xml,https://trustee.ietf.org/license-info,200
rfc9216.xml,https://www.rfc-editor.org/info/rfc5280,200
rfc9216.xml,https://www.rfc-editor.org/info/rfc5958,200
rfc9216.xml,https://www.rfc-editor.org/info/rfc7292,200
rfc9216.xml,https://www.rfc-editor.org/info/rfc7468,200
rfc9216.xml,https://www.rfc-editor.org/info/rfc8032,200
rfc9216.xml,https://www.rfc-editor.org/info/rfc8479,200
rfc9216.xml,https://www.rfc-editor.org/info/rfc8551,200
rfc9216.xml,https://doi.org/10.6028/NIST.FIPS.186-4,200
rfc9216.xml,https://datatracker.ietf.org/doc/html/draft-bre-openpgp-samples-01,200
rfc9216.xml,https://www.ietf.org/archive/id/draft-bre-openpgp-samples-01.txt,200
rfc9216.xml,https://www.rfc-editor.org/info/rfc4134,200
rfc9216.xml,https://www.rfc-editor.org/info/rfc5322,200
rfc9216.xml,https://www.rfc-editor.org/info/rfc7469,200
rfc9216.xml,https://www.rfc-editor.org/info/rfc8410,200
rfc9216.xml,https://www.rfc-editor.org/info/rfc8418,200
rfc9216.xml,https://doi.org/10.6028/NIST.FIPS.180-4,200
rfc9216.xml,https://csrc.nist.gov/CSRC/media/Projects/Computer-Security-Objects-Register/documents/test_policy.pdf,200
rfc9083.xml,https://datatracker.ietf.org/doc/draft-ietf-regext-rfc7483bis-05,200
rfc9083.xml,https://dx.doi.org/10.17487/rfc9083,200
rfc9083.xml,https://www.rfc-editor.org/info/rfc9083,200
rfc9083.xml,https://trustee.ietf.org/license-info,200
rfc9083.xml,https://datatracker.ietf.org/wg/regext/,200
rfc9083.xml,https://www.rfc-editor.org/info/rfc2119,200
rfc9083.xml,https://www.rfc-editor.org/info/rfc3339,200
rfc9083.xml,https://www.rfc-editor.org/info/rfc3629,200
rfc9083.xml,https://www.rfc-editor.org/info/rfc3986,200
rfc9083.xml,https://www.rfc-editor.org/info/rfc4034,200
rfc9083.xml,https://www.rfc-editor.org/info/rfc5396,200
rfc9083.xml,https://www.rfc-editor.org/info/rfc5646,200
rfc9083.xml,https://www.rfc-editor.org/info/rfc5890,200
rfc9083.xml,https://www.rfc-editor.org/info/rfc5952,200
rfc9083.xml,https://www.rfc-editor.org/info/rfc7095,200
rfc9083.xml,https://www.rfc-editor.org/info/rfc7480,200
rfc9083.xml,https://www.rfc-editor.org/info/rfc7481,200
rfc9083.xml,https://www.rfc-editor.org/info/rfc8126,200
rfc9083.xml,https://www.rfc-editor.org/info/rfc8174,200
rfc9083.xml,https://www.rfc-editor.org/info/rfc8259,200
rfc9083.xml,https://www.rfc-editor.org/info/rfc8288,200
rfc9083.xml,https://www.rfc-editor.org/info/rfc9082,200
rfc9083.xml,https://www.iana.org/domains/idn-tables,200
rfc9083.xml,https://devcentral.f5.com/s/articles/the-stealthy-ascendancy-of-json,200
rfc9083.xml,https://www.cs.montana.edu/izurieta/pubs/caine2009.pdf,200
rfc9083.xml,https://www.rfc-editor.org/info/rfc3912,200
rfc9083.xml,https://www.rfc-editor.org/info/rfc5730,200
rfc9083.xml,https://www.rfc-editor.org/info/rfc5910,200
rfc9083.xml,https://www.rfc-editor.org/info/rfc6350,200
rfc9083.xml,https://www.rfc-editor.org/info/rfc6839,200
rfc9026.xml,https://datatracker.ietf.org/doc/draft-ietf-bess-mvpn-fast-failover-15,200
rfc9026.xml,https://dx.doi.org/10.17487/rfc9026,200
rfc9026.xml,https://www.rfc-editor.org/info/rfc9026,200
rfc9026.xml,https://trustee.ietf.org/license-info,200
rfc9026.xml,https://www.rfc-editor.org/info/rfc2119,200
rfc9026.xml,https://www.rfc-editor.org/info/rfc4271,200
rfc9026.xml,https://www.rfc-editor.org/info/rfc4875,200
rfc9026.xml,https://www.rfc-editor.org/info/rfc5880,200
rfc9026.xml,https://www.rfc-editor.org/info/rfc6513,200
rfc9026.xml,https://www.rfc-editor.org/info/rfc6514,200
rfc9026.xml,https://www.rfc-editor.org/info/rfc7606,200
rfc9026.xml,https://www.rfc-editor.org/info/rfc8126,200
rfc9026.xml,https://www.rfc-editor.org/info/rfc8174,200
rfc9026.xml,https://www.rfc-editor.org/info/rfc8562,200
rfc9026.xml,https://tools.ietf.org/html/draft-mirsky-mpls-p2mp-bfd-14,200
rfc9026.xml,https://www.rfc-editor.org/info/rfc1122,200
rfc9026.xml,https://www.rfc-editor.org/info/rfc4090,200
rfc9026.xml,https://www.rfc-editor.org/info/rfc4291,200
rfc9026.xml,https://www.rfc-editor.org/info/rfc7431,200
rfc8951.xml,https://datatracker.ietf.org/doc/draft-ietf-lamps-rfc7030est-clarify-10,200
rfc8951.xml,https://dx.doi.org/10.17487/rfc8951,200
rfc8951.xml,https://www.rfc-editor.org/info/rfc8951,200
rfc8951.xml,https://trustee.ietf.org/license-info,200
rfc8951.xml,https://www.rfc-editor.org/errata/eid4384,200
rfc8951.xml,https://www.rfc-editor.org/errata/eid5107,200
rfc8951.xml,https://www.rfc-editor.org/errata/eid5108,200
rfc8951.xml,https://www.rfc-editor.org/errata/eid5904,200
rfc8951.xml,https://www.rfc-editor.org/info/rfc2045,200
rfc8951.xml,https://www.rfc-editor.org/info/rfc2046,200
rfc8951.xml,https://www.rfc-editor.org/info/rfc2119,200
rfc8951.xml,https://www.rfc-editor.org/info/rfc2986,200
rfc8951.xml,https://www.rfc-editor.org/info/rfc4648,200
rfc8951.xml,https://www.rfc-editor.org/info/rfc5272,200
rfc8951.xml,https://www.rfc-editor.org/info/rfc5273,200
rfc8951.xml,https://www.rfc-editor.org/info/rfc5912,200
rfc8951.xml,https://www.rfc-editor.org/info/rfc6268,200
rfc8951.xml,https://www.rfc-editor.org/info/rfc7030,200
rfc8951.xml,https://www.rfc-editor.org/info/rfc8174,200
rfc8951.xml,https://www.itu.int/rec/T-REC-X.680-201508-I/en,200
rfc8951.xml,https://www.itu.int/rec/T-REC-X.681,200
rfc8951.xml,https://www.itu.int/rec/T-REC-X.682,200
rfc8951.xml,https://www.itu.int/rec/T-REC-X.683,200
rfc8951.xml,https://www.itu.int/rec/T-REC-X.690,200
rfc8951.xml,https://tools.ietf.org/html/draft-ietf-anima-bootstrapping-keyinfra-45,200
rfc8951.xml,https://www.ietf.org/internet-drafts/draft-ietf-anima-bootstrapping-keyinfra-45.txt,Connection error: HTTP Error 404: Not Found
rfc8951.xml,https://www.rfc-editor.org/info/rfc2307,200
rfc8951.xml,https://www.rfc-editor.org/info/rfc2616,200
rfc8951.xml,https://www.rfc-editor.org/info/rfc2985,200
rfc8951.xml,https://www.rfc-editor.org/info/rfc7230,200
rfc8951.xml,https://www.rfc-editor.org/info/rfc7231,200
rfc8798.xml,https://datatracker.ietf.org/doc/draft-ietf-core-senml-more-units-06,200
rfc8798.xml,https://dx.doi.org/10.17487/rfc8798,200
rfc8798.xml,https://www.rfc-editor.org/info/rfc8798,200
rfc8798.xml,https://trustee.ietf.org/license-info,200
rfc8798.xml,https://www.iana.org/assignments/senml,200
rfc8798.xml,https://doi.org/10.1109/IEEESTD.2010.5439063,Connection error: HTTP Error 418: Unknown Code
rfc8798.xml,https://www.rfc-editor.org/info/rfc2119,200
rfc8798.xml,https://www.rfc-editor.org/info/rfc8126,200
rfc8798.xml,https://www.rfc-editor.org/info/rfc8174,200
rfc8798.xml,https://www.rfc-editor.org/info/rfc8428,200
rfc8798.xml,https://www.bipm.org/utils/common/pdf/si-brochure/SI-Brochure-9-EN.pdf,200
rfc8798.xml,https://scdn.rohde-schwarz.com/ur/pws/dl_downloads/dl_common_library/dl_brochures_and_datasheets/pdf_1/Standard-compliant_usage_of_quantities_units_and_equations_bro_en_5214-5061-62_v0500.pdf,Connection error: HTTP Error 404: Not Found
rfc8798.xml,https://tools.ietf.org/html/draft-ietf-core-senml-versions-00,200
rfc8798.xml,http://www.ietf.org/internet-drafts/draft-ietf-core-senml-versions-00.txt,Connection error: HTTP Error 404: Not Found
rfc9085.xml,https://datatracker.ietf.org/doc/draft-ietf-idr-bgp-ls-segment-routing-ext-18,200
rfc9085.xml,https://dx.doi.org/10.17487/rfc9085,200
rfc9085.xml,https://www.rfc-editor.org/info/rfc9085,200
rfc9085.xml,https://trustee.ietf.org/license-info,200
rfc9085.xml,https://www.rfc-editor.org/info/rfc2119,200
rfc9085.xml,https://www.rfc-editor.org/info/rfc4202,200
rfc9085.xml,https://www.rfc-editor.org/info/rfc5120,200
rfc9085.xml,https://www.rfc-editor.org/info/rfc5308,200
rfc9085.xml,https://www.rfc-editor.org/info/rfc5340,200
rfc9085.xml,https://www.rfc-editor.org/info/rfc7684,200
rfc9085.xml,https://www.rfc-editor.org/info/rfc7752,200
rfc9085.xml,https://www.rfc-editor.org/info/rfc7794,200
rfc9085.xml,https://www.rfc-editor.org/info/rfc8174,200
rfc9085.xml,https://www.rfc-editor.org/info/rfc8362,200
rfc9085.xml,https://www.rfc-editor.org/info/rfc8402,200
rfc9085.xml,https://www.rfc-editor.org/info/rfc8571,200
rfc9085.xml,https://www.rfc-editor.org/info/rfc8665,200
rfc9085.xml,https://www.rfc-editor.org/info/rfc8666,200
rfc9085.xml,https://www.rfc-editor.org/info/rfc8667,200
rfc9085.xml,https://www.rfc-editor.org/info/rfc8668,200
rfc9085.xml,https://www.rfc-editor.org/info/rfc9084,200
rfc9085.xml,https://datatracker.ietf.org/doc/html/draft-ietf-isis-sr-yang-10,200
rfc9085.xml,https://www.ietf.org/archive/id/draft-ietf-isis-sr-yang-10.txt,200
rfc9085.xml,https://datatracker.ietf.org/doc/html/draft-ietf-ospf-sr-yang-15,200
rfc9085.xml,https://www.ietf.org/archive/id/draft-ietf-ospf-sr-yang-15.txt,200
rfc9085.xml,https://www.rfc-editor.org/info/rfc5706,200
rfc9085.xml,https://www.rfc-editor.org/info/rfc8661,200
rfc9085.xml,https://www.rfc-editor.org/info/rfc9020,200
rfc9361.xml,https://datatracker.ietf.org/doc/draft-ietf-regext-tmch-func-spec-15,200
rfc9361.xml,https://dx.doi.org/10.17487/rfc9361,200
rfc9361.xml,https://www.rfc-editor.org/info/rfc9361,200
rfc9361.xml,https://trustee.ietf.org/license-info,200
rfc9361.xml,https://ca.icann.org/tmch.crt,200
rfc9361.xml,https://ca.icann.org/tmch.crt,200
rfc9361.xml,http://crl.icann.org/tmch.crl,200
rfc9361.xml,https://newgtlds.icann.org/en/about/trademark-clearinghouse/previously-abused-16jul13-en.pdf,200
rfc9361.xml,https://newgtlds.icann.org/en/about/trademark-clearinghouse/matching-rules-14jul16-en.pdf,200
rfc9361.xml,https://newgtlds.icann.org/en/about/trademark-clearinghouse/rpm-requirements-qlp-addendum-10apr14-en.pdf,200
rfc9361.xml,https://www.rfc-editor.org/info/rfc2119,200
rfc9361.xml,https://www.rfc-editor.org/info/rfc3688,200
rfc9361.xml,https://www.rfc-editor.org/info/rfc7848,200
rfc9361.xml,https://www.rfc-editor.org/info/rfc8174,200
rfc9361.xml,https://www.rfc-editor.org/info/rfc9325,200
rfc9361.xml,https://newgtlds.icann.org/en/about/trademark-clearinghouse/rpm-requirements-30sep13-en.pdf,200
rfc9361.xml,https://www.w3.org/TR/2008/REC-xml-20081126/,200
rfc9361.xml,https://www.w3.org/TR/2004/REC-xmlschema-1-20041028/,200
rfc9361.xml,https://www.w3.org/TR/2004/REC-xmlschema-2-20041028/,200
rfc9361.xml,http://newgtlds.icann.org/en/applicants/agb/guidebook-full-04jun12-en.pdf,200
rfc9361.xml,http://www.iso.org/iso/home/standards/country_codes.htm,200
rfc9361.xml,https://www.rfc-editor.org/info/rfc3339,200
rfc9361.xml,https://www.rfc-editor.org/info/rfc4180,200
rfc9361.xml,https://www.rfc-editor.org/info/rfc4648,200
rfc9361.xml,https://www.rfc-editor.org/info/rfc4880,200
rfc9361.xml,https://www.rfc-editor.org/info/rfc5280,200
rfc9361.xml,https://www.rfc-editor.org/info/rfc5890,200
rfc9361.xml,https://www.rfc-editor.org/info/rfc7617,200
rfc9361.xml,https://www.rfc-editor.org/info/rfc8499,200
rfc9361.xml,https://www.rfc-editor.org/info/rfc9110,200
rfc9361.xml,http://www.wipo.int/classifications/nice/en,200
rfc9361.xml,https://www.wipo.int/export/sites/www/standards/en/pdf/03-03-01.pdf,200
rfc9388.xml,https://datatracker.ietf.org/doc/draft-ietf-cdni-additional-footprint-types-11,200
rfc9388.xml,https://dx.doi.org/10.17487/rfc9388,200
rfc9388.xml,https://www.rfc-editor.org/info/rfc9388,200
rfc9388.xml,https://trustee.ietf.org/license-info,200
rfc9388.xml,https://www.iso.org/standard/72482.html,200
rfc9388.xml,https://www.iso.org/standard/72483.html,200
rfc9388.xml,https://www.rfc-editor.org/info/rfc2119,200
rfc9388.xml,https://www.rfc-editor.org/info/rfc8006,200
rfc9388.xml,https://www.rfc-editor.org/info/rfc8008,200
rfc9388.xml,https://www.rfc-editor.org/info/rfc8174,200
rfc9388.xml,https://www.rfc-editor.org/info/rfc9240,200
rfc9388.xml,https://www.rfc-editor.org/info/rfc9241,200
rfc9388.xml,https://www.svta.org/product/open-cache-request-routing-functional-specification/,Connection error: HTTP Error 403: Forbidden
rfc9388.xml,https://opencaching.svta.org/,Connection error: HTTP Error 403: Forbidden
rfc9388.xml,https://www.rfc-editor.org/info/rfc6707,200
rfc9388.xml,https://www.rfc-editor.org/info/rfc7336,200
rfc9388.xml,https://www.svta.org/,Connection error: HTTP Error 403: Forbidden
rfc9314.xml,https://datatracker.ietf.org/doc/draft-ietf-bfd-rfc9127-bis-04,200
rfc9314.xml,https://dx.doi.org/10.17487/rfc9314,200
rfc9314.xml,https://www.rfc-editor.org/info/rfc9314,200
rfc9314.xml,https://trustee.ietf.org/license-info,200
rfc9314.xml,https://www.rfc-editor.org/info/rfc3688,200
rfc9314.xml,https://www.rfc-editor.org/info/rfc5586,200
rfc9314.xml,https://www.rfc-editor.org/info/rfc5880,200
rfc9314.xml,https://www.rfc-editor.org/info/rfc5881,200
rfc9314.xml,https://www.rfc-editor.org/info/rfc5882,200
rfc9314.xml,https://www.rfc-editor.org/info/rfc5883,200
rfc9314.xml,https://www.rfc-editor.org/info/rfc5884,200
rfc9314.xml,https://www.rfc-editor.org/info/rfc5885,200
rfc9314.xml,https://www.rfc-editor.org/info/rfc6020,200
rfc9314.xml,https://www.rfc-editor.org/info/rfc6241,200
rfc9314.xml,https://www.rfc-editor.org/info/rfc6242,200
rfc9314.xml,https://www.rfc-editor.org/info/rfc6991,200
rfc9314.xml,https://www.rfc-editor.org/info/rfc7130,200
rfc9314.xml,https://www.rfc-editor.org/info/rfc8040,200
rfc9314.xml,https://www.rfc-editor.org/info/rfc8177,200
rfc9314.xml,https://www.rfc-editor.org/info/rfc8340,200
rfc9314.xml,https://www.rfc-editor.org/info/rfc8341,200
rfc9314.xml,https://www.rfc-editor.org/info/rfc8343,200
rfc9314.xml,https://www.rfc-editor.org/info/rfc8344,200
rfc9314.xml,https://www.rfc-editor.org/info/rfc8349,200
rfc9314.xml,https://www.rfc-editor.org/info/rfc8446,200
rfc9314.xml,https://www.rfc-editor.org/info/rfc8960,200
rfc9314.xml,https://www.rfc-editor.org/info/rfc9127,200
rfc9314.xml,https://www.rfc-editor.org/info/rfc3031,200
rfc9314.xml,https://www.rfc-editor.org/info/rfc8342,200
rfc9314.xml,https://www.rfc-editor.org/info/rfc8529,200
rfc9314.xml,https://www.rfc-editor.org/info/rfc8530,200
rfc9314.xml,https://www.rfc-editor.org/info/rfc8532,200
rfc9314.xml,https://www.w3.org/TR/2008/REC-xml-20081126,200
rfc9489.xml,https://datatracker.ietf.org/doc/draft-ietf-bess-evpn-lsp-ping-11,200
rfc9489.xml,https://dx.doi.org/10.17487/rfc9489,200
rfc9489.xml,https://www.rfc-editor.org/info/rfc9489,200
rfc9489.xml,https://trustee.ietf.org/license-info,200
rfc9489.xml,https://www.rfc-editor.org/info/rfc2119,200
rfc9489.xml,https://www.rfc-editor.org/info/rfc4760,200
rfc9489.xml,https://www.rfc-editor.org/info/rfc5586,200
rfc9489.xml,https://www.rfc-editor.org/info/rfc6425,200
rfc9489.xml,https://www.rfc-editor.org/info/rfc7432,200
rfc9489.xml,https://www.rfc-editor.org/info/rfc7623,200
rfc9489.xml,https://www.rfc-editor.org/info/rfc8029,200
rfc9489.xml,https://www.rfc-editor.org/info/rfc8174,200
rfc9489.xml,https://www.rfc-editor.org/info/rfc8214,200
rfc9489.xml,https://www.rfc-editor.org/info/rfc9041,200
rfc9489.xml,https://www.rfc-editor.org/info/rfc9136,200
rfc9541.xml,https://datatracker.ietf.org/doc/draft-ietf-bess-pbb-evpn-isid-cmacflush-09,200
rfc9541.xml,https://dx.doi.org/10.17487/rfc9541,200
rfc9541.xml,https://www.rfc-editor.org/info/rfc9541,200
rfc9541.xml,https://trustee.ietf.org/license-info,200
rfc9541.xml,https://www.rfc-editor.org/info/rfc2119,200
rfc9541.xml,https://www.rfc-editor.org/info/rfc7432,200
rfc9541.xml,https://www.rfc-editor.org/info/rfc7623,200
rfc9541.xml,https://www.rfc-editor.org/info/rfc8174,200
rfc9541.xml,https://datatracker.ietf.org/doc/html/draft-ietf-bess-evpn-virtual-eth-segment-15,200
rfc9541.xml,https://www.itu.int/rec/T-REC-G.8032-202003-I/en,200
rfc9541.xml,https://www.rfc-editor.org/info/rfc4762,200
rfc8736.xml,https://datatracker.ietf.org/doc/draft-ietf-pim-reserved-bits-04,200
rfc8736.xml,https://dx.doi.org/10.17487/rfc8736,200
rfc8736.xml,https://www.rfc-editor.org/info/rfc8736,200
rfc8736.xml,https://trustee.ietf.org/license-info,200
rfc8736.xml,https://www.rfc-editor.org/info/rfc2119,200
rfc8736.xml,https://www.rfc-editor.org/info/rfc7761,200
rfc8736.xml,https://www.rfc-editor.org/info/rfc8126,200
rfc8736.xml,https://www.rfc-editor.org/info/rfc8174,200
rfc8736.xml,https://www.rfc-editor.org/info/rfc3973,200
rfc8736.xml,https://www.rfc-editor.org/info/rfc5015,200
rfc8736.xml,https://www.rfc-editor.org/info/rfc5059,200
rfc8736.xml,https://www.rfc-editor.org/info/rfc6166,200
rfc8736.xml,https://www.rfc-editor.org/info/rfc6754,200
rfc8736.xml,https://www.rfc-editor.org/info/rfc8364,200
rfc8805.xml,https://datatracker.ietf.org/doc/draft-google-self-published-geofeeds-09,200
rfc8805.xml,https://dx.doi.org/10.17487/rfc8805,200
rfc8805.xml,https://www.rfc-editor.org/info/rfc8805,200
rfc8805.xml,https://trustee.ietf.org/license-info,200
rfc8805.xml,http://www.iso.org/iso/home/standards/country_codes/iso-3166-1_decoding_table.htm,200
rfc8805.xml,http://www.iso.org/iso/home/standards/country_codes.htm#2012_iso3166-2,200
rfc8805.xml,https://www.rfc-editor.org/info/rfc2119,200
rfc8805.xml,https://www.rfc-editor.org/info/rfc3629,200
rfc8805.xml,https://www.rfc-editor.org/info/rfc4180,200
rfc8805.xml,https://www.rfc-editor.org/info/rfc4291,200
rfc8805.xml,https://www.rfc-editor.org/info/rfc4632,200
rfc8805.xml,https://www.rfc-editor.org/info/rfc5952,200
rfc8805.xml,https://www.rfc-editor.org/info/rfc7234,200
rfc8805.xml,https://www.rfc-editor.org/info/rfc8174,200
rfc8805.xml,http://www.w3.org/TR/2008/REC-xml-20081126,200
rfc8805.xml,http://www.w3.org/TR/2008/REC-xml-20081126,200
rfc8805.xml,http://datatracker.ietf.org/wg/geopriv/,200
rfc8805.xml,https://www.gstatic.com/geofeed/corp_external,200
rfc8805.xml,https://meeting-services.icann.org/geo/google.csv,200
rfc8805.xml,https://noc.ietf.org/geo/google.csv,200
rfc8805.xml,https://meetings.ripe.net/geo/google.csv,200
rfc8805.xml,http://code.google.com/p/ipaddr-py/,Connection error: HTTP Error 500: Internal Server Error
rfc8805.xml,https://www.iso.org/glossary-for-iso-3166.html,200
rfc8805.xml,https://www.rfc-editor.org/info/rfc2818,200
rfc8805.xml,https://www.rfc-editor.org/info/rfc3912,200
rfc8805.xml,https://www.rfc-editor.org/info/rfc5139,200
rfc8805.xml,https://www.rfc-editor.org/info/rfc6772,200
rfc8805.xml,https://www.rfc-editor.org/info/rfc7208,200
rfc8805.xml,https://www.rfc-editor.org/info/rfc8259,200
rfc9596.xml,https://datatracker.ietf.org/doc/draft-ietf-cose-typ-header-parameter-05,200
rfc9596.xml,https://dx.doi.org/10.17487/rfc9596,200
rfc9596.xml,https://www.rfc-editor.org/info/rfc9596,200
rfc9596.xml,https://trustee.ietf.org/license-info,200
rfc9596.xml,https://www.rfc-editor.org/info/rfc2119,200
rfc9596.xml,https://www.rfc-editor.org/info/rfc8174,200
rfc9596.xml,https://www.rfc-editor.org/info/rfc8725,200
rfc9596.xml,https://www.rfc-editor.org/info/rfc9052,200
rfc9596.xml,https://www.iana.org/assignments/core-parameters,200
rfc9596.xml,https://www.iana.org/assignments/cose,200
rfc9596.xml,https://www.iana.org/assignments/media-types,200
rfc9596.xml,https://www.rfc-editor.org/info/rfc7515,200
rfc9596.xml,https://www.rfc-editor.org/info/rfc7516,200
rfc9596.xml,https://www.rfc-editor.org/info/rfc7519,200
rfc9434.xml,https://datatracker.ietf.org/doc/draft-ietf-drip-arch-31,200
rfc9434.xml,https://dx.doi.org/10.17487/rfc9434,200
rfc9434.xml,https://www.rfc-editor.org/info/rfc9434,200
rfc9434.xml,https://trustee.ietf.org/license-info,200
rfc9434.xml,https://www.astm.org/f3411-22a.html,200
rfc9434.xml,https://www.rfc-editor.org/info/rfc2119,200
rfc9434.xml,https://www.rfc-editor.org/info/rfc8174,200
rfc9434.xml,https://www.rfc-editor.org/info/rfc9153,200
rfc9434.xml,https://www.rfc-editor.org/info/rfc9374,200
rfc9434.xml,https://eur-lex.europa.eu/eli/reg_del/2019/945/oj,200
rfc9434.xml,https://datatracker.ietf.org/doc/html/draft-ietf-drip-auth-30,200
rfc9434.xml,https://datatracker.ietf.org/doc/html/draft-ietf-drip-registries-12,200
rfc9434.xml,https://www.astm.org/f3411-19.html,200
rfc9434.xml,https://www.astm.org/f3586-22.html,200
rfc9434.xml,https://www.govinfo.gov/content/pkg/FR-2021-01-15/pdf/2020-28948.pdf,200
rfc9434.xml,https://www.faa.gov/sites/faa.gov/files/2022-08/UTM_ConOps_v2.pdf,200
rfc9434.xml,https://www.3gpp.org/ftp/tsg_sa/WG2_Arch/TSGS2_147E_Electronic_2021-10/Docs/S2-2107092.zip,200
rfc9434.xml,https://eur-lex.europa.eu/legal-content/EN/TXT/?uri=CELEX%3A32019R0947,200
rfc9434.xml,https://eur-lex.europa.eu/legal-content/EN/TXT/?uri=CELEX%3A32021R0664,200
rfc9434.xml,https://www.faa.gov/      air_traffic/publications/atpubs/foa_html/chap12_section_9.html,Connection error: URL can't contain control characters. '/      air_traffic/publications/atpubs/foa_html/chap12_section_9.html' (found at least ' ')
rfc9434.xml,http://mavlink.io/,200
rfc9434.xml,https://www.regulations.gov/document/FAA-2022-0859-0001,200
rfc9434.xml,https://www.easa.europa.eu/downloads/134303/en,200
rfc9434.xml,https://www.federalregister.gov/documents/2019/                  12/31/2019-28100/remote-identification-of-unmanned-aircraft-systems,Connection error: URL can't contain control characters. '/documents/2019/                  12/31/2019-28100/remote-identification-of-unmanned-aircraft-systems' (found at least ' ')
rfc9434.xml,https://www.rfc-editor.org/info/rfc1034,200
rfc9434.xml,https://www.rfc-editor.org/info/rfc3261,200
rfc9434.xml,https://www.rfc-editor.org/info/rfc3972,200
rfc9434.xml,https://www.rfc-editor.org/info/rfc5730,200
rfc9434.xml,https://www.rfc-editor.org/info/rfc6973,200
rfc9434.xml,https://www.rfc-editor.org/info/rfc7033,200
rfc9434.xml,https://www.rfc-editor.org/info/rfc7401,200
rfc9434.xml,https://www.rfc-editor.org/info/rfc7480,200
rfc9434.xml,https://www.rfc-editor.org/info/rfc8004,200
rfc9434.xml,https://www.rfc-editor.org/info/rfc8005,200
rfc9434.xml,https://www.rfc-editor.org/info/rfc8032,200
rfc9434.xml,https://www.rfc-editor.org/info/rfc8126,200
rfc9434.xml,https://www.rfc-editor.org/info/rfc9082,200
rfc9434.xml,https://www.rfc-editor.org/info/rfc9083,200
rfc9434.xml,https://www.rfc-editor.org/info/rfc9224,200
rfc9434.xml,https://www.rfc-editor.org/info/rfc9334,200
rfc9434.xml,https://portal.3gpp.org/desktopmodules/Specifications/SpecificationDetails.aspx?specificationId=3527,Connection error: HTTP Error 403: Forbidden: Access is denied.
rfc9434.xml,https://portal.3gpp.org/desktopmodules/Specifications/SpecificationDetails.aspx?specificationId=3588,Connection error: HTTP Error 403: Forbidden: Access is denied.
rfc9434.xml,https://portal.3gpp.org/desktopmodules/Specifications/SpecificationDetails.aspx?specificationId=3843,Connection error: HTTP Error 403: Forbidden: Access is denied.
rfc9434.xml,https://www.sesarju.eu/sites/default/files/documents/u-space/CORUS%20ConOps%20vol2.pdf,200
rfc9193.xml,https://datatracker.ietf.org/doc/draft-ietf-core-senml-data-ct-07,200
rfc9193.xml,https://dx.doi.org/10.17487/rfc9193,200
rfc9193.xml,https://www.rfc-editor.org/info/rfc9193,200
rfc9193.xml,https://trustee.ietf.org/license-info,200
rfc9193.xml,https://www.iana.org/assignments/core-parameters,200
rfc9193.xml,https://www.iana.org/assignments/http-parameters,200
rfc9193.xml,https://www.iana.org/assignments/media-types,200
rfc9193.xml,https://www.iana.org/assignments/senml,200
rfc9193.xml,https://www.rfc-editor.org/info/rfc2045,200
rfc9193.xml,https://www.rfc-editor.org/info/rfc2119,200
rfc9193.xml,https://www.rfc-editor.org/info/rfc5234,200
rfc9193.xml,https://www.rfc-editor.org/info/rfc7252,200
rfc9193.xml,https://www.rfc-editor.org/info/rfc8174,200
rfc9193.xml,https://www.rfc-editor.org/info/rfc8428,200
rfc9193.xml,https://www.rfc-editor.org/rfc/rfc9110,200
rfc9193.xml,https://www.rfc-editor.org/info/rfc1590,200
rfc9193.xml,https://www.rfc-editor.org/info/rfc4180,200
rfc9193.xml,https://www.rfc-editor.org/info/rfc4648,200
rfc9193.xml,https://www.rfc-editor.org/info/rfc6690,200
rfc9193.xml,https://www.rfc-editor.org/info/rfc6838,200
rfc9193.xml,https://www.rfc-editor.org/info/rfc8866,200
rfc9193.xml,https://www.rfc-editor.org/info/rfc8949,200
rfc9049.xml,https://datatracker.ietf.org/doc/draft-irtf-panrg-what-not-to-do-19,200
rfc9049.xml,https://dx.doi.org/10.17487/rfc9049,200
rfc9049.xml,https://www.rfc-editor.org/info/rfc9049,200
rfc9049.xml,https://trustee.ietf.org/license-info,200
rfc9049.xml,https://en.wikipedia.org/w/index.php?title=Colossal_Cave_Adventure&oldid=1027119625,200
rfc9049.xml,https://www.conviva.com/datasheets/precision-delivery-intelligence/,Connection error: HTTP Error 403: Forbidden
rfc9049.xml,https://datatracker.ietf.org/doc/html/draft-farrell-etm-03,200
rfc9049.xml,https://www.ietf.org/archive/id/draft-farrell-etm-03.txt,200
rfc9049.xml,https://datatracker.ietf.org/doc/html/draft-iab-use-it-or-lose-it-00,200
rfc9049.xml,https://www.ietf.org/archive/id/draft-iab-use-it-or-lose-it-00.txt,200
rfc9049.xml,https://www.rfc-editor.org/ien/ien119.txt,200
rfc9049.xml,https://datatracker.ietf.org/doc/html/draft-arkko-arch-internet-threat-model-01,200
rfc9049.xml,https://www.ietf.org/archive/id/draft-arkko-arch-internet-threat-model-01.txt,200
rfc9049.xml,https://datatracker.ietf.org/doc/html/draft-ietf-tsvwg-intserv-multiple-tspec-02,200
rfc9049.xml,https://www.ietf.org/archive/id/draft-ietf-tsvwg-intserv-multiple-tspec-02.txt,200
rfc9049.xml,https://www.iab.org/activities/workshops/itat/,Connection error: HTTP Error 403: Forbidden
rfc9049.xml,https://www.iab.org/mailman/listinfo/model-t,Connection error: HTTP Error 403: Forbidden
rfc9049.xml,https://datatracker.ietf.org/meeting/109/materials/minutes-109-mops-00,200
rfc9049.xml,https://datatracker.ietf.org/wg/mptcp/,200
rfc9049.xml,https://archive.nanog.org/meetings/nanog35/agenda,Connection error: HTTP Error 403: Forbidden
rfc9049.xml,https://datatracker.ietf.org/doc/charter-ietf-nsis/,200
rfc9049.xml,https://irtf.org/panrg,Connection error: HTTP Error 403: Forbidden
rfc9049.xml,https://datatracker.ietf.org/doc/minutes-103-panrg/,200
rfc9049.xml,https://datatracker.ietf.org/doc/minutes-105-panrg/,200
rfc9049.xml,https://datatracker.ietf.org/doc/minutes-106-panrg/,200
rfc9049.xml,https://datatracker.ietf.org/meeting/110/session/panrg,200
rfc9049.xml,https://datatracker.ietf.org/meeting/99/session/panrg,200
rfc9049.xml,https://datatracker.ietf.org/doc/html/draft-irtf-panrg-path-properties-02,200
rfc9049.xml,https://www.ietf.org/archive/id/draft-irtf-panrg-path-properties-02.txt,200
rfc9049.xml,https://datatracker.ietf.org/doc/html/draft-irtf-panrg-questions-09,200
rfc9049.xml,https://www.ietf.org/archive/id/draft-irtf-panrg-questions-09.txt,200
rfc9049.xml,https://datatracker.ietf.org/doc/slides-99-panrg-a-decade-of-path-awareness/,200
rfc9049.xml,https://dl.acm.org/citation.cfm?id=3160304.3160305,Connection error: HTTP Error 403: Forbidden
rfc9049.xml,https://www.rfc-editor.org/info/rfc791,200
rfc9049.xml,https://www.rfc-editor.org/info/rfc792,200
rfc9049.xml,https://www.rfc-editor.org/info/rfc793,200
rfc9049.xml,https://www.rfc-editor.org/info/rfc1016,200
rfc9049.xml,https://www.rfc-editor.org/info/rfc1122,200
rfc9049.xml,https://www.rfc-editor.org/info/rfc1190,200
rfc9049.xml,https://www.rfc-editor.org/info/rfc1633,200
rfc9049.xml,https://www.rfc-editor.org/info/rfc1809,200
rfc9049.xml,https://www.rfc-editor.org/info/rfc1819,200
rfc9049.xml,https://www.rfc-editor.org/info/rfc1887,200
rfc9049.xml,https://www.rfc-editor.org/info/rfc2001,200
rfc9049.xml,https://www.rfc-editor.org/info/rfc2205,200
rfc9049.xml,https://www.rfc-editor.org/info/rfc2210,200
rfc9049.xml,https://www.rfc-editor.org/info/rfc2211,200
rfc9049.xml,https://www.rfc-editor.org/info/rfc2212,200
rfc9049.xml,https://www.rfc-editor.org/info/rfc2215,200
rfc9049.xml,https://www.rfc-editor.org/info/rfc2309,200
rfc9049.xml,https://www.rfc-editor.org/info/rfc2460,200
rfc9049.xml,https://www.rfc-editor.org/info/rfc2475,200
rfc9049.xml,https://www.rfc-editor.org/info/rfc2481,200
rfc9049.xml,https://www.rfc-editor.org/info/rfc3168,200
rfc9049.xml,https://www.rfc-editor.org/info/rfc3697,200
rfc9049.xml,https://www.rfc-editor.org/info/rfc4094,200
rfc9049.xml,https://www.rfc-editor.org/info/rfc4443,200
rfc9049.xml,https://www.rfc-editor.org/info/rfc4782,200
rfc9049.xml,https://www.rfc-editor.org/info/rfc5082,200
rfc9049.xml,https://www.rfc-editor.org/info/rfc5218,200
rfc9049.xml,https://www.rfc-editor.org/info/rfc5533,200
rfc9049.xml,https://www.rfc-editor.org/info/rfc5575,200
rfc9049.xml,https://www.rfc-editor.org/info/rfc5681,200
rfc9049.xml,https://www.rfc-editor.org/info/rfc5971,200
rfc9049.xml,https://www.rfc-editor.org/info/rfc5973,200
rfc9049.xml,https://www.rfc-editor.org/info/rfc5974,200
rfc9049.xml,https://www.rfc-editor.org/info/rfc5981,200
rfc9049.xml,https://www.rfc-editor.org/info/rfc6294,200
rfc9049.xml,https://www.rfc-editor.org/info/rfc6398,200
rfc9049.xml,https://www.rfc-editor.org/info/rfc6437,200
rfc9049.xml,https://www.rfc-editor.org/info/rfc6438,200
rfc9049.xml,https://www.rfc-editor.org/info/rfc6633,200
rfc9049.xml,https://www.rfc-editor.org/info/rfc6928,200
rfc9049.xml,https://www.rfc-editor.org/info/rfc7305,200
rfc9049.xml,https://www.rfc-editor.org/info/rfc7418,200
rfc9049.xml,https://www.rfc-editor.org/info/rfc8085,200
rfc9049.xml,https://www.rfc-editor.org/info/rfc8170,200
rfc9049.xml,https://www.rfc-editor.org/info/rfc8655,200
rfc9049.xml,https://www.rfc-editor.org/info/rfc8793,200
rfc9049.xml,https://www.rfc-editor.org/info/rfc9000,200
rfc9049.xml,https://datatracker.ietf.org/meeting/105/materials/minutes-105-saag-00,200
rfc9049.xml,https://dl.acm.org/doi/10.1016/j.comnet.2006.11.006,Connection error: HTTP Error 403: Forbidden
rfc9049.xml,https://www.icir.org/floyd/ecn.html,200
rfc9049.xml,https://www.youtube.com/watch?v=ji6Y_rYHAQs,200
rfc9049.xml,https://www.ietf.org/proceedings/55/239.htm,200
rfc9049.xml,https://www.ietf.org/proceedings/56/251.htm,200
rfc9049.xml,https://www.ietf.org/proceedings/68/slides/tsvarea-3/sld1.htm,200
rfc9099.xml,https://datatracker.ietf.org/doc/draft-ietf-opsec-v6-27,200
rfc9099.xml,https://dx.doi.org/10.17487/rfc9099,200
rfc9099.xml,https://www.rfc-editor.org/info/rfc9099,200
rfc9099.xml,https://trustee.ietf.org/license-info,200
rfc9099.xml,https://www.rfc-editor.org/info/rfc2119,200
rfc9099.xml,https://www.rfc-editor.org/info/rfc8174,200
rfc9099.xml,https://www.rfc-editor.org/info/rfc8200,200
rfc9099.xml,https://team-cymru.com/community-services/bogon-reference/,200
rfc9099.xml,http://www.entropy-ip.com/,200
rfc9099.xml,https://www.europol.europa.eu/newsroom/news/are-you-sharing-same-ip-address-criminal-law-enforcement-call-for-end-of-carrier-grade-nat-cgn-to-increase-accountability-online,200
rfc9099.xml,https://eur-lex.europa.eu/eli/reg/2016/679/oj,200
rfc9099.xml,http://www.iana.org/assignments/ipfix,200
rfc9099.xml,https://datatracker.ietf.org/doc/html/draft-ietf-opsec-ipv6-eh-filtering-08,200
rfc9099.xml,https://www.ietf.org/internet-drafts/draft-ietf-opsec-ipv6-eh-filtering-08.txt,Connection error: HTTP Error 404: Not Found
rfc9099.xml,https://datatracker.ietf.org/doc/html/draft-kampanakis-6man-ipv6-eh-parsing-01,200
rfc9099.xml,https://www.ietf.org/archive/id/draft-kampanakis-6man-ipv6-eh-parsing-01.txt,200
rfc9099.xml,https://dataplane.org/jtk/publications/kgkp-pam-21.pdf,200
rfc9099.xml,http://www.ipv6forum.com/dl/white/NAv6TF_Security_Report.pdf,200
rfc9099.xml,http://csrc.nist.gov/publications/nistpubs/800-119/sp800-119.pdf,200
rfc9099.xml,https://www.radb.net/,Connection error: HTTP Error 403: Forbidden
rfc9099.xml,https://labs.ripe.net/Members/enno_rey/local-packet-filtering-with-ipv6,200
rfc9099.xml,https://www.rfc-editor.org/info/rfc826,200
rfc9099.xml,https://www.rfc-editor.org/info/rfc1918,200
rfc9099.xml,https://www.rfc-editor.org/info/rfc2131,200
rfc9099.xml,https://www.rfc-editor.org/info/rfc2460,200
rfc9099.xml,https://www.rfc-editor.org/info/rfc2529,200
rfc9099.xml,https://www.rfc-editor.org/info/rfc2663,200
rfc9099.xml,https://www.rfc-editor.org/info/rfc2784,200
rfc9099.xml,https://www.rfc-editor.org/info/rfc2827,200
rfc9099.xml,https://www.rfc-editor.org/info/rfc2866,200
rfc9099.xml,https://www.rfc-editor.org/info/rfc3056,200
rfc9099.xml,https://www.rfc-editor.org/info/rfc3068,200
rfc9099.xml,https://www.rfc-editor.org/info/rfc3627,200
rfc9099.xml,https://www.rfc-editor.org/info/rfc3704,200
rfc9099.xml,https://www.rfc-editor.org/info/rfc3756,200
rfc9099.xml,https://www.rfc-editor.org/info/rfc3964,200
rfc9099.xml,https://www.rfc-editor.org/info/rfc3971,200
rfc9099.xml,https://www.rfc-editor.org/info/rfc3972,200
rfc9099.xml,https://www.rfc-editor.org/info/rfc4033,200
rfc9099.xml,https://www.rfc-editor.org/info/rfc4107,200
rfc9099.xml,https://www.rfc-editor.org/info/rfc4193,200
rfc9099.xml,https://www.rfc-editor.org/info/rfc4293,200
rfc9099.xml,https://www.rfc-editor.org/info/rfc4301,200
rfc9099.xml,https://www.rfc-editor.org/info/rfc4302,200
rfc9099.xml,https://www.rfc-editor.org/info/rfc4303,200
rfc9099.xml,https://www.rfc-editor.org/info/rfc4364,200
rfc9099.xml,https://www.rfc-editor.org/info/rfc4380,200
rfc9099.xml,https://www.rfc-editor.org/info/rfc4381,200
rfc9099.xml,https://www.rfc-editor.org/info/rfc4443,200
rfc9099.xml,https://www.rfc-editor.org/info/rfc4552,200
rfc9099.xml,https://www.rfc-editor.org/info/rfc4649,200
rfc9099.xml,https://www.rfc-editor.org/info/rfc4659,200
rfc9099.xml,https://www.rfc-editor.org/info/rfc4795,200
rfc9099.xml,https://www.rfc-editor.org/info/rfc4798,200
rfc9099.xml,https://www.rfc-editor.org/info/rfc4861,200
rfc9099.xml,https://www.rfc-editor.org/info/rfc4864,200
rfc9099.xml,https://www.rfc-editor.org/info/rfc4890,200
rfc9099.xml,https://www.rfc-editor.org/info/rfc4942,200
rfc9099.xml,https://www.rfc-editor.org/info/rfc5082,200
rfc9099.xml,https://www.rfc-editor.org/info/rfc5214,200
rfc9099.xml,https://www.rfc-editor.org/info/rfc5340,200
rfc9099.xml,https://www.rfc-editor.org/info/rfc5635,200
rfc9099.xml,https://www.rfc-editor.org/info/rfc5952,200
rfc9099.xml,https://www.rfc-editor.org/info/rfc5969,200
rfc9099.xml,https://www.rfc-editor.org/info/rfc6092,200
rfc9099.xml,https://www.rfc-editor.org/info/rfc6104,200
rfc9099.xml,https://www.rfc-editor.org/info/rfc6105,200
rfc9099.xml,https://www.rfc-editor.org/info/rfc6144,200
rfc9099.xml,https://www.rfc-editor.org/info/rfc6146,200
rfc9099.xml,https://www.rfc-editor.org/info/rfc6147,200
rfc9099.xml,https://www.rfc-editor.org/info/rfc6164,200
rfc9099.xml,https://www.rfc-editor.org/info/rfc6169,200
rfc9099.xml,https://www.rfc-editor.org/info/rfc6177,200
rfc9099.xml,https://www.rfc-editor.org/info/rfc6192,200
rfc9099.xml,https://www.rfc-editor.org/info/rfc6221,200
rfc9099.xml,https://www.rfc-editor.org/info/rfc6241,200
rfc9099.xml,https://www.rfc-editor.org/info/rfc6264,200
rfc9099.xml,https://www.rfc-editor.org/info/rfc6269,200
rfc9099.xml,https://www.rfc-editor.org/info/rfc6296,200
rfc9099.xml,https://www.rfc-editor.org/info/rfc6302,200
rfc9099.xml,https://www.rfc-editor.org/info/rfc6324,200
rfc9099.xml,https://www.rfc-editor.org/info/rfc6333,200
rfc9099.xml,https://www.rfc-editor.org/info/rfc6343,200
rfc9099.xml,https://www.rfc-editor.org/info/rfc6434,200
rfc9099.xml,https://www.rfc-editor.org/info/rfc6459,200
rfc9099.xml,https://www.rfc-editor.org/info/rfc6547,200
rfc9099.xml,https://www.rfc-editor.org/info/rfc6564,200
rfc9099.xml,https://www.rfc-editor.org/info/rfc6583,200
rfc9099.xml,https://www.rfc-editor.org/info/rfc6598,200
rfc9099.xml,https://www.rfc-editor.org/info/rfc6620,200
rfc9099.xml,https://www.rfc-editor.org/info/rfc6666,200
rfc9099.xml,https://www.rfc-editor.org/info/rfc6762,200
rfc9099.xml,https://www.rfc-editor.org/info/rfc6763,200
rfc9099.xml,https://www.rfc-editor.org/info/rfc6775,200
rfc9099.xml,https://www.rfc-editor.org/info/rfc6877,200
rfc9099.xml,https://www.rfc-editor.org/info/rfc6888,200
rfc9099.xml,https://www.rfc-editor.org/info/rfc6939,200
rfc9099.xml,https://www.rfc-editor.org/info/rfc6964,200
rfc9099.xml,https://www.rfc-editor.org/info/rfc6967,200
rfc9099.xml,https://www.rfc-editor.org/info/rfc6980,200
rfc9099.xml,https://www.rfc-editor.org/info/rfc7010,200
rfc9099.xml,https://www.rfc-editor.org/info/rfc7011,200
rfc9099.xml,https://www.rfc-editor.org/info/rfc7012,200
rfc9099.xml,https://www.rfc-editor.org/info/rfc7039,200
rfc9099.xml,https://www.rfc-editor.org/info/rfc7045,200
rfc9099.xml,https://www.rfc-editor.org/info/rfc7084,200
rfc9099.xml,https://www.rfc-editor.org/info/rfc7112,200
rfc9099.xml,https://www.rfc-editor.org/info/rfc7113,200
rfc9099.xml,https://www.rfc-editor.org/info/rfc7123,200
rfc9099.xml,https://www.rfc-editor.org/info/rfc7166,200
rfc9099.xml,https://www.rfc-editor.org/info/rfc7217,200
rfc9099.xml,https://www.rfc-editor.org/info/rfc7359,200
rfc9099.xml,https://www.rfc-editor.org/info/rfc7381,200
rfc9099.xml,https://www.rfc-editor.org/info/rfc7404,200
rfc9099.xml,https://www.rfc-editor.org/info/rfc7422,200
rfc9099.xml,https://www.rfc-editor.org/info/rfc7454,200
rfc9099.xml,https://www.rfc-editor.org/info/rfc7513,200
rfc9099.xml,https://www.rfc-editor.org/info/rfc7526,200
rfc9099.xml,https://www.rfc-editor.org/info/rfc7552,200
rfc9099.xml,https://www.rfc-editor.org/info/rfc7597,200
rfc9099.xml,https://www.rfc-editor.org/info/rfc7599,200
rfc9099.xml,https://www.rfc-editor.org/info/rfc7610,200
rfc9099.xml,https://www.rfc-editor.org/info/rfc7707,200
rfc9099.xml,https://www.rfc-editor.org/info/rfc7721,200
rfc9099.xml,https://www.rfc-editor.org/info/rfc7772,200
rfc9099.xml,https://www.rfc-editor.org/info/rfc7785,200
rfc9099.xml,https://www.rfc-editor.org/info/rfc7824,200
rfc9099.xml,https://www.rfc-editor.org/info/rfc7844,200
rfc9099.xml,https://www.rfc-editor.org/info/rfc7857,200
rfc9099.xml,https://www.rfc-editor.org/info/rfc7872,200
rfc9099.xml,https://www.rfc-editor.org/info/rfc7915,200
rfc9099.xml,https://www.rfc-editor.org/info/rfc7934,200
rfc9099.xml,https://www.rfc-editor.org/info/rfc8040,200
rfc9099.xml,https://www.rfc-editor.org/info/rfc8064,200
rfc9099.xml,https://www.rfc-editor.org/info/rfc8177,200
rfc9099.xml,https://www.rfc-editor.org/info/rfc8190,200
rfc9099.xml,https://www.rfc-editor.org/info/rfc8210,200
rfc9099.xml,https://www.rfc-editor.org/info/rfc8273,200
rfc9099.xml,https://www.rfc-editor.org/info/rfc8343,200
rfc9099.xml,https://www.rfc-editor.org/info/rfc8344,200
rfc9099.xml,https://www.rfc-editor.org/info/rfc8415,200
rfc9099.xml,https://www.rfc-editor.org/info/rfc8504,200
rfc9099.xml,https://www.rfc-editor.org/info/rfc8520,200
rfc9099.xml,https://www.rfc-editor.org/info/rfc8541,200
rfc9099.xml,https://www.rfc-editor.org/info/rfc8981,200
rfc9099.xml,http://www.caida.org/workshops/isma/1202/slides/aims1202_rbarnes.pdf,200
rfc9099.xml,https://blog.webernetz.net/wp-content/uploads/2018/03/TR18-Johannes-Weber-Dynamic-IPv6-Prefix-Problems-and-VPNs.pdf,200
rfc8651.xml,https://datatracker.ietf.org/doc/draft-ietf-manet-dlep-pause-extension-08,200
rfc8651.xml,https://dx.doi.org/10.17487/rfc8651,200
rfc8651.xml,https://www.rfc-editor.org/info/rfc8651,200
rfc8651.xml,https://trustee.ietf.org/license-info,200
rfc8651.xml,https://www.rfc-editor.org/info/rfc2119,200
rfc8651.xml,https://www.rfc-editor.org/info/rfc8174,200
rfc8651.xml,https://www.rfc-editor.org/info/rfc8175,200
rfc8651.xml,https://tools.ietf.org/html/draft-ietf-manet-dlep-credit-flow-control-04,200
rfc8651.xml,http://www.ietf.org/internet-drafts/draft-ietf-manet-dlep-credit-flow-control-04.txt,Connection error: HTTP Error 404: Not Found
rfc8651.xml,https://tools.ietf.org/html/draft-ietf-manet-dlep-da-credit-extension-07,200
rfc8651.xml,http://www.ietf.org/internet-drafts/draft-ietf-manet-dlep-da-credit-extension-07.txt,Connection error: HTTP Error 404: Not Found
rfc8651.xml,https://ieeexplore.ieee.org/document/6991462,Connection error: HTTP Error 418: Unknown Code
rfc8651.xml,https://www.rfc-editor.org/info/rfc2474,200
rfc8651.xml,https://www.rfc-editor.org/info/rfc2475,200
rfc8651.xml,https://www.rfc-editor.org/info/rfc5578,200
rfc8651.xml,https://www.rfc-editor.org/info/rfc8126,200
rfc9354.xml,https://datatracker.ietf.org/doc/draft-ietf-6lo-plc-12,200
rfc9354.xml,https://dx.doi.org/10.17487/rfc9354,200
rfc9354.xml,https://www.rfc-editor.org/info/rfc9354,200
rfc9354.xml,https://trustee.ietf.org/license-info,200
rfc9354.xml,https://ieeexplore.ieee.org/document/8360785,Connection error: HTTP Error 418: Unknown Code
rfc9354.xml,https://ieeexplore.ieee.org/document/6679210,Connection error: HTTP Error 418: Unknown Code
rfc9354.xml,https://www.itu.int/rec/T-REC-G.9903,200
rfc9354.xml,https://www.rfc-editor.org/info/rfc2119,200
rfc9354.xml,https://www.rfc-editor.org/info/rfc2119,200
rfc9354.xml,https://www.rfc-editor.org/info/rfc2464,200
rfc9354.xml,https://www.rfc-editor.org/info/rfc2464,200
rfc9354.xml,https://www.rfc-editor.org/info/rfc4291,200
rfc9354.xml,https://www.rfc-editor.org/info/rfc4291,200
rfc9354.xml,https://www.rfc-editor.org/info/rfc4861,200
rfc9354.xml,https://www.rfc-editor.org/info/rfc4861,200
rfc9354.xml,https://www.rfc-editor.org/info/rfc4944,200
rfc9354.xml,https://www.rfc-editor.org/info/rfc4944,200
rfc9354.xml,https://www.rfc-editor.org/info/rfc6282,200
rfc9354.xml,https://www.rfc-editor.org/info/rfc6282,200
rfc9354.xml,https://www.rfc-editor.org/info/rfc6550,200
rfc9354.xml,https://www.rfc-editor.org/info/rfc6550,200
rfc9354.xml,https://www.rfc-editor.org/info/rfc6775,200
rfc9354.xml,https://www.rfc-editor.org/info/rfc6775,200
rfc9354.xml,https://www.rfc-editor.org/info/rfc7136,200
rfc9354.xml,https://www.rfc-editor.org/info/rfc7136,200
rfc9354.xml,https://www.rfc-editor.org/info/rfc8174,200
rfc9354.xml,https://www.rfc-editor.org/info/rfc8174,200
rfc9354.xml,https://www.rfc-editor.org/info/rfc8505,200
rfc9354.xml,https://www.rfc-editor.org/info/rfc8505,200
rfc9354.xml,https://datatracker.ietf.org/doc/html/draft-ietf-roll-aodv-rpl-15,200
rfc9354.xml,https://standards.ieee.org/wp-content/uploads/import/documents/tutorials/eui.pdf,Connection error: HTTP Error 403: Forbidden
rfc9354.xml,https://ieeexplore.ieee.org/document/7286946,Connection error: HTTP Error 418: Unknown Code
rfc9354.xml,https://www.rfc-editor.org/info/rfc3972,200
rfc9354.xml,https://www.rfc-editor.org/info/rfc3972,200
rfc9354.xml,https://www.rfc-editor.org/info/rfc4963,200
rfc9354.xml,https://www.rfc-editor.org/info/rfc4963,200
rfc9354.xml,https://www.rfc-editor.org/info/rfc5191,200
rfc9354.xml,https://www.rfc-editor.org/info/rfc5191,200
rfc9354.xml,https://www.rfc-editor.org/info/rfc5535,200
rfc9354.xml,https://www.rfc-editor.org/info/rfc5535,200
rfc9354.xml,https://www.rfc-editor.org/info/rfc7217,200
rfc9354.xml,https://www.rfc-editor.org/info/rfc7217,200
rfc9354.xml,https://www.rfc-editor.org/info/rfc7925,200
rfc9354.xml,https://www.rfc-editor.org/info/rfc7925,200
rfc9354.xml,https://www.rfc-editor.org/info/rfc7973,200
rfc9354.xml,https://www.rfc-editor.org/info/rfc7973,200
rfc9354.xml,https://www.rfc-editor.org/info/rfc8036,200
rfc9354.xml,https://www.rfc-editor.org/info/rfc8036,200
rfc9354.xml,https://www.rfc-editor.org/info/rfc8065,200
rfc9354.xml,https://www.rfc-editor.org/info/rfc8065,200
rfc9354.xml,https://www.rfc-editor.org/info/rfc8415,200
rfc9354.xml,https://www.rfc-editor.org/info/rfc8415,200
rfc9354.xml,https://www.rfc-editor.org/info/rfc8981,200
rfc9354.xml,https://www.rfc-editor.org/info/rfc8981,200
rfc9354.xml,https://www.rfc-editor.org/info/rfc9010,200
rfc9354.xml,https://www.rfc-editor.org/info/rfc9010,200
rfc9354.xml,https://www.rfc-editor.org/info/rfc9031,200
rfc9354.xml,https://www.rfc-editor.org/info/rfc9031,200
rfc9354.xml,https://www.rfc-editor.org/info/rfc9140,200
rfc9354.xml,https://www.rfc-editor.org/info/rfc9140,200
rfc9354.xml,https://ieeexplore.ieee.org/document/7467440,Connection error: HTTP Error 418: Unknown Code
rfc9354.xml,https://datatracker.ietf.org/doc/html/draft-ietf-6tisch-dtsecurity-zerotouch-join-04,200
rfc9354.xml,https://www.ietf.org/archive/id/draft-ietf-6tisch-dtsecurity-zerotouch-join-04.txt,200
rfc9558.xml,https://datatracker.ietf.org/doc/draft-makarenko-gost2012-dnssec-05,200
rfc9558.xml,https://dx.doi.org/10.17487/rfc9558,200
rfc9558.xml,https://www.rfc-editor.org/info/rfc9558,200
rfc9558.xml,https://trustee.ietf.org/license-info,200
rfc9558.xml,https://www.rfc-editor.org/info/rfc2119,200
rfc9558.xml,https://www.rfc-editor.org/info/rfc3110,200
rfc9558.xml,https://www.rfc-editor.org/info/rfc4033,200
rfc9558.xml,https://www.rfc-editor.org/info/rfc4034,200
rfc9558.xml,https://www.rfc-editor.org/info/rfc4035,200
rfc9558.xml,https://www.rfc-editor.org/info/rfc6840,200
rfc9558.xml,https://www.rfc-editor.org/info/rfc6986,200
rfc9558.xml,https://www.rfc-editor.org/info/rfc7091,200
rfc9558.xml,https://www.rfc-editor.org/info/rfc7583,200
rfc9558.xml,https://www.rfc-editor.org/info/rfc7836,200
rfc9558.xml,https://www.rfc-editor.org/info/rfc8174,200
rfc9558.xml,https://www.rfc-editor.org/info/rfc4509,200
rfc9558.xml,https://www.rfc-editor.org/info/rfc5280,200
rfc9558.xml,https://www.rfc-editor.org/info/rfc5933,200
rfc9558.xml,https://www.rfc-editor.org/info/rfc5958,200
rfc9558.xml,https://www.rfc-editor.org/info/rfc9215,200
rfc9582.xml,https://datatracker.ietf.org/doc/draft-ietf-sidrops-rfc6482bis-09,200
rfc9582.xml,https://dx.doi.org/10.17487/rfc9582,200
rfc9582.xml,https://www.rfc-editor.org/info/rfc9582,200
rfc9582.xml,https://trustee.ietf.org/license-info,200
rfc9582.xml,https://www.rfc-editor.org/info/rfc2119,200
rfc9582.xml,https://www.rfc-editor.org/info/rfc3779,200
rfc9582.xml,https://www.rfc-editor.org/info/rfc4291,200
rfc9582.xml,https://www.rfc-editor.org/info/rfc5652,200
rfc9582.xml,https://www.rfc-editor.org/info/rfc6268,200
rfc9582.xml,https://www.rfc-editor.org/info/rfc6481,200
rfc9582.xml,https://www.rfc-editor.org/info/rfc6482,200
rfc9582.xml,https://www.rfc-editor.org/info/rfc6487,200
rfc9582.xml,https://www.rfc-editor.org/info/rfc6488,200
rfc9582.xml,https://www.rfc-editor.org/info/rfc8174,200
rfc9582.xml,https://www.rfc-editor.org/info/rfc4648,200
rfc9582.xml,https://www.rfc-editor.org/info/rfc5280,200
rfc9582.xml,https://www.rfc-editor.org/info/rfc6480,200
rfc9582.xml,https://www.rfc-editor.org/info/rfc9319,200
rfc9582.xml,https://github.com/job/roasort,200
rfc9582.xml,https://github.com/benmaddison/roasort,200
rfc8690.xml,https://datatracker.ietf.org/doc/draft-ietf-mpls-rfc8287-len-clarification-04,200
rfc8690.xml,https://dx.doi.org/10.17487/rfc8690,200
rfc8690.xml,https://www.rfc-editor.org/info/rfc8690,200
rfc8690.xml,https://trustee.ietf.org/license-info,200
rfc8690.xml,https://www.rfc-editor.org/info/rfc2119,200
rfc8690.xml,https://www.rfc-editor.org/info/rfc8029,200
rfc8690.xml,https://www.rfc-editor.org/info/rfc8174,200
rfc8690.xml,https://www.rfc-editor.org/info/rfc8287,200
rfc8690.xml,https://www.rfc-editor.org/info/rfc8402,200
rfc9369.xml,https://datatracker.ietf.org/doc/draft-ietf-quic-v2-10,200
rfc9369.xml,https://dx.doi.org/10.17487/rfc9369,200
rfc9369.xml,https://www.rfc-editor.org/info/rfc9369,200
rfc9369.xml,https://trustee.ietf.org/license-info,200
rfc9369.xml,https://www.iana.org/assignments/quic,200
rfc9369.xml,https://www.rfc-editor.org/info/rfc9000,200
rfc9369.xml,https://www.rfc-editor.org/info/rfc9002,200
rfc9369.xml,https://www.rfc-editor.org/info/rfc9001,200
rfc9369.xml,https://www.rfc-editor.org/info/rfc9368,200
rfc9369.xml,https://www.rfc-editor.org/info/rfc2119,200
rfc9369.xml,https://www.rfc-editor.org/info/rfc8174,200
rfc9369.xml,https://www.rfc-editor.org/info/rfc9114,200
rfc9369.xml,https://www.rfc-editor.org/info/rfc8999,200
rfc9369.xml,https://www.rfc-editor.org/info/rfc7301,200
rfc9369.xml,https://www.rfc-editor.org/info/rfc7838,200
rfc9369.xml,https://www.rfc-editor.org/info/rfc9250,200
rfc9006.xml,https://datatracker.ietf.org/doc/draft-ietf-lwig-tcp-constrained-node-networks-13,200
rfc9006.xml,https://dx.doi.org/10.17487/rfc9006,200
rfc9006.xml,https://www.rfc-editor.org/info/rfc9006,200
rfc9006.xml,https://trustee.ietf.org/license-info,200
rfc9006.xml,https://www.rfc-editor.org/info/rfc793,200
rfc9006.xml,https://www.rfc-editor.org/info/rfc1122,200
rfc9006.xml,https://www.rfc-editor.org/info/rfc2018,200
rfc9006.xml,https://www.rfc-editor.org/info/rfc3042,200
rfc9006.xml,https://www.rfc-editor.org/info/rfc3168,200
rfc9006.xml,https://www.rfc-editor.org/info/rfc5681,200
rfc9006.xml,https://www.rfc-editor.org/info/rfc6298,200
rfc9006.xml,https://www.rfc-editor.org/info/rfc6691,200
rfc9006.xml,https://www.rfc-editor.org/info/rfc6928,200
rfc9006.xml,https://www.rfc-editor.org/info/rfc7228,200
rfc9006.xml,https://www.rfc-editor.org/info/rfc7323,200
rfc9006.xml,https://www.rfc-editor.org/info/rfc7413,200
rfc9006.xml,https://www.rfc-editor.org/info/rfc7567,200
rfc9006.xml,https://www.rfc-editor.org/info/rfc8200,200
rfc9006.xml,https://tools.ietf.org/html/draft-delcarpio-6lo-wlanah-01,200
rfc9006.xml,https://doi.org/10.1109/MCOM.2016.7509394,Connection error: HTTP Error 418: Unknown Code
rfc9006.xml,https://tools.ietf.org/html/draft-ietf-core-fasor-01,200
rfc9006.xml,https://www.ietf.org/internet-drafts/draft-ietf-core-fasor-01.txt,Connection error: HTTP Error 404: Not Found
rfc9006.xml,https://doi.org/10.1145/1066116.106611,Connection error: HTTP Error 404: Not Found
rfc9006.xml,https://doi.org/10.1016/j.comnet.2004.06.012,200
rfc9006.xml,https://doi.org/10.1145/1879141.1879174,Connection error: HTTP Error 403: Forbidden
rfc9006.xml,https://doi.org/10.1109/MIC.2018.112102200,Connection error: HTTP Error 418: Unknown Code
rfc9006.xml,https://www.rfc-editor.org/info/rfc2757,200
rfc9006.xml,https://www.rfc-editor.org/info/rfc2884,200
rfc9006.xml,https://www.rfc-editor.org/info/rfc3481,200
rfc9006.xml,https://www.rfc-editor.org/info/rfc3819,200
rfc9006.xml,https://www.rfc-editor.org/info/rfc4944,200
rfc9006.xml,https://www.rfc-editor.org/info/rfc5382,200
rfc9006.xml,https://www.rfc-editor.org/info/rfc5925,200
rfc9006.xml,https://www.rfc-editor.org/info/rfc6077,200
rfc9006.xml,https://www.rfc-editor.org/info/rfc6120,200
rfc9006.xml,https://www.rfc-editor.org/info/rfc6282,200
rfc9006.xml,https://www.rfc-editor.org/info/rfc6550,200
rfc9006.xml,https://www.rfc-editor.org/info/rfc6606,200
rfc9006.xml,https://www.rfc-editor.org/info/rfc6775,200
rfc9006.xml,https://www.rfc-editor.org/info/rfc7230,200
rfc9006.xml,https://www.rfc-editor.org/info/rfc7252,200
rfc9006.xml,https://www.rfc-editor.org/info/rfc7414,200
rfc9006.xml,https://www.rfc-editor.org/info/rfc7428,200
rfc9006.xml,https://www.rfc-editor.org/info/rfc7540,200
rfc9006.xml,https://www.rfc-editor.org/info/rfc7668,200
rfc9006.xml,https://www.rfc-editor.org/info/rfc8087,200
rfc9006.xml,https://www.rfc-editor.org/info/rfc8105,200
rfc9006.xml,https://www.rfc-editor.org/info/rfc8163,200
rfc9006.xml,https://www.rfc-editor.org/info/rfc8201,200
rfc9006.xml,https://www.rfc-editor.org/info/rfc8323,200
rfc9006.xml,https://www.rfc-editor.org/info/rfc8352,200
rfc9006.xml,https://www.rfc-editor.org/info/rfc8376,200
rfc9006.xml,https://www.rfc-editor.org/info/rfc8446,200
rfc9006.xml,https://www.rfc-editor.org/info/rfc8900,200
rfc9006.xml,https://www.rfc-editor.org/info/rfc8931,200
rfc9006.xml,https://www.rfc-editor.org/info/rfc8961,200
rfc9006.xml,https://doi.org/10.1109/JIOT.2018.2815038,Connection error: HTTP Error 418: Unknown Code
rfc9006.xml,https://doi.org/10.1145/863955.863966,Connection error: HTTP Error 403: Forbidden
rfc9006.xml,https://tools.ietf.org/html/draft-ietf-tcpm-generalized-ecn-07,200
rfc9006.xml,https://www.ietf.org/internet-drafts/draft-ietf-tcpm-generalized-ecn-07.txt,Connection error: HTTP Error 404: Not Found
rfc9187.xml,https://datatracker.ietf.org/doc/draft-touch-sne-02,200
rfc9187.xml,https://dx.doi.org/10.17487/rfc9187,200
rfc9187.xml,https://www.rfc-editor.org/info/rfc9187,200
rfc9187.xml,https://trustee.ietf.org/license-info,200
rfc9187.xml,https://www.rfc-editor.org/info/rfc793,200
rfc9187.xml,https://www.rfc-editor.org/info/rfc1034,200
rfc9187.xml,https://www.rfc-editor.org/info/rfc1035,200
rfc9187.xml,https://www.rfc-editor.org/info/rfc1982,200
rfc9187.xml,https://www.rfc-editor.org/info/rfc5925,200
rfc9187.xml,https://www.rfc-editor.org/info/rfc7323,200
rfc8959.xml,https://datatracker.ietf.org/doc/draft-nottingham-how-did-that-get-into-the-repo-02,200
rfc8959.xml,https://dx.doi.org/10.17487/rfc8959,200
rfc8959.xml,https://www.rfc-editor.org/info/rfc8959,200
rfc8959.xml,https://trustee.ietf.org/license-info,200
rfc8959.xml,https://www.rfc-editor.org/info/rfc2119,200
rfc8959.xml,https://www.rfc-editor.org/info/rfc3629,200
rfc8959.xml,https://www.rfc-editor.org/info/rfc3986,200
rfc8959.xml,https://www.rfc-editor.org/info/rfc5234,200
rfc8959.xml,https://www.rfc-editor.org/info/rfc8174,200
rfc8959.xml,https://www.rfc-editor.org/info/rfc4086,200
rfc8959.xml,https://www.rfc-editor.org/info/rfc6750,200
rfc9403.xml,https://datatracker.ietf.org/doc/draft-ietf-rtgwg-yang-rib-extend-24,200
rfc9403.xml,https://dx.doi.org/10.17487/rfc9403,200
rfc9403.xml,https://www.rfc-editor.org/info/rfc9403,200
rfc9403.xml,https://trustee.ietf.org/license-info,200
rfc9403.xml,https://www.rfc-editor.org/info/rfc3688,200
rfc9403.xml,https://www.rfc-editor.org/info/rfc6020,200
rfc9403.xml,https://www.rfc-editor.org/info/rfc6241,200
rfc9403.xml,https://www.rfc-editor.org/info/rfc6242,200
rfc9403.xml,https://www.rfc-editor.org/info/rfc6991,200
rfc9403.xml,https://www.rfc-editor.org/info/rfc7950,200
rfc9403.xml,https://www.rfc-editor.org/info/rfc8040,200
rfc9403.xml,https://www.rfc-editor.org/info/rfc8341,200
rfc9403.xml,https://www.rfc-editor.org/info/rfc8342,200
rfc9403.xml,https://www.rfc-editor.org/info/rfc8343,200
rfc9403.xml,https://www.rfc-editor.org/info/rfc8349,200
rfc9403.xml,https://www.rfc-editor.org/info/rfc8446,200
rfc9403.xml,https://www.rfc-editor.org/info/rfc9129,200
rfc9403.xml,https://www.rfc-editor.org/info/rfc9130,200
rfc9403.xml,https://www.w3.org/TR/2008/REC-xml-20081126,200
rfc9403.xml,https://www.rfc-editor.org/info/rfc5714,200
rfc9403.xml,https://www.rfc-editor.org/info/rfc7951,200
rfc9403.xml,https://www.rfc-editor.org/info/rfc8340,200
rfc9403.xml,https://www.rfc-editor.org/info/rfc8792,200
rfc9119.xml,https://datatracker.ietf.org/doc/draft-ietf-mboned-ieee802-mcast-problems-15,200
rfc9119.xml,https://dx.doi.org/10.17487/rfc9119,200
rfc9119.xml,https://www.rfc-editor.org/info/rfc9119,200
rfc9119.xml,https://trustee.ietf.org/license-info,200
rfc9119.xml,http://citeseerx.ist.psu.edu/viewdoc/summary?doi=10.1.1.182.4692,200
rfc9119.xml,https://github.com/torvalds/linux/commit/6db6f0e,200
rfc9119.xml,https://patchwork.kernel.org/patch/2687951/,200
rfc9119.xml,http://ripe61.ripe.net/presentations/138-Deri_RIPE_61.pdf,200
rfc9119.xml,https://standards.ieee.org/standard/802_11-2020.html,Connection error: HTTP Error 403: Forbidden
rfc9119.xml,https://mentor.ieee.org/802.11/dcn/15/11-15-1015-01-00ax-proxy-arp-in-802-11ax.pptx,Connection error: HTTP Error 418: Unknown Code
rfc9119.xml,https://standards.ieee.org/standard/802_11aa-2012.html,Connection error: HTTP Error 403: Forbidden
rfc9119.xml,https://superuser.com/questions/730288/why-do-some-wifi-routers-block-multicast-packets-going-from-wired-to-wireless,Connection error: HTTP Error 403: Forbidden
rfc9119.xml,https://www.ieee802.org/1/pages/802.1ak.html,200
rfc9119.xml,https://mentor.ieee.org/802.11/dcn/15/11-15-1261-03-0arc-multicast-performance-optimization-features-overview-for-ietf-nov-2015.ppt,Connection error: HTTP Error 418: Unknown Code
rfc9119.xml,https://www.iab.org/wp-content/IAB-uploads/2013/01/multicast-problem-statement.pptx,Connection error: HTTP Error 403: Forbidden
rfc9119.xml,https://mentor.ieee.org/802.11/dcn/15/11-15-1161-02-0arc-802-11-multicast-properties.ppt,Connection error: HTTP Error 418: Unknown Code
rfc9119.xml,https://doi.org/10.1109/WoWMoM.2013.6583394,Connection error: HTTP Error 418: Unknown Code
rfc9119.xml,https://www.rfc-editor.org/info/rfc826,200
rfc9119.xml,https://www.rfc-editor.org/info/rfc2131,200
rfc9119.xml,https://www.rfc-editor.org/info/rfc4286,200
rfc9119.xml,https://www.rfc-editor.org/info/rfc4541,200
rfc9119.xml,https://www.rfc-editor.org/info/rfc4601,200
rfc9119.xml,https://www.rfc-editor.org/info/rfc4861,200
rfc9119.xml,https://www.rfc-editor.org/info/rfc4862,200
rfc9119.xml,https://www.rfc-editor.org/info/rfc5757,200
rfc9119.xml,https://www.rfc-editor.org/info/rfc5796,200
rfc9119.xml,https://www.rfc-editor.org/info/rfc6282,200
rfc9119.xml,https://www.rfc-editor.org/info/rfc6762,200
rfc9119.xml,https://www.rfc-editor.org/info/rfc6763,200
rfc9119.xml,https://www.rfc-editor.org/info/rfc6775,200
rfc9119.xml,https://www.rfc-editor.org/info/rfc6970,200
rfc9119.xml,https://www.rfc-editor.org/info/rfc7450,200
rfc9119.xml,https://www.rfc-editor.org/info/rfc7761,200
rfc9119.xml,https://www.rfc-editor.org/info/rfc8415,200
rfc9119.xml,https://www.rfc-editor.org/info/rfc8505,200
rfc9119.xml,https://www.rfc-editor.org/info/rfc8777,200
rfc9119.xml,https://www.rfc-editor.org/info/rfc8929,200
rfc9119.xml,https://www.rfc-editor.org/info/rfc9030,200
rfc9119.xml,https://mentor.ieee.org/802.15/dcn/15/15-15-0521-01-wng0-llc-proposal-for-802-15-4.pptx,Connection error: HTTP Error 418: Unknown Code
rfc9119.xml,https://ieeexplore.ieee.org/document/5716530,Connection error: HTTP Error 418: Unknown Code
rfc9703.xml,https://datatracker.ietf.org/doc/draft-ietf-mpls-sr-epe-oam-19,200
rfc9703.xml,https://dx.doi.org/10.17487/rfc9703,200
rfc9703.xml,https://www.rfc-editor.org/info/rfc9703,200
rfc9703.xml,https://trustee.ietf.org/license-info,200
rfc9703.xml,https://www.rfc-editor.org/info/rfc2119,200
rfc9703.xml,https://www.rfc-editor.org/info/rfc6793,200
rfc9703.xml,https://www.rfc-editor.org/info/rfc8029,200
rfc9703.xml,https://www.rfc-editor.org/info/rfc8174,200
rfc9703.xml,https://www.rfc-editor.org/info/rfc8287,200
rfc9703.xml,https://www.rfc-editor.org/info/rfc8690,200
rfc9703.xml,https://www.rfc-editor.org/info/rfc9086,200
rfc9703.xml,https://www.iana.org/assignments/mpls-lsp-ping-parameters,200
rfc9703.xml,https://www.rfc-editor.org/info/rfc4271,200
rfc9703.xml,https://www.rfc-editor.org/info/rfc5065,200
rfc9703.xml,https://www.rfc-editor.org/info/rfc6286,200
rfc9703.xml,https://www.rfc-editor.org/info/rfc7705,200
rfc9703.xml,https://www.rfc-editor.org/info/rfc8403,200
rfc9703.xml,https://www.rfc-editor.org/info/rfc8664,200
rfc9703.xml,https://www.rfc-editor.org/info/rfc9087,200
rfc9703.xml,https://www.rfc-editor.org/info/rfc9256,200
rfc9703.xml,https://datatracker.ietf.org/doc/html/draft-ietf-idr-sr-policy-safi-10,200
rfc9703.xml,https://datatracker.ietf.org/doc/html/draft-ietf-idr-bgp-sr-segtypes-ext-06,200
rfc9622.xml,https://datatracker.ietf.org/doc/draft-ietf-taps-interface-26,200
rfc9622.xml,https://dx.doi.org/10.17487/rfc9622,200
rfc9622.xml,https://www.rfc-editor.org/info/rfc9622,200
rfc9622.xml,https://trustee.ietf.org/license-info,200
rfc9622.xml,https://www.iana.org/assignments/protocol-numbers/,200
rfc9622.xml,https://www.iana.org/assignments/service-names-port-numbers/,200
rfc9622.xml,https://www.rfc-editor.org/info/rfc7301,200
rfc9622.xml,https://www.rfc-editor.org/info/rfc2119,200
rfc9622.xml,https://www.rfc-editor.org/info/rfc8174,200
rfc9622.xml,https://www.rfc-editor.org/info/RFC9621,Connection error: HTTP Error 404: Not Found
rfc9622.xml,https://www.rfc-editor.org/info/rfc1122,200
rfc9622.xml,https://www.rfc-editor.org/info/rfc2474,200
rfc9622.xml,https://www.rfc-editor.org/info/rfc2597,200
rfc9622.xml,https://www.rfc-editor.org/info/rfc2914,200
rfc9622.xml,https://www.rfc-editor.org/info/rfc3246,200
rfc9622.xml,https://www.rfc-editor.org/info/rfc3261,200
rfc9622.xml,https://www.rfc-editor.org/info/rfc4291,200
rfc9622.xml,https://www.rfc-editor.org/info/rfc4594,200
rfc9622.xml,https://www.rfc-editor.org/info/rfc5280,200
rfc9622.xml,https://www.rfc-editor.org/info/rfc5482,200
rfc9622.xml,https://www.rfc-editor.org/info/rfc5865,200
rfc9622.xml,https://www.rfc-editor.org/info/rfc7478,200
rfc9622.xml,https://www.rfc-editor.org/info/rfc7556,200
rfc9622.xml,https://www.rfc-editor.org/info/rfc7657,200
rfc9622.xml,https://www.rfc-editor.org/info/rfc791,200
rfc9622.xml,https://www.rfc-editor.org/info/rfc8084,200
rfc9622.xml,https://www.rfc-editor.org/info/rfc8085,200
rfc9622.xml,https://www.rfc-editor.org/info/rfc8095,200
rfc9622.xml,https://www.rfc-editor.org/info/rfc8126,200
rfc9622.xml,https://www.rfc-editor.org/info/rfc8260,200
rfc9622.xml,https://www.rfc-editor.org/info/rfc8293,200
rfc9622.xml,https://www.rfc-editor.org/info/rfc8303,200
rfc9622.xml,https://www.rfc-editor.org/info/rfc8445,200
rfc9622.xml,https://www.rfc-editor.org/info/rfc8446,200
rfc9622.xml,https://www.rfc-editor.org/info/rfc8489,200
rfc9622.xml,https://www.rfc-editor.org/info/rfc8546,200
rfc9622.xml,https://www.rfc-editor.org/info/rfc8622,200
rfc9622.xml,https://www.rfc-editor.org/info/rfc8656,200
rfc9622.xml,https://www.rfc-editor.org/info/rfc8699,200
rfc9622.xml,https://www.rfc-editor.org/info/rfc8801,200
rfc9622.xml,https://www.rfc-editor.org/info/rfc8838,200
rfc9622.xml,https://www.rfc-editor.org/info/rfc8899,200
rfc9622.xml,https://www.rfc-editor.org/info/rfc8922,200
rfc9622.xml,https://www.rfc-editor.org/info/rfc8923,200
rfc9622.xml,https://www.rfc-editor.org/info/rfc8981,200
rfc9622.xml,https://www.rfc-editor.org/info/rfc9218,200
rfc9622.xml,https://www.rfc-editor.org/info/rfc9329,200
rfc9622.xml,https://www.rfc-editor.org/info/rfc9623,200
rfc9622.xml,https://ieeexplore.ieee.org/document/8406887,Connection error: HTTP Error 418: Unknown Code
rfc9269.xml,https://datatracker.ietf.org/doc/draft-irtf-icnrg-icn-lte-4g-12,200
rfc9269.xml,https://dx.doi.org/10.17487/rfc9269,200
rfc9269.xml,https://www.rfc-editor.org/info/rfc9269,200
rfc9269.xml,https://trustee.ietf.org/license-info,200
rfc9269.xml,https://www.3gpp.org/ftp/Specs/html-info/24008.htm,Connection error: HTTP Error 403: Forbidden: Access is denied.
rfc9269.xml,https://www.3gpp.org/ftp/Specs/html-info/25323.htm,Connection error: HTTP Error 403: Forbidden: Access is denied.
rfc9269.xml,https://www.3gpp.org/ftp/Specs/html-info/29274.htm,Connection error: HTTP Error 403: Forbidden: Access is denied.
rfc9269.xml,https://www.3gpp.org/ftp/Specs/html-info/29281.htm,Connection error: HTTP Error 403: Forbidden: Access is denied.
rfc9269.xml,https://www.3gpp.org/ftp/Specs/html-info/36323.htm,Connection error: HTTP Error 403: Forbidden: Access is denied.
rfc9269.xml,https://dl.acm.org/citation.cfm?id=2812601,Connection error: HTTP Error 403: Forbidden
rfc9269.xml,https://ieeexplore.ieee.org/document/4086687,Connection error: HTTP Error 418: Unknown Code
rfc9269.xml,https://wiki.fd.io/index.php?title=Cicn&oldid=10316,200
rfc9269.xml,https://ieeexplore.ieee.org/document/7113228,Connection error: HTTP Error 418: Unknown Code
rfc9269.xml,https://ieeexplore.ieee.org/document/9105941,Connection error: HTTP Error 418: Unknown Code
rfc9269.xml,https://www.3gpp.org/news-events/3gpp-news/1882-cups,200
rfc9269.xml,https://dl.acm.org/doi/10.1145/2660129.2666711,Connection error: HTTP Error 403: Forbidden
rfc9269.xml,https://datatracker.ietf.org/doc/html/draft-galis-anima-autonomic-slice-networking-05,200
rfc9269.xml,https://www.ciscopress.com/store/ip-design-for-mobile-networks-9781587058264,200
rfc9269.xml,https://datatracker.ietf.org/doc/html/draft-muscariello-intarea-hicn-04,200
rfc9269.xml,https://datatracker.ietf.org/doc/html/draft-irtf-icnrg-5gc-icn-04,200
rfc9269.xml,https://ieeexplore.ieee.org/document/7037079,Connection error: HTTP Error 418: Unknown Code
rfc9269.xml,https://ieeexplore.ieee.org/document/7194109,Connection error: HTTP Error 418: Unknown Code
rfc9269.xml,https://ieeexplore.ieee.org/document/7114719,Connection error: HTTP Error 418: Unknown Code
rfc9269.xml,https://www.etsi.org/deliver/etsi_gs/MEC/001_099/003/01.01.01_60/gs_MEC003v010101p.pdf,200
rfc9269.xml,https://ieeexplore.ieee.org/document/7169810,Connection error: HTTP Error 418: Unknown Code
rfc9269.xml,https://www.mecs-press.org/ijcnis/ijcnis-v9-n1/v9n1-7.html,200
rfc9269.xml,https://doi.org/10.1587/transcom.2015AMI0002,200
rfc9269.xml,https://www.ngmn.org/wp-content/uploads/Publications/2015/150929_NGMN_P-SmallCells_Backhaul_for_LTE-Advanced_and_Small_Cells.pdf,200
rfc9269.xml,https://www.nsnam.org/docs/models/html/lte-design.html#epc-model,200
rfc9269.xml,https://www.nsnam.org/docs/models/html/lte-design.html#lte-model,200
rfc9269.xml,https://ieeexplore.ieee.org/document/6953022,Connection error: HTTP Error 418: Unknown Code
rfc9269.xml,https://dl.acm.org/doi/10.5555/1817271.1817379,Connection error: HTTP Error 403: Forbidden
rfc9269.xml,https://www.open5gcore.org,200
rfc9269.xml,https://datatracker.ietf.org/doc/html/draft-anilj-icnrg-dnc-qos-icn-02,200
rfc9269.xml,https://www.rfc-editor.org/info/rfc4594,200
rfc9269.xml,https://www.rfc-editor.org/info/rfc6459,200
rfc9269.xml,https://www.rfc-editor.org/info/rfc7476,200
rfc9269.xml,https://www.rfc-editor.org/info/rfc7927,200
rfc9269.xml,https://www.rfc-editor.org/info/rfc7945,200
rfc9269.xml,https://www.rfc-editor.org/info/rfc8569,200
rfc9269.xml,https://www.rfc-editor.org/info/rfc8609,200
rfc9269.xml,https://www.rfc-editor.org/info/rfc9064,200
rfc9269.xml,https://www.rfc-editor.org/info/rfc9139,200
rfc9269.xml,https://ieeexplore.ieee.org/document/7496561,Connection error: HTTP Error 418: Unknown Code
rfc9269.xml,https://datatracker.ietf.org/meeting/interim-2016-icnrg-02/materials/slides-interim-2016-icnrg-2-7,200
rfc9269.xml,https://ieeexplore.ieee.org/document/8027034,Connection error: HTTP Error 418: Unknown Code
rfc9269.xml,https://www.3gpp.org/ftp/Specs/html-info/23203.htm,Connection error: HTTP Error 403: Forbidden: Access is denied.
rfc9269.xml,https://www.3gpp.org/ftp/Specs/html-info/23401.htm,Connection error: HTTP Error 403: Forbidden: Access is denied.
rfc9269.xml,https://www.3gpp.org/ftp/Specs/html-info/23501.htm,Connection error: HTTP Error 403: Forbidden: Access is denied.
rfc9269.xml,https://www.3gpp.org/ftp/Specs/html-info/23714.htm,Connection error: HTTP Error 403: Forbidden: Access is denied.
rfc9269.xml,https://www.3gpp.org/ftp/Specs/html-info/29060.htm,Connection error: HTTP Error 403: Forbidden: Access is denied.
rfc9269.xml,https://www.3gpp.org/ftp/Specs/html-info/29336.htm,Connection error: HTTP Error 403: Forbidden: Access is denied.
rfc9269.xml,https://www.3gpp.org/ftp/Specs/html-info/33310.htm,Connection error: HTTP Error 403: Forbidden: Access is denied.
rfc9269.xml,https://www.3gpp.org/ftp/Specs/html-info/33320.htm,Connection error: HTTP Error 403: Forbidden: Access is denied.
rfc9002.xml,https://dx.doi.org/10.17487/rfc9002,200
rfc9002.xml,https://datatracker.ietf.org/doc/draft-ietf-quic-recovery-34,200
rfc9002.xml,https://www.rfc-editor.org/info/rfc9002,200
rfc9002.xml,https://trustee.ietf.org/license-info,200
rfc9002.xml,https://www.rfc-editor.org/info/rfc9001,200
rfc9002.xml,https://www.rfc-editor.org/info/rfc9000,200
rfc9002.xml,https://www.rfc-editor.org/info/rfc2119,200
rfc9002.xml,https://www.rfc-editor.org/info/rfc3168,200
rfc9002.xml,https://www.rfc-editor.org/info/rfc8085,200
rfc9002.xml,https://www.rfc-editor.org/info/rfc8174,200
rfc9002.xml,https://doi.org/10.1145/248157.248181,Connection error: HTTP Error 403: Forbidden
rfc9002.xml,https://www.rfc-editor.org/info/rfc6937,200
rfc9002.xml,https://doi.org/10.1145/118544.118549,Connection error: HTTP Error 403: Forbidden
rfc9002.xml,https://www.rfc-editor.org/info/rfc2018,200
rfc9002.xml,https://www.rfc-editor.org/info/rfc3465,200
rfc9002.xml,https://www.rfc-editor.org/info/rfc5681,200
rfc9002.xml,https://www.rfc-editor.org/info/rfc5682,200
rfc9002.xml,https://www.rfc-editor.org/info/rfc5827,200
rfc9002.xml,https://www.rfc-editor.org/info/rfc6298,200
rfc9002.xml,https://www.rfc-editor.org/info/rfc6582,200
rfc9002.xml,https://www.rfc-editor.org/info/rfc6675,200
rfc9002.xml,https://www.rfc-editor.org/info/rfc6928,200
rfc9002.xml,https://www.rfc-editor.org/info/rfc7661,200
rfc9002.xml,https://www.rfc-editor.org/info/rfc8311,200
rfc9002.xml,https://www.rfc-editor.org/info/rfc8312,200
rfc9002.xml,https://www.rfc-editor.org/info/rfc8511,200
rfc9002.xml,https://www.rfc-editor.org/info/rfc8985,200
rfc9348.xml,https://datatracker.ietf.org/doc/draft-ietf-ipsecme-yang-iptfs-11,200
rfc9348.xml,https://dx.doi.org/10.17487/rfc9348,200
rfc9348.xml,https://www.rfc-editor.org/info/rfc9348,200
rfc9348.xml,https://trustee.ietf.org/license-info,200
rfc9348.xml,https://www.rfc-editor.org/info/rfc4301,200
rfc9348.xml,https://www.rfc-editor.org/info/rfc4301,200
rfc9348.xml,https://www.rfc-editor.org/info/rfc6020,200
rfc9348.xml,https://www.rfc-editor.org/info/rfc6020,200
rfc9348.xml,https://www.rfc-editor.org/info/rfc6241,200
rfc9348.xml,https://www.rfc-editor.org/info/rfc6241,200
rfc9348.xml,https://www.rfc-editor.org/info/rfc6242,200
rfc9348.xml,https://www.rfc-editor.org/info/rfc6242,200
rfc9348.xml,https://www.rfc-editor.org/info/rfc6991,200
rfc9348.xml,https://www.rfc-editor.org/info/rfc6991,200
rfc9348.xml,https://www.rfc-editor.org/info/rfc7950,200
rfc9348.xml,https://www.rfc-editor.org/info/rfc7950,200
rfc9348.xml,https://www.rfc-editor.org/info/rfc8040,200
rfc9348.xml,https://www.rfc-editor.org/info/rfc8040,200
rfc9348.xml,https://www.rfc-editor.org/info/rfc8341,200
rfc9348.xml,https://www.rfc-editor.org/info/rfc8341,200
rfc9348.xml,https://www.rfc-editor.org/info/rfc8342,200
rfc9348.xml,https://www.rfc-editor.org/info/rfc8342,200
rfc9348.xml,https://www.rfc-editor.org/info/rfc8446,200
rfc9348.xml,https://www.rfc-editor.org/info/rfc8446,200
rfc9348.xml,https://www.rfc-editor.org/info/rfc9061,200
rfc9348.xml,https://www.rfc-editor.org/info/rfc9061,200
rfc9348.xml,https://www.rfc-editor.org/info/rfc9347,200
rfc9348.xml,https://www.rfc-editor.org/info/rfc3688,200
rfc9348.xml,https://www.rfc-editor.org/info/rfc3688,200
rfc9348.xml,https://www.rfc-editor.org/info/rfc5348,200
rfc9348.xml,https://www.rfc-editor.org/info/rfc5348,200
rfc9348.xml,https://www.rfc-editor.org/info/rfc8340,200
rfc9348.xml,https://www.rfc-editor.org/info/rfc8340,200
rfc9546.xml,https://datatracker.ietf.org/doc/draft-ietf-detnet-mpls-oam-15,200
rfc9546.xml,https://dx.doi.org/10.17487/rfc9546,200
rfc9546.xml,https://www.rfc-editor.org/info/rfc9546,200
rfc9546.xml,https://trustee.ietf.org/license-info,200
rfc9546.xml,https://www.rfc-editor.org/info/rfc2119,200
rfc9546.xml,https://www.rfc-editor.org/info/rfc7023,200
rfc9546.xml,https://www.rfc-editor.org/info/rfc8174,200
rfc9546.xml,https://www.rfc-editor.org/info/rfc8655,200
rfc9546.xml,https://www.rfc-editor.org/info/rfc8964,200
rfc9546.xml,https://www.rfc-editor.org/info/rfc9025,200
rfc9546.xml,https://www.iana.org/assignments/g-ach-parameters/,200
rfc9546.xml,https://doi.org/10.1109/IEEESTD.2018.8403927,Connection error: HTTP Error 418: Unknown Code
rfc9546.xml,https://1.ieee802.org/tsn/,Connection error: HTTP Error 403: Forbidden
rfc9546.xml,https://datatracker.ietf.org/doc/html/draft-ietf-detnet-oam-framework-11,200
rfc9546.xml,https://www.rfc-editor.org/info/rfc3985,200
rfc9546.xml,https://www.rfc-editor.org/info/rfc4385,200
rfc9546.xml,https://www.rfc-editor.org/info/rfc4928,200
rfc9546.xml,https://www.rfc-editor.org/info/rfc5880,200
rfc9546.xml,https://www.rfc-editor.org/info/rfc5885,200
rfc9546.xml,https://www.rfc-editor.org/info/rfc6049,200
rfc9546.xml,https://www.rfc-editor.org/info/rfc6374,200
rfc9546.xml,https://www.rfc-editor.org/info/rfc7799,200
rfc9546.xml,https://www.rfc-editor.org/info/rfc8029,200
rfc9546.xml,https://www.rfc-editor.org/info/rfc8126,200
rfc9546.xml,https://www.rfc-editor.org/info/rfc8762,200
rfc9546.xml,https://www.rfc-editor.org/info/rfc8972,200
rfc9546.xml,https://www.rfc-editor.org/info/rfc9037,200
rfc9546.xml,https://www.rfc-editor.org/info/rfc9055,200
rfc9017.xml,https://datatracker.ietf.org/doc/draft-ietf-mpls-spl-terminology-06,200
rfc9017.xml,https://dx.doi.org/10.17487/rfc9017,200
rfc9017.xml,https://www.rfc-editor.org/info/rfc9017,200
rfc9017.xml,https://trustee.ietf.org/license-info,200
rfc9017.xml,https://www.iana.org/assignments/mpls-label-values/,200
rfc9017.xml,https://www.iana.org/assignments/mpls-label-values/,200
rfc9017.xml,https://www.rfc-editor.org/info/rfc2119,200
rfc9017.xml,https://www.rfc-editor.org/info/rfc3032,200
rfc9017.xml,https://www.rfc-editor.org/info/rfc7274,200
rfc9017.xml,https://www.rfc-editor.org/info/rfc8174,200
rfc9017.xml,https://www.iana.org/assignments/mpls-label-values/,200
rfc9017.xml,https://www.rfc-editor.org/info/rfc8595,200
rfc9663.xml,https://datatracker.ietf.org/doc/draft-ietf-v6ops-dhcp-pd-per-device-08,200
rfc9663.xml,https://dx.doi.org/10.17487/rfc9663,200
rfc9663.xml,https://www.rfc-editor.org/info/rfc9663,200
rfc9663.xml,https://trustee.ietf.org/license-info,200
rfc9663.xml,https://www.rfc-editor.org/info/rfc2119,200
rfc9663.xml,https://www.rfc-editor.org/info/rfc4193,200
rfc9663.xml,https://www.rfc-editor.org/info/rfc5460,200
rfc9663.xml,https://www.rfc-editor.org/info/rfc6620,200
rfc9663.xml,https://www.rfc-editor.org/info/rfc6877,200
rfc9663.xml,https://www.rfc-editor.org/info/rfc7084,200
rfc9663.xml,https://www.rfc-editor.org/info/rfc8168,200
rfc9663.xml,https://www.rfc-editor.org/info/rfc8174,200
rfc9663.xml,https://www.rfc-editor.org/info/rfc8273,200
rfc9663.xml,https://www.rfc-editor.org/info/rfc8415,200
rfc9663.xml,https://www.rfc-editor.org/info/rfc8981,200
rfc9663.xml,https://www.rfc-editor.org/info/rfc8987,200
rfc9663.xml,https://datatracker.ietf.org/doc/html/draft-ietf-dhc-addr-notification-13,200
rfc9663.xml,https://datatracker.ietf.org/doc/html/draft-ietf-opsec-ipv6-addressing-00,200
rfc9663.xml,https://datatracker.ietf.org/doc/html/draft-ietf-6man-pio-pflag-11,200
rfc9663.xml,https://www.rfc-editor.org/info/rfc3704,200
rfc9663.xml,https://www.rfc-editor.org/info/rfc4861,200
rfc9663.xml,https://www.rfc-editor.org/info/rfc4862,200
rfc9663.xml,https://www.rfc-editor.org/info/rfc6459,200
rfc9663.xml,https://www.rfc-editor.org/info/rfc6583,200
rfc9663.xml,https://www.rfc-editor.org/info/rfc7039,200
rfc9663.xml,https://www.rfc-editor.org/info/rfc7278,200
rfc9663.xml,https://www.rfc-editor.org/info/rfc7348,200
rfc9663.xml,https://www.rfc-editor.org/info/rfc7421,200
rfc9663.xml,https://www.rfc-editor.org/info/rfc7513,200
rfc9663.xml,https://www.rfc-editor.org/info/rfc7653,200
rfc9663.xml,https://www.rfc-editor.org/info/rfc7934,200
rfc9663.xml,https://www.rfc-editor.org/info/rfc8200,200
rfc9663.xml,https://datatracker.ietf.org/doc/html/draft-ietf-dhc-rfc8415bis-05,200
rfc9663.xml,https://www.rfc-editor.org/info/rfc8501,200
rfc9663.xml,https://www.rfc-editor.org/info/rfc8504,200
rfc9663.xml,https://datatracker.ietf.org/doc/html/draft-ietf-snac-simple-05,200
rfc9602.xml,https://datatracker.ietf.org/doc/draft-ietf-6man-sids-06,200
rfc9602.xml,https://dx.doi.org/10.17487/rfc9602,200
rfc9602.xml,https://www.rfc-editor.org/info/rfc9602,200
rfc9602.xml,https://trustee.ietf.org/license-info,200
rfc9602.xml,https://www.rfc-editor.org/info/bcp198,200
rfc9602.xml,https://www.rfc-editor.org/info/rfc7608,200
rfc9602.xml,https://www.rfc-editor.org/info/rfc2119,200
rfc9602.xml,https://www.rfc-editor.org/info/rfc4291,200
rfc9602.xml,https://www.rfc-editor.org/info/rfc8174,200
rfc9602.xml,https://www.rfc-editor.org/info/rfc8402,200
rfc9602.xml,https://www.rfc-editor.org/info/rfc8754,200
rfc9602.xml,https://www.rfc-editor.org/info/rfc8986,200
rfc9602.xml,https://datatracker.ietf.org/doc/html/draft-ietf-spring-srv6-srh-compression-18,200
rfc9602.xml,https://www.rfc-editor.org/info/rfc6052,200
rfc9602.xml,https://www.rfc-editor.org/info/rfc6169,200
rfc9602.xml,https://www.rfc-editor.org/info/rfc7343,200
rfc9602.xml,https://www.rfc-editor.org/info/rfc9499,200
rfc9602.xml,https://www.iana.org/assignments/iana-ipv6-special-registry,200
rfc9688.xml,https://datatracker.ietf.org/doc/draft-ietf-lamps-cms-sha3-hash-04,200
rfc9688.xml,https://dx.doi.org/10.17487/rfc9688,200
rfc9688.xml,https://www.rfc-editor.org/info/rfc9688,200
rfc9688.xml,https://trustee.ietf.org/license-info,200
rfc9688.xml,https://webstore.ansi.org/standards/ascx9/ansix9442007r2017,Connection error: HTTP Error 403: Forbidden
rfc9688.xml,https://nvlpubs.nist.gov/nistpubs/FIPS/NIST.FIPS.186-5.pdf,200
rfc9688.xml,https://nvlpubs.nist.gov/nistpubs/SpecialPublications/NIST.SP.800-108r1-upd1.pdf,200
rfc9688.xml,https://nvlpubs.nist.gov/nistpubs/SpecialPublications/NIST.SP.800-185.pdf,200
rfc9688.xml,https://www.rfc-editor.org/info/rfc2104,200
rfc9688.xml,https://www.rfc-editor.org/info/rfc2119,200
rfc9688.xml,https://www.rfc-editor.org/info/rfc3279,200
rfc9688.xml,https://www.rfc-editor.org/info/rfc5480,200
rfc9688.xml,https://www.rfc-editor.org/info/rfc5652,200
rfc9688.xml,https://www.rfc-editor.org/info/rfc5869,200
rfc9688.xml,https://www.rfc-editor.org/info/rfc5912,200
rfc9688.xml,https://www.rfc-editor.org/info/rfc8017,200
rfc9688.xml,https://www.rfc-editor.org/info/rfc8174,200
rfc9688.xml,http://nvlpubs.nist.gov/nistpubs/FIPS/NIST.FIPS.202.pdf,200
rfc9688.xml,https://www.itu.int/rec/T-REC-X.680-202102-I/en,200
rfc9688.xml,https://www.itu.int/rec/T-REC-X.690-202102-I/en,200
rfc9688.xml,https://www.iana.org/assignments/smi-numbers/,200
rfc9688.xml,https://www.iana.org/assignments/smi-numbers/,200
rfc9688.xml,https://www.rfc-editor.org/info/rfc4086,200
rfc9688.xml,https://www.rfc-editor.org/info/rfc8702,200
rfc9688.xml,https://www.rfc-editor.org/info/rfc9629,200
rfc9714.xml,https://datatracker.ietf.org/doc/draft-ietf-mpls-inband-pm-encapsulation-18,200
rfc9714.xml,https://dx.doi.org/10.17487/rfc9714,200
rfc9714.xml,https://www.rfc-editor.org/info/rfc9714,200
rfc9714.xml,https://trustee.ietf.org/license-info,200
rfc9714.xml,https://www.rfc-editor.org/info/rfc2119,200
rfc9714.xml,https://www.rfc-editor.org/info/rfc3031,200
rfc9714.xml,https://www.rfc-editor.org/info/rfc3032,200
rfc9714.xml,https://www.rfc-editor.org/info/rfc8174,200
rfc9714.xml,https://www.rfc-editor.org/info/rfc9017,200
rfc9714.xml,https://datatracker.ietf.org/doc/html/draft-ietf-ippm-alt-mark-deployment-02,200
rfc9714.xml,https://www.rfc-editor.org/info/rfc4026,200
rfc9714.xml,https://www.rfc-editor.org/info/rfc6790,200
rfc9714.xml,https://www.rfc-editor.org/info/rfc7011,200
rfc9714.xml,https://www.rfc-editor.org/info/rfc8372,200
rfc9714.xml,https://www.rfc-editor.org/info/rfc8662,200
rfc9714.xml,https://www.rfc-editor.org/info/rfc8957,200
rfc9714.xml,https://www.rfc-editor.org/info/rfc9341,200
rfc9714.xml,https://www.rfc-editor.org/info/rfc9613,200
rfc9204.xml,https://dx.doi.org/10.17487/rfc9204,200
rfc9204.xml,https://datatracker.ietf.org/doc/draft-ietf-quic-qpack-latest,200
rfc9204.xml,https://www.rfc-editor.org/info/rfc9204,200
rfc9204.xml,https://trustee.ietf.org/license-info,200
rfc9204.xml,https://www.rfc-editor.org/info/rfc9110,200
rfc9204.xml,https://www.rfc-editor.org/info/rfc9114,200
rfc9204.xml,https://www.rfc-editor.org/info/rfc9000,200
rfc9204.xml,https://www.rfc-editor.org/info/rfc2119,200
rfc9204.xml,https://www.rfc-editor.org/info/rfc2360,200
rfc9204.xml,https://www.rfc-editor.org/info/rfc7541,200
rfc9204.xml,https://www.rfc-editor.org/info/rfc8174,200
rfc9204.xml,http://en.wikipedia.org/w/index.php?title=CRIME&oldid=660948120,200
rfc9204.xml,https://www.rfc-editor.org/info/rfc9113,200
rfc9204.xml,http://www.pdl.cmu.edu/PDL-FTP/associated/CMU-PDL-13-106.pdf,200
rfc9204.xml,https://www.rfc-editor.org/info/rfc1951,200
rfc9204.xml,https://www.rfc-editor.org/info/rfc6454,200
rfc9204.xml,https://www.rfc-editor.org/info/rfc8446,200
rfc9720.xml,https://datatracker.ietf.org/doc/draft-rswg-rfc7990-updates-12,200
rfc9720.xml,https://dx.doi.org/10.17487/rfc9720,200
rfc9720.xml,https://www.rfc-editor.org/info/rfc9720,200
rfc9720.xml,https://trustee.ietf.org/license-info,200
rfc9720.xml,https://www.rfc-editor.org/info/rfc7991,200
rfc9720.xml,https://www.rfc-editor.org/info/rfc7996,200
rfc9720.xml,https://www.rfc-editor.org/info/rfc7997,200
rfc9720.xml,https://www.rfc-editor.org/info/rfc9280,200
rfc9720.xml,https://www.rfc-editor.org/info/rfc20,200
rfc9720.xml,https://www.rfc-editor.org/info/rfc6949,200
rfc9720.xml,https://www.rfc-editor.org/info/rfc7990,200
rfc9720.xml,https://www.rfc-editor.org/info/rfc8651,200
rfc9437.xml,https://datatracker.ietf.org/doc/draft-ietf-lisp-pubsub-15,200
rfc9437.xml,https://dx.doi.org/10.17487/rfc9437,200
rfc9437.xml,https://www.rfc-editor.org/info/rfc9437,200
rfc9437.xml,https://trustee.ietf.org/license-info,200
rfc9437.xml,https://www.rfc-editor.org/info/rfc2119,200
rfc9437.xml,https://www.rfc-editor.org/info/rfc8126,200
rfc9437.xml,https://www.rfc-editor.org/info/rfc8174,200
rfc9437.xml,https://www.rfc-editor.org/info/rfc9300,200
rfc9437.xml,https://www.rfc-editor.org/info/rfc9301,200
rfc9437.xml,https://www.rfc-editor.org/info/rfc9303,200
rfc9437.xml,https://datatracker.ietf.org/doc/html/draft-ietf-lisp-eid-mobility-12,200
rfc9437.xml,https://datatracker.ietf.org/doc/html/draft-boucadair-lisp-pubsub-flow-examples-03,200
rfc9437.xml,https://datatracker.ietf.org/doc/html/draft-haindl-lisp-gb-atn-09,200
rfc9437.xml,https://www.iana.org/assignments/lisp-parameters/,200
rfc9437.xml,https://datatracker.ietf.org/doc/html/draft-ietf-lisp-yang-19,200
rfc9437.xml,https://www.rfc-editor.org/info/rfc6835,200
rfc9437.xml,https://datatracker.ietf.org/doc/html/draft-moreno-lisp-uberlay-06,200
rfc9437.xml,https://anr.fr/Projet-ANR-13-INFR-0009,200
rfc9630.xml,https://datatracker.ietf.org/doc/draft-ietf-mboned-multicast-telemetry-12,200
rfc9630.xml,https://dx.doi.org/10.17487/rfc9630,200
rfc9630.xml,https://www.rfc-editor.org/info/rfc9630,200
rfc9630.xml,https://trustee.ietf.org/license-info,200
rfc9630.xml,https://www.rfc-editor.org/info/rfc2119,200
rfc9630.xml,https://www.rfc-editor.org/info/rfc6388,200
rfc9630.xml,https://www.rfc-editor.org/info/rfc6513,200
rfc9630.xml,https://www.rfc-editor.org/info/rfc6514,200
rfc9630.xml,https://www.rfc-editor.org/info/rfc7761,200
rfc9630.xml,https://www.rfc-editor.org/info/rfc8174,200
rfc9630.xml,https://www.rfc-editor.org/info/rfc9197,200
rfc9630.xml,https://www.rfc-editor.org/info/rfc9326,200
rfc9630.xml,https://datatracker.ietf.org/doc/html/draft-ietf-ippm-hybrid-two-step-01,200
rfc9630.xml,https://datatracker.ietf.org/doc/html/draft-song-opsawg-ifit-framework-21,200
rfc9630.xml,https://datatracker.ietf.org/doc/html/draft-ietf-pim-multicast-lessons-learned-04,200
rfc9630.xml,https://datatracker.ietf.org/doc/html/draft-song-ippm-postcard-based-telemetry-16,200
rfc9630.xml,https://www.rfc-editor.org/info/rfc792,200
rfc9630.xml,https://www.rfc-editor.org/info/rfc3605,200
rfc9630.xml,https://www.rfc-editor.org/info/rfc6450,200
rfc9630.xml,https://www.rfc-editor.org/info/rfc8487,200
rfc9630.xml,https://www.rfc-editor.org/info/rfc9486,200
rfc8783.xml,https://datatracker.ietf.org/doc/draft-ietf-dots-data-channel-31,200
rfc8783.xml,https://dx.doi.org/10.17487/rfc8783,200
rfc8783.xml,https://www.rfc-editor.org/info/rfc8783,200
rfc8783.xml,https://trustee.ietf.org/license-info,200
rfc8783.xml,https://www.rfc-editor.org/info/rfc2119,200
rfc8783.xml,https://www.rfc-editor.org/info/rfc3688,200
rfc8783.xml,https://www.rfc-editor.org/info/rfc4632,200
rfc8783.xml,https://www.rfc-editor.org/info/rfc6125,200
rfc8783.xml,https://www.rfc-editor.org/info/rfc6241,200
rfc8783.xml,https://www.rfc-editor.org/info/rfc6242,200
rfc8783.xml,https://www.rfc-editor.org/info/rfc6991,200
rfc8783.xml,https://www.rfc-editor.org/info/rfc7230,200
rfc8783.xml,https://www.rfc-editor.org/info/rfc7525,200
rfc8783.xml,https://www.rfc-editor.org/info/rfc7950,200
rfc8783.xml,https://www.rfc-editor.org/info/rfc7951,200
rfc8783.xml,https://www.rfc-editor.org/info/rfc8040,200
rfc8783.xml,https://www.rfc-editor.org/info/rfc8174,200
rfc8783.xml,https://www.rfc-editor.org/info/rfc8259,200
rfc8783.xml,https://www.rfc-editor.org/info/rfc8341,200
rfc8783.xml,https://www.rfc-editor.org/info/rfc8446,200
rfc8783.xml,https://www.rfc-editor.org/info/rfc8519,200
rfc8783.xml,https://www.rfc-editor.org/info/rfc8782,200
rfc8783.xml,https://tools.ietf.org/html/draft-ietf-dots-architecture-18,200
rfc8783.xml,http://www.ietf.org/internet-drafts/draft-ietf-dots-architecture-18.txt,Connection error: HTTP Error 404: Not Found
rfc8783.xml,https://tools.ietf.org/html/draft-ietf-dots-server-discovery-10,200
rfc8783.xml,http://www.ietf.org/internet-drafts/draft-ietf-dots-server-discovery-10.txt,Connection error: HTTP Error 404: Not Found
rfc8783.xml,http://www.iana.org/assignments/protocol-numbers,200
rfc8783.xml,https://tools.ietf.org/html/draft-ietf-netconf-restconf-client-server-19,200
rfc8783.xml,http://www.ietf.org/internet-drafts/draft-ietf-netconf-restconf-client-server-19.txt,Connection error: HTTP Error 404: Not Found
rfc8783.xml,https://www.rfc-editor.org/info/rfc1122,200
rfc8783.xml,https://www.rfc-editor.org/info/rfc3986,200
rfc8783.xml,https://www.rfc-editor.org/info/rfc4034,200
rfc8783.xml,https://www.rfc-editor.org/info/rfc4340,200
rfc8783.xml,https://www.rfc-editor.org/info/rfc4960,200
rfc8783.xml,https://www.rfc-editor.org/info/rfc5575,200
rfc8783.xml,https://www.rfc-editor.org/info/rfc5925,200
rfc8783.xml,https://www.rfc-editor.org/info/rfc6520,200
rfc8783.xml,https://www.rfc-editor.org/info/rfc7858,200
rfc8783.xml,https://www.rfc-editor.org/info/rfc8340,200
rfc8783.xml,https://www.rfc-editor.org/info/rfc8484,200
rfc8783.xml,https://www.rfc-editor.org/info/rfc8499,200
rfc8783.xml,https://www.rfc-editor.org/info/rfc8612,200
rfc9504.xml,https://datatracker.ietf.org/doc/draft-ietf-pce-pcep-stateful-pce-gmpls-23,200
rfc9504.xml,https://dx.doi.org/10.17487/rfc9504,200
rfc9504.xml,https://www.rfc-editor.org/info/rfc9504,200
rfc9504.xml,https://trustee.ietf.org/license-info,200
rfc9504.xml,https://www.rfc-editor.org/info/rfc2119,200
rfc9504.xml,https://www.rfc-editor.org/info/rfc5440,200
rfc9504.xml,https://www.rfc-editor.org/info/rfc5511,200
rfc9504.xml,https://www.rfc-editor.org/info/rfc5521,200
rfc9504.xml,https://www.rfc-editor.org/info/rfc8174,200
rfc9504.xml,https://www.rfc-editor.org/info/rfc8231,200
rfc9504.xml,https://www.rfc-editor.org/info/rfc8253,200
rfc9504.xml,https://www.rfc-editor.org/info/rfc8281,200
rfc9504.xml,https://www.rfc-editor.org/info/rfc8779,200
rfc9504.xml,https://www.rfc-editor.org/info/rfc9357,200
rfc9504.xml,https://datatracker.ietf.org/doc/html/draft-ietf-pce-pcep-yang-22,200
rfc9504.xml,https://www.rfc-editor.org/info/rfc3471,200
rfc9504.xml,https://www.rfc-editor.org/info/rfc3473,200
rfc9504.xml,https://www.rfc-editor.org/info/rfc4655,200
rfc9504.xml,https://www.rfc-editor.org/info/rfc4657,200
rfc9504.xml,https://www.rfc-editor.org/info/rfc4872,200
rfc9504.xml,https://www.rfc-editor.org/info/rfc4873,200
rfc9504.xml,https://www.rfc-editor.org/info/rfc6123,200
rfc9504.xml,https://www.rfc-editor.org/info/rfc7025,200
rfc9504.xml,https://www.rfc-editor.org/info/rfc7399,200
rfc9504.xml,https://www.rfc-editor.org/info/rfc8051,200
rfc9504.xml,https://www.rfc-editor.org/info/rfc8126,200
rfc9504.xml,https://www.rfc-editor.org/info/rfc8232,200
rfc9504.xml,https://www.rfc-editor.org/info/rfc8282,200
rfc9504.xml,https://www.rfc-editor.org/info/rfc8623,200
rfc9504.xml,https://www.rfc-editor.org/info/rfc8745,200
rfc9504.xml,https://datatracker.ietf.org/doc/html/draft-ietf-teas-yang-path-computation-21,200
rfc9206.xml,https://datatracker.ietf.org/doc/draft-corcoran-cnsa-ipsec-profile-06,200
rfc9206.xml,https://dx.doi.org/10.17487/rfc9206,200
rfc9206.xml,https://www.rfc-editor.org/info/rfc9206,200
rfc9206.xml,https://trustee.ietf.org/license-info,200
rfc9206.xml,https://www.iana.org/assignments/crypto-suites,200
rfc9206.xml,https://www.cnss.gov/CNSS/Issuances/Policies.htm,Connection error: <urlopen error [SSL: CERTIFICATE_VERIFY_FAILED] certificate verify failed: self-signed certificate in certificate chain (_ssl.c:1006)>
rfc9206.xml,https://csrc.nist.gov/publications/detail/fips/180/4/final,200
rfc9206.xml,https://csrc.nist.gov/publications/detail/fips/186/4/final,200
rfc9206.xml,https://csrc.nist.gov/publications/detail/fips/197/final,200
rfc9206.xml,https://www.rfc-editor.org/info/rfc2119,200
rfc9206.xml,https://www.rfc-editor.org/info/rfc2631,200
rfc9206.xml,https://www.rfc-editor.org/info/rfc3526,200
rfc9206.xml,https://www.rfc-editor.org/info/rfc4106,200
rfc9206.xml,https://www.rfc-editor.org/info/rfc4303,200
rfc9206.xml,https://www.rfc-editor.org/info/rfc4308,200
rfc9206.xml,https://www.rfc-editor.org/info/rfc4754,200
rfc9206.xml,https://www.rfc-editor.org/info/rfc5116,200
rfc9206.xml,https://www.rfc-editor.org/info/rfc5280,200
rfc9206.xml,https://www.rfc-editor.org/info/rfc5903,200
rfc9206.xml,https://www.rfc-editor.org/info/rfc7296,200
rfc9206.xml,https://www.rfc-editor.org/info/rfc8017,200
rfc9206.xml,https://www.rfc-editor.org/info/rfc8174,200
rfc9206.xml,https://www.rfc-editor.org/info/rfc8221,200
rfc9206.xml,https://www.rfc-editor.org/info/rfc8247,200
rfc9206.xml,https://www.rfc-editor.org/info/rfc8603,200
rfc9206.xml,https://www.rfc-editor.org/info/rfc8784,200
rfc9206.xml,https://csrc.nist.gov/publications/detail/sp/800-56a/rev-3/final,200
rfc9206.xml,https://www.rfc-editor.org/info/rfc8452,200
rfc9206.xml,https://csrc.nist.gov/publications/detail/sp/800-59/final,200
rfc9102.xml,https://datatracker.ietf.org/doc/draft-dukhovni-tls-dnssec-chain-08,200
rfc9102.xml,https://dx.doi.org/10.17487/rfc9102,200
rfc9102.xml,https://www.rfc-editor.org/info/rfc9102,200
rfc9102.xml,https://trustee.ietf.org/license-info,200
rfc9102.xml,https://www.rfc-editor.org/info/rfc1035,200
rfc9102.xml,https://www.rfc-editor.org/info/rfc2119,200
rfc9102.xml,https://www.rfc-editor.org/info/rfc4033,200
rfc9102.xml,https://www.rfc-editor.org/info/rfc4034,200
rfc9102.xml,https://www.rfc-editor.org/info/rfc4035,200
rfc9102.xml,https://www.rfc-editor.org/info/rfc5155,200
rfc9102.xml,https://www.rfc-editor.org/info/rfc5246,200
rfc9102.xml,https://www.rfc-editor.org/info/rfc6066,200
rfc9102.xml,https://www.rfc-editor.org/info/rfc6698,200
rfc9102.xml,https://www.rfc-editor.org/info/rfc7218,200
rfc9102.xml,https://www.rfc-editor.org/info/rfc7671,200
rfc9102.xml,https://www.rfc-editor.org/info/rfc7858,200
rfc9102.xml,https://www.rfc-editor.org/info/rfc8174,200
rfc9102.xml,https://www.rfc-editor.org/info/rfc8310,200
rfc9102.xml,https://www.rfc-editor.org/info/rfc8446,200
rfc9102.xml,https://datatracker.ietf.org/doc/html/draft-barnes-dane-uks-00,200
rfc9102.xml,http://www.ietf.org/internet-drafts/draft-barnes-dane-uks-00.txt,Connection error: HTTP Error 404: Not Found
rfc9102.xml,https://www.nlnetlabs.nl/downloads/publications/os3-2015-rp2-xavier-torrent-gorjon.pdf,200
rfc9102.xml,https://datatracker.ietf.org/doc/html/draft-ietf-dnsop-svcb-https-07,200
rfc9102.xml,https://www.ietf.org/internet-drafts/draft-ietf-dnsop-svcb-https-07.txt,Connection error: HTTP Error 404: Not Found
rfc9102.xml,https://www.rfc-editor.org/info/rfc5011,200
rfc9102.xml,https://www.rfc-editor.org/info/rfc5905,200
rfc9102.xml,https://www.rfc-editor.org/info/rfc7250,200
rfc9102.xml,https://www.rfc-editor.org/info/rfc7901,200
rfc9102.xml,https://datatracker.ietf.org/doc/html/draft-agl-dane-serializechain-01,200
rfc9102.xml,https://www.ietf.org/archive/id/draft-agl-dane-serializechain-01.txt,200
rfc9088.xml,https://datatracker.ietf.org/doc/draft-ietf-isis-mpls-elc-13,200
rfc9088.xml,https://dx.doi.org/10.17487/rfc9088,200
rfc9088.xml,https://www.rfc-editor.org/info/rfc9088,200
rfc9088.xml,https://trustee.ietf.org/license-info,200
rfc9088.xml,https://www.rfc-editor.org/info/rfc2119,200
rfc9088.xml,https://www.rfc-editor.org/info/rfc5302,200
rfc9088.xml,https://www.rfc-editor.org/info/rfc6790,200
rfc9088.xml,https://www.rfc-editor.org/info/rfc7752,200
rfc9088.xml,https://www.rfc-editor.org/info/rfc7794,200
rfc9088.xml,https://www.rfc-editor.org/info/rfc7981,200
rfc9088.xml,https://www.rfc-editor.org/info/rfc8174,200
rfc9088.xml,https://www.rfc-editor.org/info/rfc8491,200
rfc9088.xml,https://www.rfc-editor.org/info/rfc8662,200
rfc9088.xml,https://www.rfc-editor.org/info/rfc8814,200
rfc9088.xml,https://www.rfc-editor.org/info/rfc9085,200
rfc9088.xml,https://www.rfc-editor.org/info/rfc8660,200
rfc9088.xml,https://www.rfc-editor.org/info/rfc8667,200
rfc8824.xml,https://datatracker.ietf.org/doc/draft-ietf-lpwan-coap-static-context-hc-19,200
rfc8824.xml,https://dx.doi.org/10.17487/rfc8824,200
rfc8824.xml,https://www.rfc-editor.org/info/rfc8824,200
rfc8824.xml,https://trustee.ietf.org/license-info,200
rfc8824.xml,https://www.rfc-editor.org/info/rfc2119,200
rfc8824.xml,https://www.rfc-editor.org/info/rfc5116,200
rfc8824.xml,https://www.rfc-editor.org/info/rfc7252,200
rfc8824.xml,https://www.rfc-editor.org/info/rfc7641,200
rfc8824.xml,https://www.rfc-editor.org/info/rfc7959,200
rfc8824.xml,https://www.rfc-editor.org/info/rfc7967,200
rfc8824.xml,https://www.rfc-editor.org/info/rfc8174,200
rfc8824.xml,https://www.rfc-editor.org/info/rfc8613,200
rfc8824.xml,https://www.rfc-editor.org/info/rfc8724,200
rfc9445.xml,https://datatracker.ietf.org/doc/draft-ietf-opsawg-add-encrypted-dns-12,200
rfc9445.xml,https://dx.doi.org/10.17487/rfc9445,200
rfc9445.xml,https://www.rfc-editor.org/info/rfc9445,200
rfc9445.xml,https://trustee.ietf.org/license-info,200
rfc9445.xml,https://www.rfc-editor.org/info/rfc2119,200
rfc9445.xml,https://www.rfc-editor.org/info/rfc2865,200
rfc9445.xml,https://www.rfc-editor.org/info/rfc3396,200
rfc9445.xml,https://www.rfc-editor.org/info/rfc4014,200
rfc9445.xml,https://www.rfc-editor.org/info/rfc6158,200
rfc9445.xml,https://www.rfc-editor.org/info/rfc6929,200
rfc9445.xml,https://www.rfc-editor.org/info/rfc8044,200
rfc9445.xml,https://www.rfc-editor.org/info/rfc8126,200
rfc9445.xml,https://www.rfc-editor.org/info/rfc8174,200
rfc9445.xml,https://www.rfc-editor.org/info/rfc8415,200
rfc9445.xml,https://www.iana.org/assignments/bootp-dhcp-parameters,200
rfc9445.xml,https://www.iana.org/assignments/dhcpv6-parameters,200
rfc9445.xml,https://datatracker.ietf.org/doc/html/draft-ietf-add-dnr-16,200
rfc9445.xml,http://www.iana.org/assignments/radius-types,200
rfc9445.xml,https://www.rfc-editor.org/info/rfc2131,200
rfc9445.xml,https://www.rfc-editor.org/info/rfc2132,200
rfc9445.xml,https://www.rfc-editor.org/info/rfc2868,200
rfc9445.xml,https://www.rfc-editor.org/info/rfc2869,200
rfc9445.xml,https://www.rfc-editor.org/info/rfc3162,200
rfc9445.xml,https://www.rfc-editor.org/info/rfc4861,200
rfc9445.xml,https://www.rfc-editor.org/info/rfc5176,200
rfc9445.xml,https://www.rfc-editor.org/info/rfc6911,200
rfc9445.xml,https://www.rfc-editor.org/info/rfc6977,200
rfc9445.xml,https://www.rfc-editor.org/info/rfc7037,200
rfc9445.xml,https://www.rfc-editor.org/info/rfc7227,200
rfc9445.xml,https://www.rfc-editor.org/info/rfc7499,200
rfc9445.xml,https://www.rfc-editor.org/info/rfc7858,200
rfc9445.xml,https://www.rfc-editor.org/info/rfc7930,200
rfc9445.xml,https://www.rfc-editor.org/info/rfc8484,200
rfc9445.xml,https://www.rfc-editor.org/info/rfc8499,200
rfc9445.xml,https://www.rfc-editor.org/info/rfc9250,200
rfc9294.xml,https://datatracker.ietf.org/doc/draft-ietf-idr-bgp-ls-app-specific-attr-16,200
rfc9294.xml,https://dx.doi.org/10.17487/rfc9294,200
rfc9294.xml,https://www.rfc-editor.org/info/rfc9294,200
rfc9294.xml,https://trustee.ietf.org/license-info,200
rfc9294.xml,https://www.rfc-editor.org/info/rfc2119,200
rfc9294.xml,https://www.rfc-editor.org/info/rfc7752,200
rfc9294.xml,https://www.rfc-editor.org/info/rfc8174,200
rfc9294.xml,https://www.rfc-editor.org/info/rfc8571,200
rfc9294.xml,https://www.rfc-editor.org/info/rfc8919,200
rfc9294.xml,https://www.rfc-editor.org/info/rfc8920,200
rfc9294.xml,https://www.rfc-editor.org/info/rfc9104,200
rfc9294.xml,https://datatracker.ietf.org/doc/html/draft-ietf-idr-bgp-model-14,200
rfc9294.xml,https://www.ietf.org/archive/id/draft-ietf-idr-bgp-model-14.txt,200
rfc9294.xml,https://www.rfc-editor.org/info/rfc1195,200
rfc9294.xml,https://www.rfc-editor.org/info/rfc2328,200
rfc9294.xml,https://www.rfc-editor.org/info/rfc3209,200
rfc9294.xml,https://www.rfc-editor.org/info/rfc4202,200
rfc9294.xml,https://www.rfc-editor.org/info/rfc5286,200
rfc9294.xml,https://www.rfc-editor.org/info/rfc5340,200
rfc9294.xml,https://www.rfc-editor.org/info/rfc8402,200
rfc8828.xml,https://datatracker.ietf.org/doc/draft-ietf-rtcweb-ip-handling-12,200
rfc8828.xml,https://dx.doi.org/10.17487/rfc8828,200
rfc8828.xml,https://www.rfc-editor.org/info/rfc8828,200
rfc8828.xml,https://trustee.ietf.org/license-info,200
rfc8828.xml,https://www.rfc-editor.org/info/rfc2119,200
rfc8828.xml,https://www.rfc-editor.org/info/rfc3986,200
rfc8828.xml,https://www.rfc-editor.org/info/rfc5389,200
rfc8828.xml,https://www.rfc-editor.org/info/rfc5766,200
rfc8828.xml,https://www.rfc-editor.org/info/rfc8089,200
rfc8828.xml,https://www.rfc-editor.org/info/rfc8174,200
rfc8828.xml,https://www.rfc-editor.org/info/rfc8445,200
rfc8828.xml,https://www.rfc-editor.org/info/rfc1918,200
rfc8828.xml,https://www.rfc-editor.org/info/rfc1919,200
rfc8828.xml,https://www.rfc-editor.org/info/rfc1928,200
rfc8828.xml,https://www.rfc-editor.org/info/rfc4941,200
rfc8828.xml,https://www.rfc-editor.org/info/rfc6146,200
rfc8828.xml,https://www.rfc-editor.org/info/rfc7016,200
rfc8828.xml,https://www.rfc-editor.org/info/rfc7230,200
rfc8828.xml,https://www.rfc-editor.org/info/rfc7478,200
rfc8828.xml,https://www.rfc-editor.org/info/rfc8827,200
rfc8828.xml,https://www.rfc-editor.org/info/rfc8835,200
rfc8678.xml,https://datatracker.ietf.org/doc/draft-ietf-rtgwg-enterprise-pa-multihoming-12,200
rfc8678.xml,https://dx.doi.org/10.17487/rfc8678,200
rfc8678.xml,https://www.rfc-editor.org/info/rfc8678,200
rfc8678.xml,https://trustee.ietf.org/license-info,200
rfc8678.xml,https://www.rfc-editor.org/info/rfc2827,200
rfc8678.xml,https://www.rfc-editor.org/info/rfc1918,200
rfc8678.xml,https://www.rfc-editor.org/info/rfc2119,200
rfc8678.xml,https://www.rfc-editor.org/info/rfc4191,200
rfc8678.xml,https://www.rfc-editor.org/info/rfc4193,200
rfc8678.xml,https://www.rfc-editor.org/info/rfc4291,200
rfc8678.xml,https://www.rfc-editor.org/info/rfc4443,200
rfc8678.xml,https://www.rfc-editor.org/info/rfc4861,200
rfc8678.xml,https://www.rfc-editor.org/info/rfc4862,200
rfc8678.xml,https://www.rfc-editor.org/info/rfc6106,200
rfc8678.xml,https://www.rfc-editor.org/info/rfc6296,200
rfc8678.xml,https://www.rfc-editor.org/info/rfc6724,200
rfc8678.xml,https://www.rfc-editor.org/info/rfc7078,200
rfc8678.xml,https://www.rfc-editor.org/info/rfc7556,200
rfc8678.xml,https://www.rfc-editor.org/info/rfc8028,200
rfc8678.xml,https://www.rfc-editor.org/info/rfc8106,200
rfc8678.xml,https://www.rfc-editor.org/info/rfc8174,200
rfc8678.xml,https://www.rfc-editor.org/info/rfc8415,200
rfc8678.xml,https://tools.ietf.org/html/draft-ietf-rtgwg-dst-src-routing-07,200
rfc8678.xml,http://www.ietf.org/internet-drafts/draft-ietf-rtgwg-dst-src-routing-07.txt,Connection error: HTTP Error 404: Not Found
rfc8678.xml,https://tools.ietf.org/html/draft-ietf-intarea-provisioning-domains-09,200
rfc8678.xml,http://www.ietf.org/internet-drafts/draft-ietf-intarea-provisioning-domains-09.txt,Connection error: HTTP Error 404: Not Found
rfc8678.xml,https://www.rfc-editor.org/info/rfc2663,200
rfc8678.xml,https://www.rfc-editor.org/info/rfc3704,200
rfc8678.xml,https://www.rfc-editor.org/info/rfc4941,200
rfc8678.xml,https://www.rfc-editor.org/info/rfc5082,200
rfc8678.xml,https://www.rfc-editor.org/info/rfc5533,200
rfc8678.xml,https://www.rfc-editor.org/info/rfc5534,200
rfc8678.xml,https://www.rfc-editor.org/info/rfc6824,200
rfc8678.xml,https://www.rfc-editor.org/info/rfc7676,200
rfc8678.xml,https://www.rfc-editor.org/info/rfc8425,200
rfc8678.xml,https://www.rfc-editor.org/info/rfc8504,200
rfc8678.xml,https://tools.ietf.org/html/draft-pfister-6man-sadr-ra-01,200
rfc8678.xml,http://www.ietf.org/internet-drafts/draft-pfister-6man-sadr-ra-01.txt,Connection error: HTTP Error 404: Not Found
rfc8983.xml,https://datatracker.ietf.org/doc/draft-ietf-ipsecme-ipv6-ipv4-codes-06,200
rfc8983.xml,https://dx.doi.org/10.17487/rfc8983,200
rfc8983.xml,https://www.rfc-editor.org/info/rfc8983,200
rfc8983.xml,https://trustee.ietf.org/license-info,200
rfc8983.xml,https://www.iana.org/assignments/ikev2-parameters/,200
rfc8983.xml,https://www.rfc-editor.org/info/rfc2119,200
rfc8983.xml,https://www.rfc-editor.org/info/rfc7296,200
rfc8983.xml,https://www.rfc-editor.org/info/rfc8174,200
rfc8983.xml,https://www.rfc-editor.org/info/rfc6459,200
rfc8983.xml,https://www.rfc-editor.org/info/rfc7849,200
rfc8810.xml,https://datatracker.ietf.org/doc/draft-ietf-idr-capabilities-registry-change-09,200
rfc8810.xml,https://dx.doi.org/10.17487/rfc8810,200
rfc8810.xml,https://www.rfc-editor.org/info/rfc8810,200
rfc8810.xml,https://trustee.ietf.org/license-info,200
rfc8810.xml,https://www.rfc-editor.org/info/rfc5492,200
rfc8810.xml,https://www.rfc-editor.org/info/rfc8126,200
rfc8810.xml,https://www.rfc-editor.org/info/rfc4271,200
rfc8810.xml,https://tools.ietf.org/html/draft-scudder-idr-capabilities-registry-change-01,200
rfc8810.xml,http://www.ietf.org/internet-drafts/draft-scudder-idr-capabilities-registry-change-01.txt,Connection error: HTTP Error 404: Not Found
rfc8773.xml,https://datatracker.ietf.org/doc/draft-ietf-tls-tls13-cert-with-extern-psk-07,200
rfc8773.xml,https://dx.doi.org/10.17487/rfc8773,200
rfc8773.xml,https://www.rfc-editor.org/info/rfc8773,200
rfc8773.xml,https://trustee.ietf.org/license-info,200
rfc8773.xml,https://www.rfc-editor.org/info/rfc2119,200
rfc8773.xml,https://www.rfc-editor.org/info/rfc8174,200
rfc8773.xml,https://www.rfc-editor.org/info/rfc8446,200
rfc8773.xml,https://ieeexplore.ieee.org/document/1055638,Connection error: HTTP Error 418: Unknown Code
rfc8773.xml,https://doi.org/10.6028/NIST.FIPS.186-4,200
rfc8773.xml,https://doi.org/10.1145/6490.6503,Connection error: HTTP Error 403: Forbidden
rfc8773.xml,https://www.iana.org/assignments/tls-extensiontype-values/tls-extensiontype-values.xhtml,200
rfc8773.xml,https://ieeexplore.ieee.org/document/891000,Connection error: HTTP Error 418: Unknown Code
rfc8773.xml,https://tools.ietf.org/html/draft-ietf-tls-external-psk-importer-03,200
rfc8773.xml,http://www.ietf.org/internet-drafts/draft-ietf-tls-external-psk-importer-03.txt,Connection error: HTTP Error 404: Not Found
rfc8773.xml,https://dl.acm.org/doi/10.1145/2976749.2978325,Connection error: HTTP Error 403: Forbidden
rfc8773.xml,https://www.rfc-editor.org/info/rfc2104,200
rfc8773.xml,https://www.rfc-editor.org/info/rfc4086,200
rfc8773.xml,https://www.rfc-editor.org/info/rfc5246,200
rfc8773.xml,https://www.rfc-editor.org/info/rfc8017,200
rfc8773.xml,https://tools.ietf.org/html/draft-hoffman-c2pq-06,200
rfc8773.xml,http://www.ietf.org/internet-drafts/draft-hoffman-c2pq-06.txt,Connection error: HTTP Error 404: Not Found
rfc9056.xml,https://datatracker.ietf.org/doc/draft-ietf-detnet-ip-over-mpls-09,200
rfc9056.xml,https://dx.doi.org/10.17487/rfc9056,200
rfc9056.xml,https://www.rfc-editor.org/info/rfc9056,200
rfc9056.xml,https://trustee.ietf.org/license-info,200
rfc9056.xml,https://www.rfc-editor.org/info/rfc2119,200
rfc9056.xml,https://www.rfc-editor.org/info/rfc8174,200
rfc9056.xml,https://www.rfc-editor.org/info/rfc8655,200
rfc9056.xml,https://www.rfc-editor.org/info/rfc8938,200
rfc9056.xml,https://www.rfc-editor.org/info/rfc8939,200
rfc9056.xml,https://www.rfc-editor.org/info/rfc8964,200
rfc9056.xml,https://www.rfc-editor.org/info/rfc9055,200
rfc9056.xml,https://ieeexplore.ieee.org/document/8585421,Connection error: HTTP Error 418: Unknown Code
rfc9056.xml,https://www.rfc-editor.org/info/rfc4301,200
rfc9560.xml,https://datatracker.ietf.org/doc/draft-ietf-regext-rdap-openid-27,200
rfc9560.xml,https://dx.doi.org/10.17487/rfc9560,200
rfc9560.xml,https://www.rfc-editor.org/info/rfc9560,200
rfc9560.xml,https://trustee.ietf.org/license-info,200
rfc9560.xml,https://curl.se/,200
rfc9560.xml,https://www.gnu.org/software/wget/,Connection error: <urlopen error [Errno 101] Network is unreachable>
rfc9560.xml,https://www.iana.org/protocols,200
rfc9560.xml,https://url.spec.whatwg.org/,200
rfc9560.xml,https://openid.net/specs/openid-connect-core-1_0.html,200
rfc9560.xml,https://openid.net/specs/openid-connect-discovery-1_0.html,200
rfc9560.xml,https://openid.net/specs/openid-connect-rpinitiated-1_0.html,200
rfc9560.xml,https://openid.net/specs/openid-connect-registration-1_0.html,200
rfc9560.xml,https://www.rfc-editor.org/info/rfc2119,200
rfc9560.xml,https://www.rfc-editor.org/info/rfc6265,200
rfc9560.xml,https://www.rfc-editor.org/info/rfc6749,200
rfc9560.xml,https://www.rfc-editor.org/info/rfc6750,200
rfc9560.xml,https://www.rfc-editor.org/info/rfc7009,200
rfc9560.xml,https://www.rfc-editor.org/info/rfc7480,200
rfc9560.xml,https://www.rfc-editor.org/info/rfc7481,200
rfc9560.xml,https://www.rfc-editor.org/info/rfc7519,200
rfc9560.xml,https://www.rfc-editor.org/info/rfc7617,200
rfc9560.xml,https://www.rfc-editor.org/info/rfc7662,200
rfc9560.xml,https://www.rfc-editor.org/info/rfc8126,200
rfc9560.xml,https://www.rfc-editor.org/info/rfc8174,200
rfc9560.xml,https://www.rfc-editor.org/info/rfc8628,200
rfc9560.xml,https://www.rfc-editor.org/info/rfc8693,200
rfc9560.xml,https://www.rfc-editor.org/info/rfc9068,200
rfc9560.xml,https://www.rfc-editor.org/info/rfc9082,200
rfc9560.xml,https://www.rfc-editor.org/info/rfc9083,200
rfc9560.xml,https://www.rfc-editor.org/info/rfc9110,200
rfc9560.xml,https://www.rfc-editor.org/info/rfc9325,200
rfc9560.xml,https://www.icann.org/en/system/files/files/final-report-06jun14-en.pdf,Connection error: HTTP Error 403: Forbidden
rfc9560.xml,https://datatracker.ietf.org/doc/html/draft-ietf-oauth-security-topics-26,200
rfc9560.xml,https://openid.net/developers/how-connect-works/,200
rfc9560.xml,https://www.rfc-editor.org/info/rfc4949,200
rfc9560.xml,https://www.rfc-editor.org/info/rfc8414,200
rfc9560.xml,https://www.rfc-editor.org/info/rfc8792,200
rfc9481.xml,https://datatracker.ietf.org/doc/draft-ietf-lamps-cmp-algorithms-16,200
rfc9481.xml,https://dx.doi.org/10.17487/rfc9481,200
rfc9481.xml,https://www.rfc-editor.org/info/rfc9481,200
rfc9481.xml,https://trustee.ietf.org/license-info,200
rfc9481.xml,https://nvlpubs.nist.gov/nistpubs/FIPS/NIST.FIPS.180-4.pdf,200
rfc9481.xml,https://nvlpubs.nist.gov/nistpubs/FIPS/NIST.FIPS.186-5.pdf,200
rfc9481.xml,https://nvlpubs.nist.gov/nistpubs/FIPS/NIST.FIPS.197.pdf,200
rfc9481.xml,https://nvlpubs.nist.gov/nistpubs/FIPS/NIST.FIPS.198-1.pdf,200
rfc9481.xml,https://nvlpubs.nist.gov/nistpubs/FIPS/NIST.FIPS.202.pdf,200
rfc9481.xml,https://nvlpubs.nist.gov/nistpubs/SpecialPublications/NIST.SP.800-185.pdf,200
rfc9481.xml,https://nvlpubs.nist.gov/nistpubs/Legacy/SP/nistspecialpublication800-38d.pdf,200
rfc9481.xml,https://www.rfc-editor.org/info/rfc2104,200
rfc9481.xml,https://www.rfc-editor.org/info/rfc2119,200
rfc9481.xml,https://www.rfc-editor.org/info/rfc2631,200
rfc9481.xml,https://www.rfc-editor.org/info/rfc3370,200
rfc9481.xml,https://www.rfc-editor.org/info/rfc3394,200
rfc9481.xml,https://www.rfc-editor.org/info/rfc3560,200
rfc9481.xml,https://www.rfc-editor.org/info/rfc3565,200
rfc9481.xml,https://www.rfc-editor.org/info/rfc4056,200
rfc9481.xml,https://www.rfc-editor.org/info/rfc4210,200
rfc9481.xml,https://www.rfc-editor.org/info/rfc4211,200
rfc9481.xml,https://www.rfc-editor.org/info/rfc4231,200
rfc9481.xml,https://www.rfc-editor.org/info/rfc5480,200
rfc9481.xml,https://www.rfc-editor.org/info/rfc5652,200
rfc9481.xml,https://www.rfc-editor.org/info/rfc5753,200
rfc9481.xml,https://www.rfc-editor.org/info/rfc5754,200
rfc9481.xml,https://www.rfc-editor.org/info/rfc8017,200
rfc9481.xml,https://www.rfc-editor.org/info/rfc8018,200
rfc9481.xml,https://www.rfc-editor.org/info/rfc8032,200
rfc9481.xml,https://www.rfc-editor.org/info/rfc8174,200
rfc9481.xml,https://www.rfc-editor.org/info/rfc8418,200
rfc9481.xml,https://www.rfc-editor.org/info/rfc8419,200
rfc9481.xml,https://www.rfc-editor.org/info/rfc8551,200
rfc9481.xml,https://www.rfc-editor.org/info/rfc8692,200
rfc9481.xml,https://www.rfc-editor.org/info/rfc8702,200
rfc9481.xml,https://www.rfc-editor.org/info/rfc9044,200
rfc9481.xml,https://www.rfc-editor.org/info/rfc9045,200
rfc9481.xml,https://www.rfc-editor.org/info/rfc9480,200
rfc9481.xml,https://www.rfc-editor.org/info/rfc9483,200
rfc9481.xml,https://www.ecrypt.eu.org/csa/documents/D5.4-FinalAlgKeySizeProt.pdf,Connection error: HTTP Error 502: Bad Gateway
rfc9481.xml,https://nvlpubs.nist.gov/nistpubs/SpecialPublications/NIST.SP.800-57pt1r5.pdf,200
rfc8852.xml,https://datatracker.ietf.org/doc/draft-ietf-avtext-rid-09,200
rfc8852.xml,https://dx.doi.org/10.17487/rfc8852,200
rfc8852.xml,https://www.rfc-editor.org/info/rfc8852,200
rfc8852.xml,https://trustee.ietf.org/license-info,200
rfc8852.xml,https://www.rfc-editor.org/info/rfc3550,200
rfc8852.xml,https://www.rfc-editor.org/info/rfc7656,200
rfc8852.xml,https://www.rfc-editor.org/info/rfc7941,200
rfc8852.xml,https://www.rfc-editor.org/info/rfc8285,200
rfc8852.xml,https://www.rfc-editor.org/info/rfc8843,200
rfc8852.xml,https://www.rfc-editor.org/info/rfc7201,200
rfc8852.xml,https://www.rfc-editor.org/info/rfc8830,200
rfc9023.xml,https://datatracker.ietf.org/doc/draft-ietf-detnet-ip-over-tsn-07,200
rfc9023.xml,https://dx.doi.org/10.17487/rfc9023,200
rfc9023.xml,https://www.rfc-editor.org/info/rfc9023,200
rfc9023.xml,https://trustee.ietf.org/license-info,200
rfc9023.xml,https://standards.ieee.org/standard/802_1CB-2017.html,Connection error: HTTP Error 403: Forbidden
rfc9023.xml,https://1.ieee802.org/tsn/802-1cbdb/,Connection error: HTTP Error 403: Forbidden
rfc9023.xml,https://www.rfc-editor.org/info/rfc8655,200
rfc9023.xml,https://www.rfc-editor.org/info/rfc8939,200
rfc9023.xml,https://tools.ietf.org/html/draft-ietf-detnet-security-16,200
rfc9023.xml,https://ieeexplore.ieee.org/document/8585421,Connection error: HTTP Error 418: Unknown Code
rfc9023.xml,https://ieeexplore.ieee.org/document/8403927,Connection error: HTTP Error 418: Unknown Code
rfc9023.xml,https://1.ieee802.org/tsn/802-1cbcv/,Connection error: HTTP Error 403: Forbidden
rfc9147.xml,https://datatracker.ietf.org/doc/draft-ietf-tls-dtls13-43,200
rfc9147.xml,https://dx.doi.org/10.17487/rfc9147,200
rfc9147.xml,https://www.rfc-editor.org/info/rfc9147,200
rfc9147.xml,https://trustee.ietf.org/license-info,200
rfc9147.xml,https://www.rfc-editor.org/info/rfc8439,200
rfc9147.xml,https://www.rfc-editor.org/info/rfc768,200
rfc9147.xml,https://www.rfc-editor.org/info/rfc793,200
rfc9147.xml,https://www.rfc-editor.org/info/rfc1191,200
rfc9147.xml,https://www.rfc-editor.org/info/rfc2119,200
rfc9147.xml,https://www.rfc-editor.org/info/rfc4443,200
rfc9147.xml,https://www.rfc-editor.org/info/rfc4821,200
rfc9147.xml,https://www.rfc-editor.org/info/rfc6298,200
rfc9147.xml,https://www.rfc-editor.org/info/rfc8174,200
rfc9147.xml,https://www.rfc-editor.org/info/rfc9146,200
rfc9147.xml,https://www.rfc-editor.org/info/rfc8446,200
rfc9147.xml,https://datatracker.ietf.org/doc/html/draft-irtf-cfrg-aead-limits-04,200
rfc9147.xml,https://www.isg.rhul.ac.uk/~kp/TLS-AEbounds.pdf,Connection error: HTTP Error 404: Not Found
rfc9147.xml,https://doi.org/10.1007/3-540-36492-7_7,200
rfc9147.xml,https://www.rfc-editor.org/info/rfc8996,200
rfc9147.xml,https://datatracker.ietf.org/doc/html/draft-ietf-uta-tls13-iot-profile-04,200
rfc9147.xml,https://www.ietf.org/archive/id/draft-ietf-uta-tls13-iot-profile-04.txt,200
rfc9147.xml,https://www.rfc-editor.org/info/rfc2522,200
rfc9147.xml,https://www.rfc-editor.org/info/rfc4303,200
rfc9147.xml,https://www.rfc-editor.org/info/rfc4340,200
rfc9147.xml,https://www.rfc-editor.org/info/rfc4346,200
rfc9147.xml,https://www.rfc-editor.org/info/rfc4347,200
rfc9147.xml,https://www.rfc-editor.org/info/rfc4960,200
rfc9147.xml,https://www.rfc-editor.org/info/rfc5238,200
rfc9147.xml,https://www.rfc-editor.org/info/rfc5246,200
rfc9147.xml,https://www.rfc-editor.org/info/rfc5763,200
rfc9147.xml,https://www.rfc-editor.org/info/rfc5764,200
rfc9147.xml,https://www.rfc-editor.org/info/rfc6066,200
rfc9147.xml,https://www.rfc-editor.org/info/rfc6347,200
rfc9147.xml,https://www.rfc-editor.org/info/rfc7296,200
rfc9147.xml,https://www.rfc-editor.org/info/rfc7525,200
rfc9147.xml,https://www.rfc-editor.org/info/rfc7924,200
rfc9147.xml,https://www.rfc-editor.org/info/rfc7983,200
rfc9147.xml,https://www.rfc-editor.org/info/rfc8201,200
rfc9147.xml,https://www.rfc-editor.org/info/rfc8445,200
rfc9147.xml,https://www.rfc-editor.org/info/rfc8879,200
rfc9147.xml,https://www.rfc-editor.org/info/rfc9000,200
rfc9147.xml,https://www.rfc-editor.org/info/rfc9002,200
rfc9147.xml,https://eprint.iacr.org/2020/718,200
rfc9147.xml,https://datatracker.ietf.org/doc/html/draft-ietf-tls-esni-14,200
rfc9185.xml,https://datatracker.ietf.org/doc/draft-ietf-perc-dtls-tunnel-12,200
rfc9185.xml,https://dx.doi.org/10.17487/rfc9185,200
rfc9185.xml,https://www.rfc-editor.org/info/rfc9185,200
rfc9185.xml,https://trustee.ietf.org/license-info,200
rfc9185.xml,https://www.rfc-editor.org/info/rfc2119,200
rfc9185.xml,https://www.rfc-editor.org/info/rfc3711,200
rfc9185.xml,https://www.rfc-editor.org/info/rfc4122,200
rfc9185.xml,https://www.rfc-editor.org/info/rfc5764,200
rfc9185.xml,https://www.rfc-editor.org/info/rfc8122,200
rfc9185.xml,https://www.rfc-editor.org/info/rfc8174,200
rfc9185.xml,https://www.rfc-editor.org/info/rfc8446,200
rfc9185.xml,https://www.rfc-editor.org/info/rfc8723,200
rfc9185.xml,https://www.rfc-editor.org/info/rfc8842,200
rfc9185.xml,https://www.rfc-editor.org/info/rfc8844,200
rfc9185.xml,https://www.rfc-editor.org/info/rfc8871,200
rfc9185.xml,https://www.rfc-editor.org/info/rfc9147,200
rfc9185.xml,https://www.rfc-editor.org/info/rfc3264,200
rfc9185.xml,https://www.rfc-editor.org/info/rfc3550,200
rfc9185.xml,https://www.rfc-editor.org/info/rfc8126,200
rfc9185.xml,https://www.rfc-editor.org/info/rfc8866,200
rfc9108.xml,https://datatracker.ietf.org/doc/draft-ietf-dnsop-iana-class-type-yang-05,200
rfc9108.xml,https://dx.doi.org/10.17487/rfc9108,200
rfc9108.xml,https://www.rfc-editor.org/info/rfc9108,200
rfc9108.xml,https://trustee.ietf.org/license-info,200
rfc9108.xml,https://www.iana.org/assignments/dns-parameters,200
rfc9108.xml,https://www.iana.org/assignments/yang-parameters,200
rfc9108.xml,https://www.rfc-editor.org/info/rfc2119,200
rfc9108.xml,https://www.rfc-editor.org/info/rfc3688,200
rfc9108.xml,https://www.rfc-editor.org/info/rfc6020,200
rfc9108.xml,https://www.rfc-editor.org/info/rfc7950,200
rfc9108.xml,https://www.rfc-editor.org/info/rfc8174,200
rfc9108.xml,https://www.w3.org/TR/1999/REC-xslt-19991116,200
rfc9108.xml,https://www.rfc-editor.org/info/rfc1035,200
rfc9108.xml,https://www.rfc-editor.org/info/rfc3597,200
rfc9108.xml,https://www.rfc-editor.org/info/rfc6241,200
rfc9108.xml,https://www.rfc-editor.org/info/rfc8040,200
rfc9108.xml,https://www.rfc-editor.org/info/rfc8499,200
rfc9048.xml,https://datatracker.ietf.org/doc/draft-ietf-emu-rfc5448bis-10,200
rfc9048.xml,https://dx.doi.org/10.17487/rfc9048,200
rfc9048.xml,https://www.rfc-editor.org/info/rfc9048,200
rfc9048.xml,https://trustee.ietf.org/license-info,200
rfc9048.xml,https://nvlpubs.nist.gov/nistpubs/FIPS/NIST.FIPS.180-4.pdf,200
rfc9048.xml,https://www.rfc-editor.org/info/rfc2104,200
rfc9048.xml,https://www.rfc-editor.org/info/rfc2119,200
rfc9048.xml,https://www.rfc-editor.org/info/rfc3748,200
rfc9048.xml,https://www.rfc-editor.org/info/rfc4187,200
rfc9048.xml,https://www.rfc-editor.org/info/rfc7542,200
rfc9048.xml,https://www.rfc-editor.org/info/rfc8126,200
rfc9048.xml,https://www.rfc-editor.org/info/rfc8174,200
rfc9048.xml,https://doi.org/10.1145/2382196.2382221,Connection error: HTTP Error 403: Forbidden
rfc9048.xml,https://doi.org/10.1145/3243734.3243846,Connection error: HTTP Error 403: Forbidden
rfc9048.xml,https://datatracker.ietf.org/doc/html/draft-ietf-emu-aka-pfs-05,200
rfc9048.xml,https://www.ietf.org/archive/id/draft-ietf-emu-aka-pfs-05.txt,200
rfc9048.xml,https://csrc.nist.gov/publications/detail/fips/180/1/archive/1995-04-17,200
rfc9048.xml,https://csrc.nist.gov/publications/detail/fips/180/2/archive/2002-08-01,200
rfc9048.xml,https://firstlook.org/theintercept/2015/02/19/great-sim-heist/,Connection error: HTTP Error 403: Forbidden
rfc9048.xml,https://doi.org/10.1007/978-3-642-33704-8_6,200
rfc9048.xml,https://www.rfc-editor.org/info/rfc3310,200
rfc9048.xml,https://www.rfc-editor.org/info/rfc4086,200
rfc9048.xml,https://www.rfc-editor.org/info/rfc4169,200
rfc9048.xml,https://www.rfc-editor.org/info/rfc4186,200
rfc9048.xml,https://www.rfc-editor.org/info/rfc4284,200
rfc9048.xml,https://www.rfc-editor.org/info/rfc4306,200
rfc9048.xml,https://www.rfc-editor.org/info/rfc5113,200
rfc9048.xml,https://www.rfc-editor.org/info/rfc5247,200
rfc9048.xml,https://www.rfc-editor.org/info/rfc5281,200
rfc9048.xml,https://www.rfc-editor.org/info/rfc5448,200
rfc9048.xml,https://www.rfc-editor.org/info/rfc6194,200
rfc9048.xml,https://www.rfc-editor.org/info/rfc6973,200
rfc9048.xml,https://www.rfc-editor.org/info/rfc7170,200
rfc9048.xml,https://www.rfc-editor.org/info/rfc7258,200
rfc9048.xml,https://www.rfc-editor.org/info/rfc7296,200
rfc9048.xml,https://doi.org/10.1109/TWC.2004.842941,Connection error: HTTP Error 418: Unknown Code
rfc9163.xml,https://datatracker.ietf.org/doc/draft-ietf-httpbis-expect-ct-08,200
rfc9163.xml,https://dx.doi.org/10.17487/rfc9163,200
rfc9163.xml,https://www.rfc-editor.org/info/rfc9163,200
rfc9163.xml,https://trustee.ietf.org/license-info,200
rfc9163.xml,https://www.iana.org/assignments/http-fields,200
rfc9163.xml,https://www.rfc-editor.org/info/rfc2119,200
rfc9163.xml,https://www.rfc-editor.org/info/rfc3339,200
rfc9163.xml,https://www.rfc-editor.org/info/rfc3986,200
rfc9163.xml,https://www.rfc-editor.org/info/rfc4648,200
rfc9163.xml,https://www.rfc-editor.org/info/rfc5234,200
rfc9163.xml,https://www.rfc-editor.org/info/rfc5280,200
rfc9163.xml,https://www.rfc-editor.org/info/rfc6797,200
rfc9163.xml,https://www.rfc-editor.org/info/rfc6839,200
rfc9163.xml,https://www.rfc-editor.org/info/rfc6962,200
rfc9163.xml,https://www.rfc-editor.org/info/rfc7468,200
rfc9163.xml,https://www.rfc-editor.org/info/rfc7469,200
rfc9163.xml,https://www.rfc-editor.org/info/rfc8174,200
rfc9163.xml,https://www.rfc-editor.org/info/rfc8259,200
rfc9163.xml,https://www.rfc-editor.org/info/rfc9110,200
rfc9163.xml,https://www.rfc-editor.org/info/rfc9111,200
rfc9163.xml,https://www.rfc-editor.org/info/rfc9162,200
rfc9163.xml,https://fetch.spec.whatwg.org,200
rfc9163.xml,https://www.rfc-editor.org/info/rfc8446,200
rfc9417.xml,https://datatracker.ietf.org/doc/draft-ietf-opsawg-service-assurance-architecture-13,200
rfc9417.xml,https://dx.doi.org/10.17487/rfc9417,200
rfc9417.xml,https://www.rfc-editor.org/info/rfc9417,200
rfc9417.xml,https://trustee.ietf.org/license-info,200
rfc9417.xml,https://www.rfc-editor.org/info/rfc8309,200
rfc9417.xml,https://www.rfc-editor.org/info/rfc8969,200
rfc9417.xml,https://www.rfc-editor.org/info/rfc9418,200
rfc9417.xml,https://openconfig.net,200
rfc9417.xml,https://doi.org/10.1016/B978-0-12-803773-7.00007-3,200
rfc9417.xml,https://www.rfc-editor.org/info/rfc2865,200
rfc9417.xml,https://www.rfc-editor.org/info/rfc5424,200
rfc9417.xml,https://www.rfc-editor.org/info/rfc5905,200
rfc9417.xml,https://www.rfc-editor.org/info/rfc6242,200
rfc9417.xml,https://www.rfc-editor.org/info/rfc7011,200
rfc9417.xml,https://www.rfc-editor.org/info/rfc7149,200
rfc9417.xml,https://www.rfc-editor.org/info/rfc7665,200
rfc9417.xml,https://www.rfc-editor.org/info/rfc7950,200
rfc9417.xml,https://www.rfc-editor.org/info/rfc8199,200
rfc9417.xml,https://www.rfc-editor.org/info/rfc8446,200
rfc9417.xml,https://www.rfc-editor.org/info/rfc8466,200
rfc9417.xml,https://www.rfc-editor.org/info/rfc8641,200
rfc9417.xml,https://www.rfc-editor.org/info/rfc8907,200
rfc9417.xml,https://www.rfc-editor.org/info/rfc9315,200
rfc9417.xml,https://www.rfc-editor.org/info/rfc9375,200
rfc9265.xml,https://datatracker.ietf.org/doc/draft-irtf-nwcrg-coding-and-congestion-12,200
rfc9265.xml,https://dx.doi.org/10.17487/rfc9265,200
rfc9265.xml,https://www.rfc-editor.org/info/rfc9265,200
rfc9265.xml,https://trustee.ietf.org/license-info,200
rfc9265.xml,https://doi.org/10.1145/3365609.3365855,Connection error: HTTP Error 403: Forbidden
rfc9265.xml,https://datatracker.ietf.org/doc/html/draft-swett-nwcrg-coding-for-quic-04,200
rfc9265.xml,https://www.ietf.org/archive/id/draft-swett-nwcrg-coding-for-quic-04.txt,200
rfc9265.xml,https://doi.org/10.48550/arXiv.1212.2291,200
rfc9265.xml,https://datatracker.ietf.org/doc/html/draft-singh-rmcat-adaptive-fec-03,200
rfc9265.xml,https://www.ietf.org/archive/id/draft-singh-rmcat-adaptive-fec-03.txt,200
rfc9265.xml,https://datatracker.ietf.org/doc/html/draft-briscoe-tsvarea-fair-02,200
rfc9265.xml,https://www.ietf.org/archive/id/draft-briscoe-tsvarea-fair-02.txt,200
rfc9265.xml,https://doi.org/10.1109/JPROC.2010.2093850,Connection error: HTTP Error 418: Unknown Code
rfc9265.xml,https://doi.org/10.23919/IFIPNetworking.2019.8816838,Connection error: HTTP Error 418: Unknown Code
rfc9265.xml,https://www.rfc-editor.org/info/rfc3168,200
rfc9265.xml,https://www.rfc-editor.org/info/rfc3758,200
rfc9265.xml,https://www.rfc-editor.org/info/rfc4340,200
rfc9265.xml,https://www.rfc-editor.org/info/rfc5109,200
rfc9265.xml,https://www.rfc-editor.org/info/rfc5681,200
rfc9265.xml,https://www.rfc-editor.org/info/rfc6297,200
rfc9265.xml,https://www.rfc-editor.org/info/rfc6356,200
rfc9265.xml,https://www.rfc-editor.org/info/rfc8095,200
rfc9265.xml,https://www.rfc-editor.org/info/rfc8406,200
rfc9265.xml,https://www.rfc-editor.org/info/rfc8680,200
rfc9265.xml,https://www.rfc-editor.org/info/rfc8681,200
rfc9265.xml,https://www.rfc-editor.org/info/rfc8699,200
rfc9265.xml,https://www.rfc-editor.org/info/rfc9221,200
rfc9265.xml,https://datatracker.ietf.org/meeting/100/materials/slides-100-nwcrg-07-lochin-on-the-joint-use-of-tcp-and-network-coding-00,200
rfc9265.xml,https://datatracker.ietf.org/doc/html/draft-detchart-nwcrg-tetrys-08,200
rfc9265.xml,https://www.ietf.org/archive/id/draft-detchart-nwcrg-tetrys-08.txt,200
rfc8832.xml,https://datatracker.ietf.org/doc/draft-ietf-rtcweb-data-protocol-09,200
rfc8832.xml,https://dx.doi.org/10.17487/rfc8832,200
rfc8832.xml,https://www.rfc-editor.org/info/rfc8832,200
rfc8832.xml,https://trustee.ietf.org/license-info,200
rfc8832.xml,https://www.rfc-editor.org/info/rfc2119,200
rfc8832.xml,https://www.rfc-editor.org/info/rfc8174,200
rfc8832.xml,https://www.rfc-editor.org/info/rfc3629,200
rfc8832.xml,https://www.rfc-editor.org/info/rfc4960,200
rfc8832.xml,https://www.rfc-editor.org/info/rfc8126,200
rfc8832.xml,https://www.rfc-editor.org/info/rfc8261,200
rfc8832.xml,https://www.rfc-editor.org/info/rfc8831,200
rfc8832.xml,https://www.rfc-editor.org/info/rfc4347,200
rfc8832.xml,https://www.rfc-editor.org/info/rfc6347,200
rfc8832.xml,https://www.rfc-editor.org/info/rfc6455,200
rfc8832.xml,https://www.rfc-editor.org/info/rfc8826,200
rfc8832.xml,https://www.rfc-editor.org/info/rfc8827,200
rfc8832.xml,https://tools.ietf.org/html/draft-ietf-tls-dtls13-39,200
rfc8832.xml,https://www.ietf.org/internet-drafts/draft-ietf-tls-dtls13-39.txt,Connection error: HTTP Error 404: Not Found
rfc9274.xml,https://datatracker.ietf.org/doc/draft-ietf-alto-cost-mode-05,200
rfc9274.xml,https://dx.doi.org/10.17487/rfc9274,200
rfc9274.xml,https://www.rfc-editor.org/info/rfc9274,200
rfc9274.xml,https://trustee.ietf.org/license-info,200
rfc9274.xml,https://www.rfc-editor.org/info/rfc2119,200
rfc9274.xml,https://www.rfc-editor.org/info/rfc7285,200
rfc9274.xml,https://www.rfc-editor.org/info/rfc8126,200
rfc9274.xml,https://www.rfc-editor.org/info/rfc8174,200
rfc9274.xml,https://www.iana.org/assignments/alto-protocol/,200
rfc9274.xml,https://datatracker.ietf.org/doc/html/draft-ietf-alto-path-vector-25,200
rfc9274.xml,https://www.ietf.org/archive/id/draft-ietf-alto-path-vector-25.txt,200
rfc9545.xml,https://datatracker.ietf.org/doc/draft-ietf-spring-mpls-path-segment-22,200
rfc9545.xml,https://dx.doi.org/10.17487/rfc9545,200
rfc9545.xml,https://www.rfc-editor.org/info/rfc9545,200
rfc9545.xml,https://trustee.ietf.org/license-info,200
rfc9545.xml,https://www.rfc-editor.org/info/rfc2119,200
rfc9545.xml,https://www.rfc-editor.org/info/rfc8174,200
rfc9545.xml,https://www.rfc-editor.org/info/rfc8402,200
rfc9545.xml,https://www.rfc-editor.org/info/rfc8660,200
rfc9545.xml,https://datatracker.ietf.org/doc/html/draft-ietf-pce-sr-bidir-path-13,200
rfc9545.xml,https://www.rfc-editor.org/info/rfc4426,200
rfc9545.xml,https://www.rfc-editor.org/info/rfc5586,200
rfc9545.xml,https://www.rfc-editor.org/info/rfc5654,200
rfc9545.xml,https://www.rfc-editor.org/info/rfc6790,200
rfc9545.xml,https://www.rfc-editor.org/info/rfc6965,200
rfc9545.xml,https://www.rfc-editor.org/info/rfc7799,200
rfc9545.xml,https://www.rfc-editor.org/info/rfc8491,200
rfc9545.xml,https://www.rfc-editor.org/info/rfc8664,200
rfc9545.xml,https://www.rfc-editor.org/info/rfc8957,200
rfc9545.xml,https://www.rfc-editor.org/info/rfc9197,200
rfc9545.xml,https://datatracker.ietf.org/doc/html/draft-ietf-idr-sr-policy-path-segment-09,200
rfc8969.xml,https://datatracker.ietf.org/doc/draft-ietf-opsawg-model-automation-framework-10,200
rfc8969.xml,https://dx.doi.org/10.17487/rfc8969,200
rfc8969.xml,https://www.rfc-editor.org/info/rfc8969,200
rfc8969.xml,https://trustee.ietf.org/license-info,200
rfc8969.xml,https://www.rfc-editor.org/info/rfc6241,200
rfc8969.xml,https://www.rfc-editor.org/info/rfc6242,200
rfc8969.xml,https://www.rfc-editor.org/info/rfc7950,200
rfc8969.xml,https://www.rfc-editor.org/info/rfc8040,200
rfc8969.xml,https://www.rfc-editor.org/info/rfc8341,200
rfc8969.xml,https://www.rfc-editor.org/info/rfc8446,200
rfc8969.xml,https://tools.ietf.org/html/draft-ietf-teas-actn-vn-yang-10,200
rfc8969.xml,https://www.ietf.org/internet-drafts/draft-ietf-teas-actn-vn-yang-10.txt,Connection error: HTTP Error 404: Not Found
rfc8969.xml,https://tools.ietf.org/html/draft-ietf-bfd-yang-17,200
rfc8969.xml,https://www.ietf.org/internet-drafts/draft-ietf-bfd-yang-17.txt,Connection error: HTTP Error 404: Not Found
rfc8969.xml,https://tools.ietf.org/html/draft-ietf-dots-rfc8782-bis-04,200
rfc8969.xml,https://www.ietf.org/internet-drafts/draft-ietf-dots-rfc8782-bis-04.txt,Connection error: HTTP Error 404: Not Found
rfc8969.xml,https://tools.ietf.org/html/draft-wwx-netmod-event-yang-10,200
rfc8969.xml,https://www.ietf.org/internet-drafts/draft-wwx-netmod-event-yang-10.txt,Connection error: HTTP Error 404: Not Found
rfc8969.xml,https://tools.ietf.org/html/draft-ietf-bess-evpn-yang-07,200
rfc8969.xml,https://www.ietf.org/internet-drafts/draft-ietf-bess-evpn-yang-07.txt,Connection error: HTTP Error 404: Not Found
rfc8969.xml,https://dl.acm.org/doi/10.1145/54289.871709,Connection error: HTTP Error 403: Forbidden
rfc8969.xml,https://tools.ietf.org/html/draft-ietf-idr-bgp-model-10,200
rfc8969.xml,https://www.ietf.org/internet-drafts/draft-ietf-idr-bgp-model-10.txt,Connection error: HTTP Error 404: Not Found
rfc8969.xml,https://www.iana.org/assignments/performance-metrics/performance-metrics.xhtml,200
rfc8969.xml,https://tools.ietf.org/html/draft-ietf-bess-l2vpn-yang-10,200
rfc8969.xml,https://www.ietf.org/internet-drafts/draft-ietf-bess-l2vpn-yang-10.txt,Connection error: HTTP Error 404: Not Found
rfc8969.xml,https://tools.ietf.org/html/draft-ietf-bess-l3vpn-yang-04,200
rfc8969.xml,https://www.ietf.org/internet-drafts/draft-ietf-bess-l3vpn-yang-04.txt,Connection error: HTTP Error 404: Not Found
rfc8969.xml,https://tools.ietf.org/html/draft-ietf-ippm-capacity-metric-method-04,200
rfc8969.xml,https://www.ietf.org/internet-drafts/draft-ietf-ippm-capacity-metric-method-04.txt,Connection error: HTTP Error 404: Not Found
rfc8969.xml,https://tools.ietf.org/html/draft-ietf-bess-mvpn-yang-04,200
rfc8969.xml,https://www.ietf.org/internet-drafts/draft-ietf-bess-mvpn-yang-04.txt,Connection error: HTTP Error 404: Not Found
rfc8969.xml,https://tools.ietf.org/html/draft-clacla-netmod-model-catalog-03,200
rfc8969.xml,https://www.ietf.org/internet-drafts/draft-clacla-netmod-model-catalog-03.txt,Connection error: HTTP Error 404: Not Found
rfc8969.xml,https://tools.ietf.org/html/draft-ietf-opsawg-l2nm-01,200
rfc8969.xml,https://www.ietf.org/internet-drafts/draft-ietf-opsawg-l2nm-01.txt,Connection error: HTTP Error 404: Not Found
rfc8969.xml,https://tools.ietf.org/html/draft-ietf-opsawg-l3sm-l3nm-05,200
rfc8969.xml,https://www.ietf.org/internet-drafts/draft-ietf-opsawg-l3sm-l3nm-05.txt,Connection error: HTTP Error 404: Not Found
rfc8969.xml,https://tools.ietf.org/html/draft-ietf-opsawg-vpn-common-03,200
rfc8969.xml,https://www.ietf.org/internet-drafts/draft-ietf-opsawg-vpn-common-03.txt,Connection error: HTTP Error 404: Not Found
rfc8969.xml,https://tools.ietf.org/html/draft-www-opsawg-yang-vpn-service-pm-03,200
rfc8969.xml,https://www.ietf.org/internet-drafts/draft-www-opsawg-yang-vpn-service-pm-03.txt,Connection error: HTTP Error 404: Not Found
rfc8969.xml,https://tools.ietf.org/html/draft-ietf-pim-yang-17,200
rfc8969.xml,https://www.ietf.org/internet-drafts/draft-ietf-pim-yang-17.txt,Connection error: HTTP Error 404: Not Found
rfc8969.xml,https://tools.ietf.org/html/draft-ietf-rtgwg-qos-model-02,200
rfc8969.xml,https://www.ietf.org/internet-drafts/draft-ietf-rtgwg-qos-model-02.txt,Connection error: HTTP Error 404: Not Found
rfc8969.xml,https://www.rfc-editor.org/info/rfc4176,200
rfc8969.xml,https://www.rfc-editor.org/info/rfc4364,200
rfc8969.xml,https://www.rfc-editor.org/info/rfc4664,200
rfc8969.xml,https://www.rfc-editor.org/info/rfc4761,200
rfc8969.xml,https://www.rfc-editor.org/info/rfc4762,200
rfc8969.xml,https://www.rfc-editor.org/info/rfc5136,200
rfc8969.xml,https://www.rfc-editor.org/info/rfc5486,200
rfc8969.xml,https://www.rfc-editor.org/info/rfc5880,200
rfc8969.xml,https://www.rfc-editor.org/info/rfc6406,200
rfc8969.xml,https://www.rfc-editor.org/info/rfc7149,200
rfc8969.xml,https://www.rfc-editor.org/info/rfc7224,200
rfc8969.xml,https://www.rfc-editor.org/info/rfc7276,200
rfc8969.xml,https://www.rfc-editor.org/info/rfc7297,200
rfc8969.xml,https://www.rfc-editor.org/info/rfc7317,200
rfc8969.xml,https://www.rfc-editor.org/info/rfc7455,200
rfc8969.xml,https://www.rfc-editor.org/info/rfc7665,200
rfc8969.xml,https://www.rfc-editor.org/info/rfc7679,200
rfc8969.xml,https://www.rfc-editor.org/info/rfc7680,200
rfc8969.xml,https://www.rfc-editor.org/info/rfc8077,200
rfc8969.xml,https://www.rfc-editor.org/info/rfc8194,200
rfc8969.xml,https://www.rfc-editor.org/info/rfc8199,200
rfc8969.xml,https://www.rfc-editor.org/info/rfc8299,200
rfc8969.xml,https://www.rfc-editor.org/info/rfc8309,200
rfc8969.xml,https://www.rfc-editor.org/info/rfc8342,200
rfc8969.xml,https://www.rfc-editor.org/info/rfc8343,200
rfc8969.xml,https://www.rfc-editor.org/info/rfc8345,200
rfc8969.xml,https://www.rfc-editor.org/info/rfc8346,200
rfc8969.xml,https://www.rfc-editor.org/info/rfc8348,200
rfc8969.xml,https://www.rfc-editor.org/info/rfc8349,200
rfc8969.xml,https://www.rfc-editor.org/info/rfc8466,200
rfc8969.xml,https://www.rfc-editor.org/info/rfc8512,200
rfc8969.xml,https://www.rfc-editor.org/info/rfc8513,200
rfc8969.xml,https://www.rfc-editor.org/info/rfc8519,200
rfc8969.xml,https://www.rfc-editor.org/info/rfc8525,200
rfc8969.xml,https://www.rfc-editor.org/info/rfc8528,200
rfc8969.xml,https://www.rfc-editor.org/info/rfc8529,200
rfc8969.xml,https://www.rfc-editor.org/info/rfc8530,200
rfc8969.xml,https://www.rfc-editor.org/info/rfc8531,200
rfc8969.xml,https://www.rfc-editor.org/info/rfc8532,200
rfc8969.xml,https://www.rfc-editor.org/info/rfc8533,200
rfc8969.xml,https://www.rfc-editor.org/info/rfc8632,200
rfc8969.xml,https://www.rfc-editor.org/info/rfc8641,200
rfc8969.xml,https://www.rfc-editor.org/info/rfc8652,200
rfc8969.xml,https://www.rfc-editor.org/info/rfc8675,200
rfc8969.xml,https://www.rfc-editor.org/info/rfc8676,200
rfc8969.xml,https://www.rfc-editor.org/info/rfc8783,200
rfc8969.xml,https://www.rfc-editor.org/info/rfc8791,200
rfc8969.xml,https://www.rfc-editor.org/info/rfc8795,200
rfc8969.xml,https://www.rfc-editor.org/info/rfc8819,200
rfc8969.xml,https://www.rfc-editor.org/info/rfc8944,200
rfc8969.xml,https://www.rfc-editor.org/info/rfc8960,200
rfc8969.xml,https://tools.ietf.org/html/draft-ietf-rtgwg-policy-model-27,200
rfc8969.xml,https://www.ietf.org/internet-drafts/draft-ietf-rtgwg-policy-model-27.txt,Connection error: HTTP Error 404: Not Found
rfc8969.xml,https://tools.ietf.org/html/draft-ietf-pim-igmp-mld-snooping-yang-18,200
rfc8969.xml,https://www.ietf.org/internet-drafts/draft-ietf-pim-igmp-mld-snooping-yang-18.txt,Connection error: HTTP Error 404: Not Found
rfc8969.xml,https://tools.ietf.org/html/draft-ietf-spring-sr-yang-29,200
rfc8969.xml,https://www.ietf.org/internet-drafts/draft-ietf-spring-sr-yang-29.txt,Connection error: HTTP Error 404: Not Found
rfc8969.xml,https://tools.ietf.org/html/draft-ietf-ippm-stamp-yang-06,200
rfc8969.xml,https://www.ietf.org/internet-drafts/draft-ietf-ippm-stamp-yang-06.txt,Connection error: HTTP Error 404: Not Found
rfc8969.xml,https://tools.ietf.org/html/draft-ietf-teas-actn-pm-telemetry-autonomics-04,200
rfc8969.xml,https://www.ietf.org/internet-drafts/draft-ietf-teas-actn-pm-telemetry-autonomics-04.txt,Connection error: HTTP Error 404: Not Found
rfc8969.xml,https://tools.ietf.org/html/draft-ietf-teas-yang-path-computation-11,200
rfc8969.xml,https://www.ietf.org/internet-drafts/draft-ietf-teas-yang-path-computation-11.txt,Connection error: HTTP Error 404: Not Found
rfc8969.xml,https://tools.ietf.org/html/draft-ietf-teas-yang-rsvp-te-08,200
rfc8969.xml,https://www.ietf.org/internet-drafts/draft-ietf-teas-yang-rsvp-te-08.txt,Connection error: HTTP Error 404: Not Found
rfc8969.xml,https://tools.ietf.org/html/draft-ietf-teas-yang-te-25,200
rfc8969.xml,https://www.ietf.org/internet-drafts/draft-ietf-teas-yang-te-25.txt,Connection error: HTTP Error 404: Not Found
rfc8969.xml,https://tools.ietf.org/html/draft-ietf-trill-yang-oam-05,200
rfc8969.xml,https://www.ietf.org/internet-drafts/draft-ietf-trill-yang-oam-05.txt,Connection error: HTTP Error 404: Not Found
rfc8969.xml,https://tools.ietf.org/html/draft-ietf-ippm-twamp-yang-13,200
rfc8969.xml,https://www.ietf.org/internet-drafts/draft-ietf-ippm-twamp-yang-13.txt,Connection error: HTTP Error 404: Not Found
rfc8969.xml,https://tools.ietf.org/html/draft-ogondio-opsawg-uni-topology-01,200
rfc8969.xml,https://www.ietf.org/internet-drafts/draft-ogondio-opsawg-uni-topology-01.txt,Connection error: HTTP Error 404: Not Found
rfc8969.xml,https://www.yangcatalog.org,Connection error: HTTP Error 403: Forbidden
rfc8969.xml,https://github.com/YangModels/yang,200
rfc9069.xml,https://datatracker.ietf.org/doc/draft-ietf-grow-bmp-local-rib-12,200
rfc9069.xml,https://dx.doi.org/10.17487/rfc9069,200
rfc9069.xml,https://www.rfc-editor.org/info/rfc9069,200
rfc9069.xml,https://trustee.ietf.org/license-info,200
rfc9069.xml,https://www.iana.org/assignments/bmp-parameters/,200
rfc9069.xml,https://www.rfc-editor.org/info/rfc2119,200
rfc9069.xml,https://www.rfc-editor.org/info/rfc4271,200
rfc9069.xml,https://www.rfc-editor.org/info/rfc7854,200
rfc9069.xml,https://www.rfc-editor.org/info/rfc8174,200
rfc9069.xml,https://www.rfc-editor.org/info/rfc7911,200
rfc8872.xml,https://datatracker.ietf.org/doc/draft-ietf-avtcore-multiplex-guidelines-12,200
rfc8872.xml,https://dx.doi.org/10.17487/rfc8872,200
rfc8872.xml,https://www.rfc-editor.org/info/rfc8872,200
rfc8872.xml,https://trustee.ietf.org/license-info,200
rfc8872.xml,https://www.rfc-editor.org/info/rfc3550,200
rfc8872.xml,https://www.rfc-editor.org/info/rfc3551,200
rfc8872.xml,https://www.rfc-editor.org/info/rfc3711,200
rfc8872.xml,https://www.rfc-editor.org/info/rfc4585,200
rfc8872.xml,https://www.rfc-editor.org/info/rfc5576,200
rfc8872.xml,https://www.rfc-editor.org/info/rfc5760,200
rfc8872.xml,https://www.rfc-editor.org/info/rfc5761,200
rfc8872.xml,https://www.rfc-editor.org/info/rfc7656,200
rfc8872.xml,https://www.rfc-editor.org/info/rfc7667,200
rfc8872.xml,https://www.rfc-editor.org/info/rfc8843,200
rfc8872.xml,https://www.rfc-editor.org/info/rfc8851,200
rfc8872.xml,https://www.rfc-editor.org/info/rfc8852,200
rfc8872.xml,https://www.rfc-editor.org/info/rfc8860,200
rfc8872.xml,https://www.rfc-editor.org/info/rfc8870,200
rfc8872.xml,https://xmpp.org/extensions/xep-0166.html,200
rfc8872.xml,https://www.rfc-editor.org/info/rfc2198,200
rfc8872.xml,https://www.rfc-editor.org/info/rfc2205,200
rfc8872.xml,https://www.rfc-editor.org/info/rfc2474,200
rfc8872.xml,https://www.rfc-editor.org/info/rfc2974,200
rfc8872.xml,https://www.rfc-editor.org/info/rfc3261,200
rfc8872.xml,https://www.rfc-editor.org/info/rfc3264,200
rfc8872.xml,https://www.rfc-editor.org/info/rfc3389,200
rfc8872.xml,https://www.rfc-editor.org/info/rfc3830,200
rfc8872.xml,https://www.rfc-editor.org/info/rfc4103,200
rfc8872.xml,https://www.rfc-editor.org/info/rfc4383,200
rfc8872.xml,https://www.rfc-editor.org/info/rfc4566,200
rfc8872.xml,https://www.rfc-editor.org/info/rfc4568,200
rfc8872.xml,https://www.rfc-editor.org/info/rfc4588,200
rfc8872.xml,https://www.rfc-editor.org/info/rfc5104,200
rfc8872.xml,https://www.rfc-editor.org/info/rfc5109,200
rfc8872.xml,https://www.rfc-editor.org/info/rfc5389,200
rfc8872.xml,https://www.rfc-editor.org/info/rfc5764,200
rfc8872.xml,https://www.rfc-editor.org/info/rfc5888,200
rfc8872.xml,https://www.rfc-editor.org/info/rfc6465,200
rfc8872.xml,https://www.rfc-editor.org/info/rfc7201,200
rfc8872.xml,https://www.rfc-editor.org/info/rfc7657,200
rfc8872.xml,https://www.rfc-editor.org/info/rfc7826,200
rfc8872.xml,https://www.rfc-editor.org/info/rfc7983,200
rfc8872.xml,https://www.rfc-editor.org/info/rfc8088,200
rfc8872.xml,https://www.rfc-editor.org/info/rfc8108,200
rfc8872.xml,https://www.rfc-editor.org/info/rfc8445,200
rfc8872.xml,https://www.rfc-editor.org/info/rfc8871,200
rfc9333.xml,https://datatracker.ietf.org/doc/draft-ietf-lwig-minimal-esp-12,200
rfc9333.xml,https://dx.doi.org/10.17487/rfc9333,200
rfc9333.xml,https://www.rfc-editor.org/info/rfc9333,200
rfc9333.xml,https://trustee.ietf.org/license-info,200
rfc9333.xml,https://www.rfc-editor.org/info/rfc2119,200
rfc9333.xml,https://www.rfc-editor.org/info/rfc2119,200
rfc9333.xml,https://www.rfc-editor.org/info/rfc4086,200
rfc9333.xml,https://www.rfc-editor.org/info/rfc4086,200
rfc9333.xml,https://www.rfc-editor.org/info/rfc4301,200
rfc9333.xml,https://www.rfc-editor.org/info/rfc4301,200
rfc9333.xml,https://www.rfc-editor.org/info/rfc4303,200
rfc9333.xml,https://www.rfc-editor.org/info/rfc4303,200
rfc9333.xml,https://www.rfc-editor.org/info/rfc7296,200
rfc9333.xml,https://www.rfc-editor.org/info/rfc7296,200
rfc9333.xml,https://www.rfc-editor.org/info/rfc7815,200
rfc9333.xml,https://www.rfc-editor.org/info/rfc7815,200
rfc9333.xml,https://www.rfc-editor.org/info/rfc8174,200
rfc9333.xml,https://www.rfc-editor.org/info/rfc8174,200
rfc9333.xml,https://www.rfc-editor.org/info/rfc8221,200
rfc9333.xml,https://www.rfc-editor.org/info/rfc8221,200
rfc9333.xml,https://www.rfc-editor.org/info/rfc8750,200
rfc9333.xml,https://www.rfc-editor.org/info/rfc8750,200
rfc9333.xml,https://datatracker.ietf.org/doc/html/draft-nikander-esp-beet-mode-09,200
rfc9333.xml,https://www.ietf.org/archive/id/draft-nikander-esp-beet-mode-09.txt,200
rfc9333.xml,https://competitions.cr.yp.to/round3/deoxysv141.pdf,200
rfc9333.xml,https://datatracker.ietf.org/doc/html/draft-mglt-ipsecme-diet-esp-08,200
rfc9333.xml,https://www.ietf.org/archive/id/draft-mglt-ipsecme-diet-esp-08.txt,200
rfc9333.xml,https://datatracker.ietf.org/doc/html/draft-mglt-ipsecme-ikev2-diet-esp-extension-02,200
rfc9333.xml,https://www.ietf.org/archive/id/draft-mglt-ipsecme-ikev2-diet-esp-extension-02.txt,200
rfc9333.xml,https://www.rfc-editor.org/info/rfc5297,200
rfc9333.xml,https://www.rfc-editor.org/info/rfc5297,200
rfc9333.xml,https://www.rfc-editor.org/info/rfc8452,200
rfc9333.xml,https://www.rfc-editor.org/info/rfc8452,200
rfc9333.xml,https://csrc.nist.gov/publications/detail/sp/800-90a/rev-1/final,200
rfc9203.xml,https://datatracker.ietf.org/doc/draft-ietf-ace-oscore-profile-19,200
rfc9203.xml,https://dx.doi.org/10.17487/rfc9203,200
rfc9203.xml,https://www.rfc-editor.org/info/rfc9203,200
rfc9203.xml,https://trustee.ietf.org/license-info,200
rfc9203.xml,https://www.iana.org/assignments/cose,200
rfc9203.xml,https://www.iana.org/assignments/cwt,200
rfc9203.xml,https://www.iana.org/assignments/jwt,200
rfc9203.xml,https://www.iana.org/assignments/oauth-parameters,200
rfc9203.xml,https://www.rfc-editor.org/info/rfc2119,200
rfc9203.xml,https://www.rfc-editor.org/info/rfc4648,200
rfc9203.xml,https://www.rfc-editor.org/info/rfc5869,200
rfc9203.xml,https://www.rfc-editor.org/info/rfc7252,200
rfc9203.xml,https://www.rfc-editor.org/info/rfc8174,200
rfc9203.xml,https://www.rfc-editor.org/info/rfc8392,200
rfc9203.xml,https://www.rfc-editor.org/info/rfc8610,200
rfc9203.xml,https://www.rfc-editor.org/info/rfc8613,200
rfc9203.xml,https://www.rfc-editor.org/info/rfc8949,200
rfc9203.xml,https://www.rfc-editor.org/info/rfc9052,200
rfc9203.xml,https://www.rfc-editor.org/info/rfc9053,200
rfc9203.xml,https://www.rfc-editor.org/info/rfc9200,200
rfc9203.xml,https://www.rfc-editor.org/info/rfc9201,200
rfc9203.xml,https://www.rfc-editor.org/info/rfc4949,200
rfc9203.xml,https://www.rfc-editor.org/info/rfc6749,200
rfc9203.xml,https://www.rfc-editor.org/info/rfc7800,200
rfc9203.xml,https://www.rfc-editor.org/info/rfc8126,200
rfc9203.xml,https://www.rfc-editor.org/info/rfc8446,200
rfc9203.xml,https://www.rfc-editor.org/info/rfc8747,200
rfc9203.xml,https://www.rfc-editor.org/info/rfc9110,200
rfc9203.xml,https://www.rfc-editor.org/info/rfc9147,200
rfc9510.xml,https://datatracker.ietf.org/doc/draft-irtf-icnrg-ccnx-timetlv-05,200
rfc9510.xml,https://dx.doi.org/10.17487/rfc9510,200
rfc9510.xml,https://www.rfc-editor.org/info/rfc9510,200
rfc9510.xml,https://trustee.ietf.org/license-info,200
rfc9510.xml,https://www.rfc-editor.org/info/rfc2119,200
rfc9510.xml,https://www.rfc-editor.org/info/rfc8174,200
rfc9510.xml,https://www.rfc-editor.org/info/rfc8569,200
rfc9510.xml,https://www.rfc-editor.org/info/rfc8609,200
rfc9510.xml,https://doi.org/10.1016/j.comcom.2020.10.002,200
rfc9510.xml,https://standards.ieee.org/content/ieee-standards/en/standard/754-2019.html,Connection error: HTTP Error 403: Forbidden
rfc9510.xml,https://www.rfc-editor.org/info/rfc5497,200
rfc9510.xml,https://www.rfc-editor.org/info/rfc7927,200
rfc9510.xml,https://www.rfc-editor.org/info/rfc9139,200
rfc8868.xml,https://datatracker.ietf.org/doc/draft-ietf-rmcat-eval-criteria-14,200
rfc8868.xml,https://dx.doi.org/10.17487/rfc8868,200
rfc8868.xml,https://www.rfc-editor.org/info/rfc8868,200
rfc8868.xml,https://trustee.ietf.org/license-info,200
rfc8868.xml,https://httparchive.org/reports/state-of-the-web?start=2015_10_01&end=2015_11_01&view=list,200
rfc8868.xml,https://www.rfc-editor.org/info/rfc3550,200
rfc8868.xml,https://www.rfc-editor.org/info/rfc3551,200
rfc8868.xml,https://www.rfc-editor.org/info/rfc3611,200
rfc8868.xml,https://www.rfc-editor.org/info/rfc4585,200
rfc8868.xml,https://www.rfc-editor.org/info/rfc5506,200
rfc8868.xml,https://www.rfc-editor.org/info/rfc8083,200
rfc8868.xml,https://www.rfc-editor.org/info/rfc8593,200
rfc8868.xml,https://www.rfc-editor.org/info/rfc8836,200
rfc8868.xml,https://ieeexplore.ieee.org/document/5755057,Connection error: HTTP Error 418: Unknown Code
rfc8868.xml,https://tools.ietf.org/html/draft-ietf-netvc-testing-09,200
rfc8868.xml,http://www.ietf.org/internet-drafts/draft-ietf-netvc-testing-09.txt,Connection error: HTTP Error 404: Not Found
rfc8868.xml,https://www.rfc-editor.org/info/rfc5033,200
rfc8868.xml,https://www.rfc-editor.org/info/rfc5166,200
rfc8868.xml,https://www.rfc-editor.org/info/rfc8312,200
rfc8868.xml,https://www.rfc-editor.org/info/rfc8867,200
rfc8868.xml,https://www.rfc-editor.org/info/rfc8869,200
rfc8868.xml,https://www.tcpdump.org/index.html,200
rfc8868.xml,https://www.wireshark.org,200
rfc8868.xml,https://media.xiph.org/video/derf/,200
rfc8745.xml,https://datatracker.ietf.org/doc/draft-ietf-pce-stateful-path-protection-11,200
rfc8745.xml,https://dx.doi.org/10.17487/rfc8745,200
rfc8745.xml,https://www.rfc-editor.org/info/rfc8745,200
rfc8745.xml,https://trustee.ietf.org/license-info,200
rfc8745.xml,https://www.rfc-editor.org/info/rfc2119,200
rfc8745.xml,https://www.rfc-editor.org/info/rfc3209,200
rfc8745.xml,https://www.rfc-editor.org/info/rfc4872,200
rfc8745.xml,https://www.rfc-editor.org/info/rfc5440,200
rfc8745.xml,https://www.rfc-editor.org/info/rfc7525,200
rfc8745.xml,https://www.rfc-editor.org/info/rfc8126,200
rfc8745.xml,https://www.rfc-editor.org/info/rfc8174,200
rfc8745.xml,https://www.rfc-editor.org/info/rfc8231,200
rfc8745.xml,https://www.rfc-editor.org/info/rfc8253,200
rfc8745.xml,https://www.rfc-editor.org/info/rfc8281,200
rfc8745.xml,https://www.rfc-editor.org/info/rfc8697,200
rfc8745.xml,https://tools.ietf.org/html/draft-ietf-pce-association-diversity-14,200
rfc8745.xml,http://www.ietf.org/internet-drafts/draft-ietf-pce-association-diversity-14.txt,Connection error: HTTP Error 404: Not Found
rfc8745.xml,https://tools.ietf.org/html/draft-ietf-pce-pcep-yang-13,200
rfc8745.xml,http://www.ietf.org/internet-drafts/draft-ietf-pce-pcep-yang-13.txt,Connection error: HTTP Error 404: Not Found
rfc8745.xml,https://www.rfc-editor.org/info/rfc4427,200
rfc8745.xml,https://www.rfc-editor.org/info/rfc4655,200
rfc8745.xml,https://www.rfc-editor.org/info/rfc4657,200
rfc8745.xml,https://www.rfc-editor.org/info/rfc7420,200
rfc8745.xml,https://www.rfc-editor.org/info/rfc8051,200
rfc8745.xml,https://www.rfc-editor.org/info/rfc8664,200
rfc8745.xml,https://tools.ietf.org/html/draft-litkowski-pce-state-sync-07,200
rfc8745.xml,http://www.ietf.org/internet-drafts/draft-litkowski-pce-state-sync-07.txt,Connection error: HTTP Error 404: Not Found
rfc9337.xml,https://datatracker.ietf.org/doc/draft-pkcs5-gost-09,200
rfc9337.xml,https://dx.doi.org/10.17487/rfc9337,200
rfc9337.xml,https://www.rfc-editor.org/info/rfc9337,200
rfc9337.xml,https://trustee.ietf.org/license-info,200
rfc9337.xml,https://www.rfc-editor.org/info/rfc20,200
rfc9337.xml,https://www.rfc-editor.org/info/rfc20,200
rfc9337.xml,https://www.rfc-editor.org/info/rfc2104,200
rfc9337.xml,https://www.rfc-editor.org/info/rfc2104,200
rfc9337.xml,https://www.rfc-editor.org/info/rfc2119,200
rfc9337.xml,https://www.rfc-editor.org/info/rfc2119,200
rfc9337.xml,https://www.rfc-editor.org/info/rfc6986,200
rfc9337.xml,https://www.rfc-editor.org/info/rfc6986,200
rfc9337.xml,https://www.rfc-editor.org/info/rfc7801,200
rfc9337.xml,https://www.rfc-editor.org/info/rfc7801,200
rfc9337.xml,https://www.rfc-editor.org/info/rfc7836,200
rfc9337.xml,https://www.rfc-editor.org/info/rfc7836,200
rfc9337.xml,https://www.rfc-editor.org/info/rfc8018,200
rfc9337.xml,https://www.rfc-editor.org/info/rfc8018,200
rfc9337.xml,https://www.rfc-editor.org/info/rfc8174,200
rfc9337.xml,https://www.rfc-editor.org/info/rfc8174,200
rfc9337.xml,https://www.rfc-editor.org/info/rfc8645,200
rfc9337.xml,https://www.rfc-editor.org/info/rfc8645,200
rfc9337.xml,https://www.rfc-editor.org/info/rfc8891,200
rfc9337.xml,https://www.rfc-editor.org/info/rfc8891,200
rfc9337.xml,https://www.rfc-editor.org/info/rfc6070,200
rfc9337.xml,https://www.rfc-editor.org/info/rfc6070,200
rfc8944.xml,https://datatracker.ietf.org/doc/draft-ietf-i2rs-yang-l2-network-topology-18,200
rfc8944.xml,https://dx.doi.org/10.17487/rfc8944,200
rfc8944.xml,https://www.rfc-editor.org/info/rfc8944,200
rfc8944.xml,https://trustee.ietf.org/license-info,200
rfc8944.xml,https://www.rfc-editor.org/info/rfc2119,200
rfc8944.xml,https://www.rfc-editor.org/info/rfc3688,200
rfc8944.xml,https://www.rfc-editor.org/info/rfc6020,200
rfc8944.xml,https://www.rfc-editor.org/info/rfc6241,200
rfc8944.xml,https://www.rfc-editor.org/info/rfc6242,200
rfc8944.xml,https://www.rfc-editor.org/info/rfc6991,200
rfc8944.xml,https://www.rfc-editor.org/info/rfc7224,200
rfc8944.xml,https://www.rfc-editor.org/info/rfc7348,200
rfc8944.xml,https://www.rfc-editor.org/info/rfc7950,200
rfc8944.xml,https://www.rfc-editor.org/info/rfc8040,200
rfc8944.xml,https://www.rfc-editor.org/info/rfc8174,200
rfc8944.xml,https://www.rfc-editor.org/info/rfc8341,200
rfc8944.xml,https://www.rfc-editor.org/info/rfc8345,200
rfc8944.xml,https://www.rfc-editor.org/info/rfc8446,200
rfc8944.xml,https://tools.ietf.org/html/draft-ietf-i2rs-usecase-reqs-summary-03,200
rfc8944.xml,https://www.ietf.org/internet-drafts/draft-ietf-i2rs-usecase-reqs-summary-03.txt,Connection error: HTTP Error 404: Not Found
rfc8944.xml,https://doi.org/10.1109/IEEESTD.2016.7433915,Connection error: HTTP Error 418: Unknown Code
rfc8944.xml,https://doi.org/10.1109/IEEESTD.2006.6044678,Connection error: HTTP Error 418: Unknown Code
rfc8944.xml,https://doi.org/10.1109/IEEESTD.2008.4602826,Connection error: HTTP Error 418: Unknown Code
rfc8944.xml,https://doi.org/10.1109/IEEESTD.2014.6991462,Connection error: HTTP Error 418: Unknown Code
rfc8944.xml,https://doi.org/10.1109/IEEESTD.2018.8467507,Connection error: HTTP Error 418: Unknown Code
rfc8944.xml,https://www.rfc-editor.org/info/rfc7727,200
rfc8944.xml,https://www.rfc-editor.org/info/rfc7951,200
rfc8944.xml,https://www.rfc-editor.org/info/rfc8340,200
rfc8944.xml,https://www.rfc-editor.org/info/rfc8342,200
rfc8944.xml,https://tools.ietf.org/html/draft-ietf-trill-yang-04,200
rfc8944.xml,https://www.ietf.org/internet-drafts/draft-ietf-trill-yang-04.txt,Connection error: HTTP Error 404: Not Found
rfc9340.xml,https://datatracker.ietf.org/doc/draft-irtf-qirg-principles-11,200
rfc9340.xml,https://dx.doi.org/10.17487/rfc9340,200
rfc9340.xml,https://www.rfc-editor.org/info/rfc9340,200
rfc9340.xml,https://trustee.ietf.org/license-info,200
rfc9340.xml,https://www.nature.com/articles/s41467-018-04916-z,200
rfc9340.xml,https://ieeexplore.ieee.org/document/8767074,Connection error: HTTP Error 418: Unknown Code
rfc9340.xml,https://iopscience.iop.org/article/10.1088/1367-2630/ac0a35,200
rfc9340.xml,https://journals.aps.org/prl/abstract/10.1103/PhysRevLett.47.460,Connection error: HTTP Error 403: Forbidden
rfc9340.xml,https://www.sciencedirect.com/science/article/pii/S0304397514004241?via%3Dihub,Connection error: HTTP Error 403: Forbidden
rfc9340.xml,https://journals.aps.org/prl/abstract/10.1103/PhysRevLett.70.1895,Connection error: HTTP Error 403: Forbidden
rfc9340.xml,https://journals.aps.org/pra/abstract/10.1103/PhysRevA.54.3824,Connection error: HTTP Error 403: Forbidden
rfc9340.xml,https://journals.aps.org/prx/abstract/10.1103/PhysRevX.9.031045,Connection error: HTTP Error 403: Forbidden
rfc9340.xml,https://journals.aps.org/prl/abstract/10.1103/PhysRevLett.81.5932,Connection error: HTTP Error 403: Forbidden
rfc9340.xml,https://link.springer.com/chapter/10.1007/978-3-642-13678-8_2,200
rfc9340.xml,https://ieeexplore.ieee.org/document/9023997,Connection error: HTTP Error 418: Unknown Code
rfc9340.xml,https://journals.aps.org/pra/abstract/10.1103/PhysRevA.59.4249,Connection error: HTTP Error 403: Forbidden
rfc9340.xml,https://dl.acm.org/doi/abs/10.1145/52324.52336,Connection error: HTTP Error 403: Forbidden
rfc9340.xml,https://dl.acm.org/doi/10.1145/509907.510000,Connection error: HTTP Error 403: Forbidden
rfc9340.xml,https://dl.acm.org/doi/10.1145/3341302.3342070,Connection error: HTTP Error 403: Forbidden
rfc9340.xml,https://iopscience.iop.org/article/10.1088/0034-4885/76/7/076001,200
rfc9340.xml,https://www.quantum-network.com/applications/7/,200
rfc9340.xml,https://iopscience.iop.org/article/10.1088/0034-4885/70/8/R03,200
rfc9340.xml,https://journals.aps.org/prl/abstract/10.1103/PhysRevLett.67.661,Connection error: HTTP Error 403: Forbidden
rfc9340.xml,https://arxiv.org/abs/1007.1616,200
rfc9340.xml,https://dl.acm.org/doi/abs/10.1145/863955.863982,Connection error: HTTP Error 403: Forbidden
rfc9340.xml,https://journals.aps.org/pra/abstract/10.1103/PhysRevA.96.012303,Connection error: HTTP Error 403: Forbidden
rfc9340.xml,https://journals.aps.org/prl/abstract/10.1103/PhysRevLett.104.180503,Connection error: HTTP Error 403: Forbidden
rfc9340.xml,https://www.science.org/doi/10.1126/science.1104149,Connection error: HTTP Error 403: Forbidden
rfc9340.xml,https://journals.aps.org/prl/abstract/10.1103/PhysRevLett.109.070503,Connection error: HTTP Error 403: Forbidden
rfc9340.xml,https://www.nature.com/articles/nature15759,200
rfc9340.xml,https://journals.aps.org/pra/abstract/10.1103/PhysRevA.79.032325,Connection error: HTTP Error 403: Forbidden
rfc9340.xml,https://www.science.org/doi/10.1126/sciadv.aba0959,Connection error: HTTP Error 403: Forbidden
rfc9340.xml,https://www.nature.com/articles/nature07127,200
rfc9340.xml,https://www.nature.com/articles/nphys3000,200
rfc9340.xml,https://journals.aps.org/pra/abstract/10.1103/PhysRevA.100.052333,Connection error: HTTP Error 403: Forbidden
rfc9340.xml,https://www.nature.com/articles/nature06118,200
rfc9340.xml,https://www.nature.com/articles/srep20463,200
rfc9340.xml,https://onlinelibrary.wiley.com/doi/10.1002/qute.202000025,Connection error: HTTP Error 403: Forbidden
rfc9340.xml,https://journals.aps.org/pra/abstract/10.1103/PhysRevA.93.042338,Connection error: HTTP Error 403: Forbidden
rfc9340.xml,https://arxiv.org/abs/2112.07185,200
rfc9340.xml,http://mmrc.amss.cas.cn/tlb/201702/W020170224608149940643.pdf,Connection error: HTTP Error 404: Not Found
rfc9340.xml,https://link.springer.com/article/10.1007/BF00708652,200
rfc9340.xml,https://iopscience.iop.org/article/10.1088/1367-2630/11/7/075001,200
rfc9340.xml,https://www.science.org/doi/10.1126/science.abg1919,Connection error: HTTP Error 403: Forbidden
rfc9340.xml,https://www.nature.com/articles/s41534-022-00631-2,200
rfc9340.xml,https://datatracker.ietf.org/doc/html/draft-irtf-qirg-quantum-internet-use-cases-15,200
rfc9340.xml,https://link.springer.com/article/10.1007/s11128-017-1525-y,200
rfc9340.xml,https://www.quantum-network.com/applications/5/,200
rfc9340.xml,https://www.rfc-editor.org/info/rfc1958,200
rfc9340.xml,https://journals.aps.org/rmp/abstract/10.1103/RevModPhys.83.33,Connection error: HTTP Error 403: Forbidden
rfc9340.xml,https://iopscience.iop.org/article/10.1088/2058-9565/aac11f,200
rfc9340.xml,https://ieeexplore.ieee.org/document/9477172,Connection error: HTTP Error 418: Unknown Code
rfc9340.xml,https://www.packtpub.com/product/dancing-with-qubits/9781838827366,Connection error: HTTP Error 403: Forbidden
rfc9340.xml,https://www.nature.com/articles/s41598-019-50290-1,200
rfc9340.xml,https://www.quantum-network.com/applications/1/,200
rfc9340.xml,https://ieeexplore.ieee.org/document/5388928,Connection error: HTTP Error 418: Unknown Code
rfc9340.xml,https://ieeexplore.ieee.org/document/6576340,Connection error: HTTP Error 418: Unknown Code
rfc9340.xml,https://link.springer.com/article/10.1007/s13119-013-0026-2,200
rfc9340.xml,https://onlinelibrary.wiley.com/doi/book/10.1002/9781118648919,Connection error: HTTP Error 403: Forbidden
rfc9340.xml,https://www.nature.com/articles/s41534-021-00400-7,200
rfc9340.xml,https://www.science.org/doi/full/10.1126/science.aam9288,Connection error: HTTP Error 403: Forbidden
rfc9340.xml,https://onlinelibrary.wiley.com/doi/10.1002/lpor.202100219,Connection error: HTTP Error 403: Forbidden
rfc9340.xml,https://www.nature.com/articles/299802a0,200
rfc9340.xml,https://wiki.veriqloud.fr/,200
rfc9258.xml,https://datatracker.ietf.org/doc/draft-ietf-tls-external-psk-importer-08,200
rfc9258.xml,https://dx.doi.org/10.17487/rfc9258,200
rfc9258.xml,https://www.rfc-editor.org/info/rfc9258,200
rfc9258.xml,https://trustee.ietf.org/license-info,200
rfc9258.xml,https://www.rfc-editor.org/info/rfc2119,200
rfc9258.xml,https://www.rfc-editor.org/info/rfc5056,200
rfc9258.xml,https://www.rfc-editor.org/info/rfc5869,200
rfc9258.xml,https://www.rfc-editor.org/info/rfc8126,200
rfc9258.xml,https://www.rfc-editor.org/info/rfc8174,200
rfc9258.xml,https://www.rfc-editor.org/info/rfc8446,200
rfc9258.xml,https://www.rfc-editor.org/info/rfc8447,200
rfc9258.xml,https://www.rfc-editor.org/info/rfc9147,200
rfc9258.xml,https://doi.org/10.14722/ndss.2015.23277,Connection error: HTTP Error 403: Forbidden
rfc9258.xml,https://datatracker.ietf.org/doc/html/draft-ietf-tls-esni-14,200
rfc9258.xml,https://www.ietf.org/archive/id/draft-ietf-tls-esni-14.txt,200
rfc9258.xml,https://eprint.iacr.org/2010/264,200
rfc9258.xml,https://www.rfc-editor.org/info/rfc9000,200
rfc9258.xml,https://www.rfc-editor.org/info/rfc5246,200
rfc9258.xml,https://www.rfc-editor.org/info/rfc7301,200
rfc9258.xml,https://eprint.iacr.org/2019/347.pdf,200
rfc9258.xml,https://doi.org/10.6028/NIST.FIPS.180-4,200
rfc9347.xml,https://datatracker.ietf.org/doc/draft-ietf-ipsecme-iptfs-19,200
rfc9347.xml,https://dx.doi.org/10.17487/rfc9347,200
rfc9347.xml,https://www.rfc-editor.org/info/rfc9347,200
rfc9347.xml,https://trustee.ietf.org/license-info,200
rfc9347.xml,https://www.rfc-editor.org/info/rfc2119,200
rfc9347.xml,https://www.rfc-editor.org/info/rfc2119,200
rfc9347.xml,https://www.rfc-editor.org/info/rfc4303,200
rfc9347.xml,https://www.rfc-editor.org/info/rfc4303,200
rfc9347.xml,https://www.rfc-editor.org/info/rfc7296,200
rfc9347.xml,https://www.rfc-editor.org/info/rfc7296,200
rfc9347.xml,https://www.rfc-editor.org/info/rfc8174,200
rfc9347.xml,https://www.rfc-editor.org/info/rfc8174,200
rfc9347.xml,https://www.rfc-editor.org/info/rfc791,200
rfc9347.xml,https://www.rfc-editor.org/info/rfc791,200
rfc9347.xml,https://www.rfc-editor.org/info/rfc1191,200
rfc9347.xml,https://www.rfc-editor.org/info/rfc1191,200
rfc9347.xml,https://www.rfc-editor.org/info/rfc2474,200
rfc9347.xml,https://www.rfc-editor.org/info/rfc2474,200
rfc9347.xml,https://www.rfc-editor.org/info/rfc2914,200
rfc9347.xml,https://www.rfc-editor.org/info/rfc2914,200
rfc9347.xml,https://www.rfc-editor.org/info/rfc3168,200
rfc9347.xml,https://www.rfc-editor.org/info/rfc3168,200
rfc9347.xml,https://www.rfc-editor.org/info/rfc4301,200
rfc9347.xml,https://www.rfc-editor.org/info/rfc4301,200
rfc9347.xml,https://www.rfc-editor.org/info/rfc4342,200
rfc9347.xml,https://www.rfc-editor.org/info/rfc4342,200
rfc9347.xml,https://www.rfc-editor.org/info/rfc4821,200
rfc9347.xml,https://www.rfc-editor.org/info/rfc4821,200
rfc9347.xml,https://www.rfc-editor.org/info/rfc5348,200
rfc9347.xml,https://www.rfc-editor.org/info/rfc5348,200
rfc9347.xml,https://www.rfc-editor.org/info/rfc6040,200
rfc9347.xml,https://www.rfc-editor.org/info/rfc6040,200
rfc9347.xml,https://www.rfc-editor.org/info/rfc7120,200
rfc9347.xml,https://www.rfc-editor.org/info/rfc7120,200
rfc9347.xml,https://www.rfc-editor.org/info/rfc7510,200
rfc9347.xml,https://www.rfc-editor.org/info/rfc7510,200
rfc9347.xml,https://www.rfc-editor.org/info/rfc7893,200
rfc9347.xml,https://www.rfc-editor.org/info/rfc8084,200
rfc9347.xml,https://www.rfc-editor.org/info/rfc8084,200
rfc9347.xml,https://www.rfc-editor.org/info/rfc8126,200
rfc9347.xml,https://www.rfc-editor.org/info/rfc8126,200
rfc9347.xml,https://www.rfc-editor.org/info/rfc8200,200
rfc9347.xml,https://www.rfc-editor.org/info/rfc8200,200
rfc9347.xml,https://www.rfc-editor.org/info/rfc8201,200
rfc9347.xml,https://www.rfc-editor.org/info/rfc8201,200
rfc9347.xml,https://www.rfc-editor.org/info/rfc8546,200
rfc9347.xml,https://www.rfc-editor.org/info/rfc8546,200
rfc9347.xml,https://www.rfc-editor.org/info/rfc8899,200
rfc9347.xml,https://www.rfc-editor.org/info/rfc8899,200
rfc9347.xml,https://www.rfc-editor.org/info/rfc9329,200
rfc9347.xml,https://www.rfc-editor.org/info/rfc9329,200
rfc9347.xml,https://www.rfc-editor.org/info/rfc9348,200
rfc9347.xml,https://www.rfc-editor.org/info/rfc9349,200
rfc9439.xml,https://datatracker.ietf.org/doc/draft-ietf-alto-performance-metrics-28,200
rfc9439.xml,https://dx.doi.org/10.17487/rfc9439,200
rfc9439.xml,https://www.rfc-editor.org/info/rfc9439,200
rfc9439.xml,https://trustee.ietf.org/license-info,200
rfc9439.xml,https://www.iana.org/assignments/performance-metrics/OWDelay_Active_IP-UDP-Poisson-Payload250B_RFC8912sec7_Seconds_95Percentile,200
rfc9439.xml,https://www.iana.org/assignments/alto-protocol/,200
rfc9439.xml,https://www.iana.org/assignments/performance-metrics/,200
rfc9439.xml,https://www.rfc-editor.org/info/rfc2119,200
rfc9439.xml,https://www.rfc-editor.org/info/rfc3630,200
rfc9439.xml,https://www.rfc-editor.org/info/rfc5305,200
rfc9439.xml,https://www.rfc-editor.org/info/rfc6390,200
rfc9439.xml,https://www.rfc-editor.org/info/rfc7285,200
rfc9439.xml,https://www.rfc-editor.org/info/rfc7471,200
rfc9439.xml,https://www.rfc-editor.org/info/rfc8126,200
rfc9439.xml,https://www.rfc-editor.org/info/rfc8174,200
rfc9439.xml,https://www.rfc-editor.org/info/rfc8259,200
rfc9439.xml,https://www.rfc-editor.org/info/rfc8446,200
rfc9439.xml,https://www.rfc-editor.org/info/rfc8570,200
rfc9439.xml,https://www.rfc-editor.org/info/rfc8571,200
rfc9439.xml,https://www.rfc-editor.org/info/rfc8895,200
rfc9439.xml,https://www.rfc-editor.org/info/rfc9110,200
rfc9439.xml,https://www.rfc-editor.org/info/rfc9438,200
rfc9439.xml,https://dl.acm.org/doi/10.1145/3366707,Connection error: HTTP Error 403: Forbidden
rfc9439.xml,https://dl.acm.org/doi/10.1109/TNET.2020.3016838,Connection error: HTTP Error 403: Forbidden
rfc9439.xml,https://datatracker.ietf.org/doc/html/draft-corre-quic-throughput-testing-00,200
rfc9439.xml,https://www.rfc-editor.org/info/rfc2330,200
rfc9439.xml,https://www.rfc-editor.org/info/rfc2681,200
rfc9439.xml,https://www.rfc-editor.org/info/rfc3393,200
rfc9439.xml,https://www.rfc-editor.org/info/rfc5357,200
rfc9439.xml,https://www.rfc-editor.org/info/rfc7679,200
rfc9439.xml,https://www.rfc-editor.org/info/rfc7971,200
rfc9439.xml,https://www.rfc-editor.org/info/rfc9000,200
rfc9424.xml,https://datatracker.ietf.org/doc/draft-ietf-opsec-indicators-of-compromise-04,200
rfc9424.xml,https://dx.doi.org/10.17487/rfc9424,200
rfc9424.xml,https://www.rfc-editor.org/info/rfc9424,200
rfc9424.xml,https://trustee.ietf.org/license-info,200
rfc9424.xml,https://www.ncsc.gov.uk/files/ACD-The-Fifth-Year-full-report.pdf,200
rfc9424.xml,https://docs.microsoft.com/en-us/windows/win32/fileio/file-streams,200
rfc9424.xml,https://otx.alienvault.com/,200
rfc9424.xml,https://www.ncsc.gov.uk/files/NCSC%20Annual%20Review%202021.pdf,200
rfc9424.xml,https://www.cisa.gov/uscert/ncas/alerts/aa21-321a,200
rfc9424.xml,https://www.cobaltstrike.com/,200
rfc9424.xml,https://resources.infosecinstitute.com/topic/domain-fronting/,200
rfc9424.xml,https://attack.mitre.org/techniques/T1483/,200
rfc9424.xml,https://www.mandiant.com/resources/blog/apt33-insights-into-iranian-cyber-espionage,Connection error: HTTP Error 403: Forbidden
rfc9424.xml,https://www.mandiant.com/resources/blog/overruled-containing-a-potentially-destructive-adversary,Connection error: HTTP Error 403: Forbidden
rfc9424.xml,https://attack.mitre.org/techniques/T1558/001/,200
rfc9424.xml,https://www.lockheedmartin.com/en-us/capabilities/cyber/cyber-kill-chain.html,200
rfc9424.xml,https://media.kasperskycontenthub.com/wp-content/uploads/sites/43/2018/03/07180244/Lazarus_Under_The_Hood_PDF_final.pdf,200
rfc9424.xml,https://www.open-access.bcu.ac.uk/7852/1/Cyber%20Threat%20Intelligence%20Sharing%20Survey%20and%20Research%20Directions.pdf,200
rfc9424.xml,https://www.sans.org/white-papers/36780/,200
rfc9424.xml,https://www.misp-project.org/,200
rfc9424.xml,https://datatracker.ietf.org/doc/html/draft-dulaunoy-misp-core-format-16,200
rfc9424.xml,https://research.nccgroup.com/2021/01/12/abusing-cloud-services-to-fly-under-the-radar/,Connection error: HTTP Error 404: Not Found
rfc9424.xml,https://csrc.nist.gov/glossary/term/security_control,200
rfc9424.xml,https://www.zdnet.com/article/iranian-hacker-group-becomes-first-known-apt-to-weaponize-dns-over-https-doh/,200
rfc9424.xml,https://www.fireeye.com/blog/threat-research/2013/10/openioc-basics.html,Connection error: HTTP Error 403: Forbidden
rfc9424.xml,https://www.opennic.org/,200
rfc9424.xml,https://webarchive.nationalarchives.gov.uk/ukgwa/20220301141030/https://www.ncsc.gov.uk/report/weekly-threat-report-8th-june-2018,200
rfc9424.xml,https://www.ncsc.gov.uk/information/pdns,200
rfc9424.xml,https://detect-respond.blogspot.com/2013/03/the-pyramid-of-pain.html,200
rfc9424.xml,https://www.rfc-editor.org/info/rfc7970,200
rfc9424.xml,https://attack.mitre.org/software/S0358/,200
rfc9424.xml,https://oasis-open.github.io/cti-documentation/stix/intro,200
rfc9424.xml,https://www.symantec.com/blogs/threat-intelligence/elfin-apt33-espionage,Connection error: HTTP Error 403: Forbidden
rfc9424.xml,https://oasis-open.github.io/cti-documentation/taxii/intro.html,200
rfc9424.xml,https://attack.mitre.org/techniques/T1099/,200
rfc9424.xml,https://www.first.org/tlp/,200
rfc8946.xml,https://datatracker.ietf.org/doc/draft-ietf-stir-passport-divert-09,200
rfc8946.xml,https://dx.doi.org/10.17487/rfc8946,200
rfc8946.xml,https://www.rfc-editor.org/info/rfc8946,200
rfc8946.xml,https://trustee.ietf.org/license-info,200
rfc8946.xml,https://www.iana.org/assignments/passport,200
rfc8946.xml,https://www.rfc-editor.org/info/rfc2119,200
rfc8946.xml,https://www.rfc-editor.org/info/rfc3261,200
rfc8946.xml,https://www.rfc-editor.org/info/rfc7044,200
rfc8946.xml,https://www.rfc-editor.org/info/rfc7519,200
rfc8946.xml,https://www.rfc-editor.org/info/rfc8174,200
rfc8946.xml,https://www.rfc-editor.org/info/rfc8224,200
rfc8946.xml,https://www.rfc-editor.org/info/rfc8225,200
rfc8946.xml,https://www.rfc-editor.org/info/rfc8226,200
rfc8946.xml,https://www.rfc-editor.org/info/rfc5806,200
rfc8946.xml,https://www.rfc-editor.org/info/rfc7340,200
rfc8946.xml,https://www.rfc-editor.org/info/rfc8443,200
rfc8946.xml,https://www.rfc-editor.org/info/rfc8816,200
rfc9209.xml,https://datatracker.ietf.org/doc/draft-ietf-httpbis-proxy-status-08,200
rfc9209.xml,https://dx.doi.org/10.17487/rfc9209,200
rfc9209.xml,https://www.rfc-editor.org/info/rfc9209,200
rfc9209.xml,https://trustee.ietf.org/license-info,200
rfc9209.xml,https://www.iana.org/assignments/tls-extensiontype-values#alpn-protocol-ids,200
rfc9209.xml,https://www.iana.org/assignments/http-proxy-status,200
rfc9209.xml,https://www.iana.org/assignments/http-proxy-status,200
rfc9209.xml,https://www.iana.org/assignments/http-proxy-status,200
rfc9209.xml,https://www.rfc-editor.org/info/rfc9110,200
rfc9209.xml,https://www.rfc-editor.org/info/rfc2119,200
rfc9209.xml,https://www.rfc-editor.org/info/rfc7301,200
rfc9209.xml,https://www.rfc-editor.org/info/rfc8126,200
rfc9209.xml,https://www.rfc-editor.org/info/rfc8174,200
rfc9209.xml,https://www.rfc-editor.org/info/rfc8499,200
rfc9209.xml,https://www.rfc-editor.org/info/rfc8914,200
rfc9209.xml,https://www.rfc-editor.org/info/rfc8941,200
rfc9209.xml,https://www.rfc-editor.org/info/rfc8446,200
rfc9209.xml,https://www.rfc-editor.org/info/rfc8586,200
rfc9563.xml,https://datatracker.ietf.org/doc/draft-cuiling-dnsop-sm2-alg-15,200
rfc9563.xml,https://dx.doi.org/10.17487/rfc9563,200
rfc9563.xml,https://www.rfc-editor.org/info/rfc9563,200
rfc9563.xml,https://trustee.ietf.org/license-info,200
rfc9563.xml,http://www.gmbz.org.cn/upload/2024-11-18/1731899501687024253.pdf,200
rfc9563.xml,http://www.gmbz.org.cn/upload/2024-11-18/1731899583359013934.pdf,200
rfc9563.xml,http://www.gmbz.org.cn/upload/2024-11-18/1731899426565012428.pdf,200
rfc9563.xml,https://www.iana.org/assignments/dns-sec-alg-numbers,200
rfc9563.xml,https://www.rfc-editor.org/info/rfc2119,200
rfc9563.xml,https://www.rfc-editor.org/info/rfc4033,200
rfc9563.xml,https://www.rfc-editor.org/info/rfc4034,200
rfc9563.xml,https://www.rfc-editor.org/info/rfc4035,200
rfc9563.xml,https://www.rfc-editor.org/info/rfc4509,200
rfc9563.xml,https://www.rfc-editor.org/info/rfc5155,200
rfc9563.xml,https://www.rfc-editor.org/info/rfc6840,200
rfc9563.xml,https://www.rfc-editor.org/info/rfc7583,200
rfc9563.xml,https://www.rfc-editor.org/info/rfc8174,200
rfc9563.xml,https://www.rfc-editor.org/info/rfc9276,200
rfc9563.xml,https://github.com/scooct/dnssec_sm2sm3,200
rfc9471.xml,https://datatracker.ietf.org/doc/draft-ietf-dnsop-glue-is-not-optional-09,200
rfc9471.xml,https://dx.doi.org/10.17487/rfc9471,200
rfc9471.xml,https://www.rfc-editor.org/info/rfc9471,200
rfc9471.xml,https://trustee.ietf.org/license-info,200
rfc9471.xml,https://www.rfc-editor.org/info/rfc1034,200
rfc9471.xml,https://www.rfc-editor.org/info/rfc1035,200
rfc9471.xml,https://www.rfc-editor.org/info/rfc2119,200
rfc9471.xml,https://www.rfc-editor.org/info/rfc8174,200
rfc9471.xml,https://czds.icann.org/,200
rfc9471.xml,https://en.wikipedia.org/wiki/Dig_(command),200
rfc9471.xml,https://dnsflagday.net/2020/,200
rfc9471.xml,https://www.rfc-editor.org/info/rfc2931,200
rfc9471.xml,https://www.rfc-editor.org/info/rfc4033,200
rfc9471.xml,https://www.rfc-editor.org/info/rfc4034,200
rfc9471.xml,https://www.rfc-editor.org/info/rfc4035,200
rfc9471.xml,https://www.rfc-editor.org/info/rfc6891,200
rfc9471.xml,https://www.rfc-editor.org/info/rfc8499,200
rfc9471.xml,https://www.rfc-editor.org/info/rfc8945,200
rfc9531.xml,https://datatracker.ietf.org/doc/draft-irtf-icnrg-pathsteering-07,200
rfc9531.xml,https://dx.doi.org/10.17487/rfc9531,200
rfc9531.xml,https://www.rfc-editor.org/info/rfc9531,200
rfc9531.xml,https://trustee.ietf.org/license-info,200
rfc9531.xml,https://conferences.sigcomm.org/acm-icn/2017/proceedings/icn17-2.pdf,200
rfc9531.xml,https://www.rfc-editor.org/info/rfc2119,200
rfc9531.xml,https://www.rfc-editor.org/info/rfc8174,200
rfc9531.xml,https://www.rfc-editor.org/info/rfc8569,200
rfc9531.xml,https://www.rfc-editor.org/info/rfc8609,200
rfc9531.xml,https://datatracker.ietf.org/doc/html/draft-irtf-icnrg-flic-05,200
rfc9531.xml,http://conferences2.sigcomm.org/acm-icn/2016/proceedings/p1-mahdian.pdf,200
rfc9531.xml,https://named-data.net/project/execsummary/,200
rfc9531.xml,https://redmine.named-data.net/projects/nfd/wiki/NDNLPv2,200
rfc9531.xml,https://named-data.net/doc/NDN-packet-spec/current/,200
rfc9531.xml,https://www.rfc-editor.org/info/rfc8029,200
rfc9531.xml,https://www.rfc-editor.org/info/rfc8793,200
rfc9531.xml,https://www.rfc-editor.org/info/rfc9217,200
rfc9531.xml,https://www.rfc-editor.org/info/rfc9507,200
rfc9531.xml,https://www.rfc-editor.org/info/rfc9508,200
rfc9531.xml,https://datatracker.ietf.org/doc/html/draft-dekater-panrg-scion-overview-05,200
rfc9531.xml,https://conferences.sigcomm.org/acm-icn/2018/proceedings/icn18-final62.pdf,200
rfc9707.xml,https://datatracker.ietf.org/doc/draft-iab-bias-workshop-report-02,200
rfc9707.xml,https://dx.doi.org/10.17487/rfc9707,200
rfc9707.xml,https://www.rfc-editor.org/info/rfc9707,200
rfc9707.xml,https://trustee.ietf.org/license-info,200
rfc9707.xml,https://www.apc.org,200
rfc9707.xml,https://datatracker.ietf.org/meeting/interim-2024-biasws-03/materials/slides-interim-2024-biasws-03-sessa-slide-how-internet-censorship-changed-in-russia-during-the-1st-year-of-military-conflict-in-ukraine-00.pdf,200
rfc9707.xml,https://www.ietf.org/slides/slides-biasws-a-c-in-cdn-access-service-to-and-from-the-internet-at-cost-for-community-networks-00.pdf,200
rfc9707.xml,https://www.irtf.org/gaia.html,Connection error: HTTP Error 403: Forbidden
rfc9707.xml,https://datatracker.ietf.org/meeting/interim-2024-biasws-03/materials/slides-interim-2024-biasws-03-sessa-online-censorship-in-india-pakistan-and-indonesia-00,200
rfc9707.xml,https://archive.org/details/eaten-by-the-internet/,200
rfc9707.xml,https://guifi.net/en,200
rfc9707.xml,https://www.ietf.org/slides/slides-biasws-a-framework-for-improving-web-affordability-and-inclusiveness-00.pdf,200
rfc9707.xml,https://www.ietf.org/slides/slides-biasws-evidence-for-a-digital-divide-measuring-dns-dependencies-in-the-context-of-the-indigenous-population-of-australia-00.pdf,200
rfc9707.xml,https://www.ietf.org/slides/slides-biasws-closing-the-performance-and-management-gaps-with-satellite-internet-challenges-approaches-and-future-directions-01.pdf,200
rfc9707.xml,https://www.ietf.org/slides/slides-biasws-universal-acceptance-of-domain-names-and-email-addresses-a-key-to-digital-inclusion-01.pdf,200
rfc9707.xml,https://www.internetsociety.org/action-plan/community-networks/,Connection error: HTTP Error 403: Forbidden
rfc9707.xml,https://www.ietf.org/slides/slides-biasws-community-networks-and-the-quest-for-quality-00.pdf,200
rfc9707.xml,https://www.ietf.org/slides/slides-biasws-m-lab-position-paper-01.pdf,200
rfc9707.xml,https://www.ietf.org/slides/slides-biasws-the-internet-only-for-the-fast-00.pdf,200
rfc9707.xml,https://www.cloudflare.com/en-gb/pangea/,Connection error: HTTP Error 403: Forbidden
rfc9707.xml,https://datatracker.ietf.org/meeting/interim-2024-biasws-03/materials/slides-interim-2024-biasws-03-sessa-investigating-the-vpn-ecosystem-through-the-lens-of-security-privacy-and-usability-00,200
rfc9707.xml,https://www.usenix.org/conference/usenixsecurity23/presentation/ramesh-vpn,200
rfc9707.xml,https://www.ietf.org/slides/slides-biasws-position-paper-by-raquel-renno-01.pdf,200
rfc9707.xml,https://www.rfc-editor.org/info/rfc7962,200
rfc9707.xml,https://www.ietf.org/slides/slides-biasws-imap-internet-monitoring-action-project-internet-censorship-report-02.pdf,200
rfc9707.xml,https://sdgs.un.org/goals,200
rfc9707.xml,https://arxiv.org/pdf/1912.08590,200
rfc9707.xml,https://tribalbroadbandbootcamp.org/,200
rfc9707.xml,https://datatracker.ietf.org/meeting/interim-2024-biasws-03/materials/slides-interim-2024-biasws-03-sessa-network-measurement-methods-for-locating-and-examining-censorship-devices-00.pdf,200
rfc9707.xml,https://datatracker.ietf.org/group/biasws/materials/,200
rfc9519.xml,https://datatracker.ietf.org/doc/draft-yee-ssh-iana-requirements-03,200
rfc9519.xml,https://dx.doi.org/10.17487/rfc9519,200
rfc9519.xml,https://www.rfc-editor.org/info/rfc9519,200
rfc9519.xml,https://trustee.ietf.org/license-info,200
rfc9519.xml,https://www.rfc-editor.org/info/rfc2119,200
rfc9519.xml,https://www.rfc-editor.org/info/rfc4250,200
rfc9519.xml,https://www.rfc-editor.org/info/rfc4819,200
rfc9519.xml,https://www.rfc-editor.org/info/rfc8126,200
rfc9519.xml,https://www.rfc-editor.org/info/rfc8174,200
rfc9519.xml,https://www.rfc-editor.org/info/rfc8308,200
rfc9519.xml,https://mailarchive.ietf.org/arch/msg/curdle/gdiOlZr9bnrZv8umVyguGG3woIM/,200
rfc9519.xml,https://www.rfc-editor.org/info/rfc4716,200
rfc9112.xml,https://datatracker.ietf.org/doc/draft-ietf-httpbis-messaging-19,200
rfc9112.xml,https://dx.doi.org/10.17487/rfc9112,200
rfc9112.xml,https://www.rfc-editor.org/info/rfc9112,200
rfc9112.xml,https://trustee.ietf.org/license-info,200
rfc9112.xml,https://www.iana.org/assignments/http-parameters,200
rfc9112.xml,https://www.iana.org/assignments/http-fields,200
rfc9112.xml,https://www.iana.org/assignments/media-types,200
rfc9112.xml,https://www.iana.org/assignments/http-parameters/,200
rfc9112.xml,https://www.iana.org/assignments/tls-extensiontype-values/,200
rfc9112.xml,https://www.rfc-editor.org/info/rfc9111,200
rfc9112.xml,https://www.rfc-editor.org/info/rfc9110,200
rfc9112.xml,https://www.rfc-editor.org/info/rfc1950,200
rfc9112.xml,https://www.rfc-editor.org/info/rfc1951,200
rfc9112.xml,https://www.rfc-editor.org/info/rfc1952,200
rfc9112.xml,https://www.rfc-editor.org/info/rfc2119,200
rfc9112.xml,https://www.rfc-editor.org/info/rfc5234,200
rfc9112.xml,https://www.rfc-editor.org/info/rfc7405,200
rfc9112.xml,https://www.rfc-editor.org/info/rfc8174,200
rfc9112.xml,https://www.rfc-editor.org/info/rfc8446,200
rfc9112.xml,https://www.rfc-editor.org/info/rfc3986,200
rfc9112.xml,https://ieeexplore.ieee.org/document/1659158/,Connection error: HTTP Error 418: Unknown Code
rfc9112.xml,https://www.rfc-editor.org/info/rfc1945,200
rfc9112.xml,https://packetstormsecurity.com/papers/general/whitepaper_httpresponse.pdf,200
rfc9112.xml,https://www.cgisecurity.com/lib/HTTP-Request-Smuggling.pdf,Connection error: HTTP Error 403: Forbidden
rfc9112.xml,https://www.rfc-editor.org/info/rfc2045,200
rfc9112.xml,https://www.rfc-editor.org/info/rfc2046,200
rfc9112.xml,https://www.rfc-editor.org/info/rfc2049,200
rfc9112.xml,https://www.rfc-editor.org/info/rfc2068,200
rfc9112.xml,https://www.rfc-editor.org/info/rfc2557,200
rfc9112.xml,https://www.rfc-editor.org/info/rfc5322,200
rfc9112.xml,https://www.rfc-editor.org/info/rfc7230,200
rfc9112.xml,https://www.rfc-editor.org/info/rfc8126,200
rfc8753.xml,https://datatracker.ietf.org/doc/draft-klensin-idna-unicode-review-05,200
rfc8753.xml,https://dx.doi.org/10.17487/rfc8753,200
rfc8753.xml,https://www.rfc-editor.org/info/rfc8753,200
rfc8753.xml,https://trustee.ietf.org/license-info,200
rfc8753.xml,https://www.iana.org/assignments/idna-tables,200
rfc8753.xml,https://www.rfc-editor.org/info/rfc5892,200
rfc8753.xml,https://www.rfc-editor.org/rfc/rfc5892.txt,200
rfc8753.xml,https://www.rfc-editor.org/info/rfc8126,200
rfc8753.xml,http://www.unicode.org/versions/latest/,200
rfc8753.xml,https://www.unicode.org/versions/Unicode11.0.0/,200
rfc8753.xml,https://www.rfc-editor.org/errata/eid3312,200
rfc8753.xml,https://www.iab.org/documents/correspondence-reports-documents/2018-2/iab-statement-on-identifiers-and-unicode/,Connection error: HTTP Error 403: Forbidden
rfc8753.xml,https://www.iab.org/documents/correspondence-reports-documents/2015-2/iab-statement-on-identifiers-and-unicode-7-0-0/,Connection error: HTTP Error 403: Forbidden
rfc8753.xml,https://www.icann.org/public-comments/proposed-iana-sla-lgr-idn-tables-2019-06-10-en,Connection error: HTTP Error 403: Forbidden
rfc8753.xml,https://tools.ietf.org/html/draft-klensin-idna-5892upd-unicode70-05,200
rfc8753.xml,http://www.ietf.org/internet-drafts/draft-klensin-idna-5892upd-unicode70-05.txt,Connection error: HTTP Error 404: Not Found
rfc8753.xml,https://tools.ietf.org/html/draft-faltstrom-unicode11-08,200
rfc8753.xml,http://www.ietf.org/internet-drafts/draft-faltstrom-unicode11-08.txt,Connection error: HTTP Error 404: Not Found
rfc8753.xml,https://tools.ietf.org/html/draft-faltstrom-unicode12-00,200
rfc8753.xml,http://www.ietf.org/internet-drafts/draft-faltstrom-unicode12-00.txt,Connection error: HTTP Error 404: Not Found
rfc8753.xml,https://tools.ietf.org/html/draft-klensin-idna-rfc5891bis-05,200
rfc8753.xml,http://www.ietf.org/internet-drafts/draft-klensin-idna-rfc5891bis-05.txt,Connection error: HTTP Error 404: Not Found
rfc8753.xml,https://www.rfc-editor.org/info/rfc1766,200
rfc8753.xml,https://www.rfc-editor.org/info/rfc3282,200
rfc8753.xml,https://www.rfc-editor.org/info/rfc3454,200
rfc8753.xml,https://www.rfc-editor.org/info/rfc3490,200
rfc8753.xml,https://www.rfc-editor.org/info/rfc3491,200
rfc8753.xml,https://www.rfc-editor.org/info/rfc3629,200
rfc8753.xml,https://www.rfc-editor.org/info/rfc4690,200
rfc8753.xml,https://www.rfc-editor.org/info/rfc5646,200
rfc8753.xml,https://www.rfc-editor.org/info/rfc5890,200
rfc8753.xml,https://www.rfc-editor.org/info/rfc5894,200
rfc8753.xml,https://www.rfc-editor.org/info/rfc6452,200
rfc9313.xml,https://datatracker.ietf.org/doc/draft-ietf-v6ops-transition-comparison-04,200
rfc9313.xml,https://dx.doi.org/10.17487/rfc9313,200
rfc9313.xml,https://www.rfc-editor.org/info/rfc9313,200
rfc9313.xml,https://trustee.ietf.org/license-info,200
rfc9313.xml,https://openwrt.org/packages/start,200
rfc9313.xml,https://www.rfc-editor.org/info/rfc2473,200
rfc9313.xml,https://www.rfc-editor.org/info/rfc2544,200
rfc9313.xml,https://www.rfc-editor.org/info/rfc2663,200
rfc9313.xml,https://www.rfc-editor.org/info/rfc4814,200
rfc9313.xml,https://www.rfc-editor.org/info/rfc5180,200
rfc9313.xml,https://www.rfc-editor.org/info/rfc5452,200
rfc9313.xml,https://www.rfc-editor.org/info/rfc6052,200
rfc9313.xml,https://www.rfc-editor.org/info/rfc6146,200
rfc9313.xml,https://www.rfc-editor.org/info/rfc6147,200
rfc9313.xml,https://www.rfc-editor.org/info/rfc6180,200
rfc9313.xml,https://www.rfc-editor.org/info/rfc6269,200
rfc9313.xml,https://www.rfc-editor.org/info/rfc6333,200
rfc9313.xml,https://www.rfc-editor.org/info/rfc6346,200
rfc9313.xml,https://www.rfc-editor.org/info/rfc6519,200
rfc9313.xml,https://www.rfc-editor.org/info/rfc6877,200
rfc9313.xml,https://www.rfc-editor.org/info/rfc6887,200
rfc9313.xml,https://www.rfc-editor.org/info/rfc6888,200
rfc9313.xml,https://www.rfc-editor.org/info/rfc6889,200
rfc9313.xml,https://www.rfc-editor.org/info/rfc7050,200
rfc9313.xml,https://www.rfc-editor.org/info/rfc7269,200
rfc9313.xml,https://www.rfc-editor.org/info/rfc7341,200
rfc9313.xml,https://www.rfc-editor.org/info/rfc7393,200
rfc9313.xml,https://www.rfc-editor.org/info/rfc7422,200
rfc9313.xml,https://www.rfc-editor.org/info/rfc7596,200
rfc9313.xml,https://www.rfc-editor.org/info/rfc7597,200
rfc9313.xml,https://www.rfc-editor.org/info/rfc7599,200
rfc9313.xml,https://www.rfc-editor.org/info/rfc7605,200
rfc9313.xml,https://www.rfc-editor.org/info/rfc7757,200
rfc9313.xml,https://www.rfc-editor.org/info/rfc7915,200
rfc9313.xml,https://www.rfc-editor.org/info/rfc7950,200
rfc9313.xml,https://www.rfc-editor.org/info/rfc8114,200
rfc9313.xml,https://www.rfc-editor.org/info/rfc8215,200
rfc9313.xml,https://www.rfc-editor.org/info/rfc8219,200
rfc9313.xml,https://www.rfc-editor.org/info/rfc8415,200
rfc9313.xml,https://www.rfc-editor.org/info/rfc8512,200
rfc9313.xml,https://www.rfc-editor.org/info/rfc8513,200
rfc9313.xml,https://www.rfc-editor.org/info/rfc8658,200
rfc9313.xml,https://www.rfc-editor.org/info/rfc8676,200
rfc9313.xml,https://www.rfc-editor.org/info/rfc8683,200
rfc9313.xml,https://downloads.isc.org/isc/aftr/,200
rfc9313.xml,https://www.infocommunications.hu/2021_4_2,200
rfc9313.xml,https://datatracker.ietf.org/doc/html/draft-lencse-v6ops-transition-benchmarking-01,200
rfc9313.xml,https://www.ietf.org/archive/id/draft-lencse-v6ops-transition-benchmarking-01.txt,200
rfc9313.xml,https://datatracker.ietf.org/doc/html/draft-lencse-v6ops-transition-scalability-03,200
rfc9313.xml,https://www.ietf.org/archive/id/draft-lencse-v6ops-transition-scalability-03.txt,200
rfc9313.xml,http://www.jool.mx,200
rfc9313.xml,https://www.jool.mx/en/run-mapt.html,200
rfc9313.xml,http://www.hit.bme.hu/~lencse/publications/ECS-2018-Methodology-revised.pdf,200
rfc9313.xml,http://www.hit.bme.hu/~lencse/publications/e102-b_10_2021.pdf,200
rfc9313.xml,https://link.springer.com/article/10.1007/s11235-020-00681-x,200
rfc9313.xml,https://ijates.org/index.php/ijates/article/view/291,Connection error: <urlopen error [SSL: CERTIFICATE_VERIFY_FAILED] certificate verify failed: self-signed certificate in certificate chain (_ssl.c:1006)>
rfc9313.xml,https://doi.org/10.1587/transcom.2019EBN0010,200
rfc9313.xml,https://www.jstage.jst.go.jp/article/transcom/E93.B/5/E93.B_5_1078/_article,200
rfc9313.xml,https://datatracker.ietf.org/doc/html/draft-ietf-tsvwg-natsupp-23,200
rfc9313.xml,https://www.ietf.org/archive/id/draft-ietf-tsvwg-natsupp-23.txt,200
rfc9313.xml,https://datatracker.ietf.org/doc/html/draft-ietf-v6ops-464xlat-optimization-03,200
rfc9313.xml,https://www.ietf.org/archive/id/draft-ietf-v6ops-464xlat-optimization-03.txt,200
rfc9313.xml,http://www.hit.bme.hu/~lencse/publications/TSP-2014-PC.pdf,200
rfc9313.xml,https://github.com/lencsegabor/siitperf,200
rfc9313.xml,https://github.com/Igalia/snabb,200
rfc9313.xml,https://www.broadband-forum.org/technical/download/TR-069.pdf,200
rfc9313.xml,https://wiki.fd.io/index.php?title=VPP&oldid=11809,200
rfc8838.xml,https://datatracker.ietf.org/doc/draft-ietf-ice-trickle-21,200
rfc8838.xml,https://dx.doi.org/10.17487/rfc8838,200
rfc8838.xml,https://www.rfc-editor.org/info/rfc8838,200
rfc8838.xml,https://trustee.ietf.org/license-info,200
rfc8838.xml,https://www.rfc-editor.org/info/rfc2119,200
rfc8838.xml,https://www.rfc-editor.org/info/rfc8174,200
rfc8838.xml,https://www.rfc-editor.org/info/rfc8445,200
rfc8838.xml,https://www.rfc-editor.org/info/rfc1918,200
rfc8838.xml,https://www.rfc-editor.org/info/rfc3261,200
rfc8838.xml,https://www.rfc-editor.org/info/rfc3264,200
rfc8838.xml,https://www.rfc-editor.org/info/rfc4566,200
rfc8838.xml,https://www.rfc-editor.org/info/rfc4787,200
rfc8838.xml,https://www.rfc-editor.org/info/rfc5389,200
rfc8838.xml,https://www.rfc-editor.org/info/rfc5766,200
rfc8838.xml,https://www.rfc-editor.org/info/rfc6120,200
rfc8838.xml,https://www.rfc-editor.org/info/rfc6336,200
rfc8838.xml,https://www.rfc-editor.org/info/rfc8828,200
rfc8838.xml,https://www.rfc-editor.org/info/rfc8840,200
rfc9114.xml,https://dx.doi.org/10.17487/rfc9114,200
rfc9114.xml,https://datatracker.ietf.org/doc/draft-ietf-quic-http-latest,200
rfc9114.xml,https://www.rfc-editor.org/info/rfc9114,200
rfc9114.xml,https://trustee.ietf.org/license-info,200
rfc9114.xml,https://www.iana.org/assignments/http-fields/,200
rfc9114.xml,https://www.rfc-editor.org/info/rfc7838,200
rfc9114.xml,https://www.rfc-editor.org/info/rfc6265,200
rfc9114.xml,https://www.rfc-editor.org/info/rfc9110,200
rfc9114.xml,https://www.rfc-editor.org/info/rfc9111,200
rfc9114.xml,https://www.rfc-editor.org/info/rfc8470,200
rfc9114.xml,https://www.rfc-editor.org/info/rfc9204,200
rfc9114.xml,https://www.rfc-editor.org/info/rfc9000,200
rfc9114.xml,https://www.rfc-editor.org/info/rfc793,200
rfc9114.xml,https://www.rfc-editor.org/info/rfc2119,200
rfc9114.xml,https://www.rfc-editor.org/info/rfc6066,200
rfc9114.xml,https://www.rfc-editor.org/info/rfc7301,200
rfc9114.xml,https://www.rfc-editor.org/info/rfc8126,200
rfc9114.xml,https://www.rfc-editor.org/info/rfc8174,200
rfc9114.xml,https://www.rfc-editor.org/info/rfc3986,200
rfc9114.xml,"http://breachattack.com/resources/BREACH%20-%20SSL,%20gone%20in%2030%20seconds.pdf",200
rfc9114.xml,https://www.rfc-editor.org/info/rfc8499,200
rfc9114.xml,https://www.rfc-editor.org/info/rfc7541,200
rfc9114.xml,https://www.rfc-editor.org/info/rfc9112,200
rfc9114.xml,https://www.rfc-editor.org/info/rfc9113,200
rfc9114.xml,https://www.rfc-editor.org/info/rfc6585,200
rfc9114.xml,https://www.rfc-editor.org/info/rfc8164,200
rfc9114.xml,https://www.rfc-editor.org/info/rfc7413,200
rfc9114.xml,https://www.rfc-editor.org/info/rfc8446,200
rfc9142.xml,https://datatracker.ietf.org/doc/draft-ietf-curdle-ssh-kex-sha2-20,200
rfc9142.xml,https://dx.doi.org/10.17487/rfc9142,200
rfc9142.xml,https://www.rfc-editor.org/info/rfc9142,200
rfc9142.xml,https://trustee.ietf.org/license-info,200
rfc9142.xml,https://www.rfc-editor.org/info/rfc2119,200
rfc9142.xml,https://www.rfc-editor.org/info/rfc4250,200
rfc9142.xml,https://www.rfc-editor.org/info/rfc4253,200
rfc9142.xml,https://www.rfc-editor.org/info/rfc8174,200
rfc9142.xml,https://www.rfc-editor.org/info/rfc8268,200
rfc9142.xml,https://www.rfc-editor.org/info/rfc8270,200
rfc9142.xml,https://www.rfc-editor.org/info/rfc8308,200
rfc9142.xml,https://www.rfc-editor.org/info/rfc8731,200
rfc9142.xml,https://www.iana.org/assignments/ssh-parameters/,200
rfc9142.xml,https://doi.org/10.6028/NIST.FIPS.202,200
rfc9142.xml,https://doi.org/10.6028/NIST.SP.800-107r1,200
rfc9142.xml,https://doi.org/10.6028/NIST.SP.800-57pt1r5,200
rfc9142.xml,https://www.rfc-editor.org/info/rfc2409,200
rfc9142.xml,https://www.rfc-editor.org/info/rfc3526,200
rfc9142.xml,https://www.rfc-editor.org/info/rfc4086,200
rfc9142.xml,https://www.rfc-editor.org/info/rfc4251,200
rfc9142.xml,https://www.rfc-editor.org/info/rfc4419,200
rfc9142.xml,https://www.rfc-editor.org/info/rfc4432,200
rfc9142.xml,https://www.rfc-editor.org/info/rfc4462,200
rfc9142.xml,https://www.rfc-editor.org/info/rfc5656,200
rfc9142.xml,https://www.rfc-editor.org/info/rfc6194,200
rfc9142.xml,https://www.rfc-editor.org/info/rfc6234,200
rfc9142.xml,https://www.rfc-editor.org/info/rfc7748,200
rfc9142.xml,https://www.rfc-editor.org/info/rfc8031,200
rfc9142.xml,https://www.rfc-editor.org/info/rfc8732,200
rfc9142.xml,https://doi.org/10.14722/ndss.2016.23418,Connection error: HTTP Error 403: Forbidden
rfc9363.xml,https://datatracker.ietf.org/doc/draft-ietf-lpwan-schc-yang-data-model-21,200
rfc9363.xml,https://dx.doi.org/10.17487/rfc9363,200
rfc9363.xml,https://www.rfc-editor.org/info/rfc9363,200
rfc9363.xml,https://trustee.ietf.org/license-info,200
rfc9363.xml,https://www.rfc-editor.org/info/rfc768,200
rfc9363.xml,https://www.rfc-editor.org/info/rfc2119,200
rfc9363.xml,https://www.rfc-editor.org/info/rfc3688,200
rfc9363.xml,https://www.rfc-editor.org/info/rfc6020,200
rfc9363.xml,https://www.rfc-editor.org/info/rfc6241,200
rfc9363.xml,https://www.rfc-editor.org/info/rfc6242,200
rfc9363.xml,https://www.rfc-editor.org/info/rfc7136,200
rfc9363.xml,https://www.rfc-editor.org/info/rfc7252,200
rfc9363.xml,https://www.rfc-editor.org/info/rfc8040,200
rfc9363.xml,https://www.rfc-editor.org/info/rfc8174,200
rfc9363.xml,https://www.rfc-editor.org/info/rfc8200,200
rfc9363.xml,https://www.rfc-editor.org/info/rfc8341,200
rfc9363.xml,https://www.rfc-editor.org/info/rfc8342,200
rfc9363.xml,https://www.rfc-editor.org/info/rfc8446,200
rfc9363.xml,https://www.rfc-editor.org/info/rfc8613,200
rfc9363.xml,https://www.rfc-editor.org/info/rfc8724,200
rfc9363.xml,https://www.rfc-editor.org/info/rfc8824,200
rfc9363.xml,https://datatracker.ietf.org/doc/html/draft-ietf-lpwan-architecture-02,200
rfc9363.xml,https://www.rfc-editor.org/info/rfc7950,200
rfc9363.xml,https://www.rfc-editor.org/info/rfc7967,200
rfc9363.xml,https://www.rfc-editor.org/info/rfc8376,200
rfc9363.xml,https://www.rfc-editor.org/info/rfc9011,200
rfc9093.xml,https://datatracker.ietf.org/doc/draft-ietf-ccamp-layer0-types-09,200
rfc9093.xml,https://dx.doi.org/10.17487/rfc9093,200
rfc9093.xml,https://www.rfc-editor.org/info/rfc9093,200
rfc9093.xml,https://trustee.ietf.org/license-info,200
rfc9093.xml,https://www.rfc-editor.org/info/rfc4203,200
rfc9093.xml,https://www.rfc-editor.org/info/rfc6163,200
rfc9093.xml,https://www.rfc-editor.org/info/rfc6205,200
rfc9093.xml,https://www.rfc-editor.org/info/rfc6241,200
rfc9093.xml,https://www.rfc-editor.org/info/rfc6242,200
rfc9093.xml,https://www.rfc-editor.org/info/rfc7698,200
rfc9093.xml,https://www.rfc-editor.org/info/rfc7699,200
rfc9093.xml,https://www.rfc-editor.org/info/rfc7950,200
rfc9093.xml,https://www.rfc-editor.org/info/rfc8040,200
rfc9093.xml,https://www.rfc-editor.org/info/rfc8341,200
rfc9093.xml,https://www.rfc-editor.org/info/rfc8342,200
rfc9093.xml,https://www.rfc-editor.org/info/rfc8363,200
rfc9093.xml,https://www.rfc-editor.org/info/rfc8446,200
rfc9093.xml,https://www.rfc-editor.org/info/rfc8776,200
rfc9093.xml,https://www.rfc-editor.org/info/rfc8795,200
rfc9093.xml,https://www.rfc-editor.org/info/rfc3688,200
rfc9093.xml,https://www.rfc-editor.org/info/rfc7446,200
rfc9093.xml,https://www.rfc-editor.org/info/rfc7581,200
rfc9079.xml,https://datatracker.ietf.org/doc/draft-ietf-babel-source-specific-08,200
rfc9079.xml,https://dx.doi.org/10.17487/rfc9079,200
rfc9079.xml,https://www.rfc-editor.org/info/rfc9079,200
rfc9079.xml,https://trustee.ietf.org/license-info,200
rfc9079.xml,https://www.rfc-editor.org/info/bcp84,200
rfc9079.xml,https://www.rfc-editor.org/info/rfc3704,200
rfc9079.xml,https://www.rfc-editor.org/info/rfc8704,200
rfc9079.xml,https://www.rfc-editor.org/info/rfc2119,200
rfc9079.xml,https://www.rfc-editor.org/info/rfc8174,200
rfc9079.xml,https://www.rfc-editor.org/info/rfc8966,200
rfc9079.xml,https://www.rfc-editor.org/info/rfc4960,200
rfc9079.xml,https://www.rfc-editor.org/info/rfc6126,200
rfc9079.xml,https://www.rfc-editor.org/info/rfc6724,200
rfc9079.xml,https://www.rfc-editor.org/info/rfc8305,200
rfc9079.xml,https://www.rfc-editor.org/info/rfc8445,200
rfc9079.xml,https://www.rfc-editor.org/info/rfc8684,200
rfc9079.xml,http://arxiv.org/pdf/1403.0445,200
rfc8792.xml,https://datatracker.ietf.org/doc/draft-ietf-netmod-artwork-folding-12,200
rfc8792.xml,https://dx.doi.org/10.17487/rfc8792,200
rfc8792.xml,https://www.rfc-editor.org/info/rfc8792,200
rfc8792.xml,https://trustee.ietf.org/license-info,200
rfc8792.xml,https://www.rfc-editor.org/info/rfc2119,200
rfc8792.xml,https://www.rfc-editor.org/info/rfc7991,200
rfc8792.xml,https://www.rfc-editor.org/info/rfc8174,200
rfc8792.xml,https://www.gnu.org/software/bash/manual,Connection error: <urlopen error [Errno 101] Network is unreachable>
rfc8792.xml,https://pypi.org/project/pyang/,200
rfc8792.xml,https://www.rfc-editor.org/info/rfc7749,200
rfc8792.xml,https://www.rfc-editor.org/info/rfc7950,200
rfc8792.xml,https://www.rfc-editor.org/info/rfc7994,200
rfc8792.xml,https://www.rfc-editor.org/info/rfc8340,200
rfc8792.xml,https://pypi.org/project/xiax/,200
rfc8792.xml,https://pypi.org/project/xml2rfc/,200
rfc8792.xml,https://mailarchive.ietf.org/arch/msg/yang-doctors/DCfBqgfZPAD7afzeDFlQ1Xm2X3g,200
rfc8792.xml,https://github.com/CESNET/libyang#yanglint,200
rfc8792.xml,https://github.com/ietf-tools/rfcfold,200
rfc9625.xml,https://datatracker.ietf.org/doc/draft-ietf-bess-evpn-irb-mcast-11,200
rfc9625.xml,https://dx.doi.org/10.17487/rfc9625,200
rfc9625.xml,https://www.rfc-editor.org/info/rfc9625,200
rfc9625.xml,https://trustee.ietf.org/license-info,200
rfc9625.xml,https://www.rfc-editor.org/info/rfc2119,200
rfc9625.xml,https://www.rfc-editor.org/info/rfc3032,200
rfc9625.xml,https://www.rfc-editor.org/info/rfc3376,200
rfc9625.xml,https://www.rfc-editor.org/info/rfc3810,200
rfc9625.xml,https://www.rfc-editor.org/info/rfc4360,200
rfc9625.xml,https://www.rfc-editor.org/info/rfc6625,200
rfc9625.xml,https://www.rfc-editor.org/info/rfc7153,200
rfc9625.xml,https://www.rfc-editor.org/info/rfc7432,200
rfc9625.xml,https://www.rfc-editor.org/info/rfc8174,200
rfc9625.xml,https://www.rfc-editor.org/info/rfc8584,200
rfc9625.xml,https://www.rfc-editor.org/info/rfc9135,200
rfc9625.xml,https://www.rfc-editor.org/info/rfc9136,200
rfc9625.xml,https://www.rfc-editor.org/info/rfc9251,200
rfc9625.xml,https://www.rfc-editor.org/info/rfc9572,200
rfc9625.xml,https://www.rfc-editor.org/info/rfc9574,200
rfc9625.xml,https://datatracker.ietf.org/doc/html/draft-ietf-bess-evpn-pref-df-13,200
rfc9625.xml,https://www.rfc-editor.org/info/rfc4364,200
rfc9625.xml,https://www.rfc-editor.org/info/rfc4541,200
rfc9625.xml,https://www.rfc-editor.org/info/rfc6513,200
rfc9625.xml,https://www.rfc-editor.org/info/rfc6514,200
rfc9625.xml,https://www.rfc-editor.org/info/rfc7606,200
rfc9625.xml,https://www.rfc-editor.org/info/rfc7716,200
rfc9625.xml,https://www.rfc-editor.org/info/rfc7761,200
rfc9625.xml,https://www.rfc-editor.org/info/rfc8296,200
rfc9625.xml,https://www.rfc-editor.org/info/rfc9624,200
rfc9244.xml,https://datatracker.ietf.org/doc/draft-ietf-dots-telemetry-25,200
rfc9244.xml,https://dx.doi.org/10.17487/rfc9244,200
rfc9244.xml,https://www.rfc-editor.org/info/rfc9244,200
rfc9244.xml,https://trustee.ietf.org/license-info,200
rfc9244.xml,https://www.iana.org/assignments/enterprise-numbers/,200
rfc9244.xml,https://www.rfc-editor.org/info/rfc2119,200
rfc9244.xml,https://www.rfc-editor.org/info/rfc3688,200
rfc9244.xml,https://www.rfc-editor.org/info/rfc5646,200
rfc9244.xml,https://www.rfc-editor.org/info/rfc6020,200
rfc9244.xml,https://www.rfc-editor.org/info/rfc6991,200
rfc9244.xml,https://www.rfc-editor.org/info/rfc7252,200
rfc9244.xml,https://www.rfc-editor.org/info/rfc7641,200
rfc9244.xml,https://www.rfc-editor.org/info/rfc7950,200
rfc9244.xml,https://www.rfc-editor.org/info/rfc7959,200
rfc9244.xml,https://www.rfc-editor.org/info/rfc7970,200
rfc9244.xml,https://www.rfc-editor.org/info/rfc8040,200
rfc9244.xml,https://www.rfc-editor.org/info/rfc8174,200
rfc9244.xml,https://www.rfc-editor.org/info/rfc8345,200
rfc9244.xml,https://www.rfc-editor.org/info/rfc8783,200
rfc9244.xml,https://www.rfc-editor.org/info/rfc8791,200
rfc9244.xml,https://www.rfc-editor.org/info/rfc8949,200
rfc9244.xml,https://www.rfc-editor.org/info/rfc9132,200
rfc9244.xml,https://www.iana.org/assignments/dots/,200
rfc9244.xml,https://datatracker.ietf.org/doc/html/draft-ietf-dots-multihoming-13,200
rfc9244.xml,https://www.ietf.org/archive/id/draft-ietf-dots-multihoming-13.txt,200
rfc9244.xml,https://datatracker.ietf.org/doc/html/draft-ietf-dots-robust-blocks-03,200
rfc9244.xml,https://www.ietf.org/archive/id/draft-ietf-dots-robust-blocks-03.txt,200
rfc9244.xml,https://datatracker.ietf.org/doc/html/draft-doron-dots-telemetry-00,200
rfc9244.xml,https://www.iana.org/assignments/dots/,200
rfc9244.xml,https://github.com/mbj4668/pyang,200
rfc9244.xml,https://www.rfc-editor.org/info/rfc2330,200
rfc9244.xml,https://www.rfc-editor.org/info/rfc4732,200
rfc9244.xml,https://www.rfc-editor.org/info/rfc5612,200
rfc9244.xml,https://www.rfc-editor.org/info/rfc8340,200
rfc9244.xml,https://www.rfc-editor.org/info/rfc8525,200
rfc9244.xml,https://www.rfc-editor.org/info/rfc8612,200
rfc9244.xml,https://www.rfc-editor.org/info/rfc8811,200
rfc9244.xml,https://www.rfc-editor.org/info/rfc8903,200
rfc9244.xml,https://www.rfc-editor.org/info/rfc9133,200
rfc9244.xml,https://www.rfc-editor.org/info/rfc9177,200
rfc9244.xml,https://www.rfc-editor.org/info/rfc9260,200
rfc9228.xml,https://datatracker.ietf.org/doc/draft-crocker-email-deliveredto-10,200
rfc9228.xml,https://dx.doi.org/10.17487/rfc9228,200
rfc9228.xml,https://www.rfc-editor.org/info/rfc9228,200
rfc9228.xml,https://trustee.ietf.org/license-info,200
rfc9228.xml,https://www.rfc-editor.org/info/rfc5234,200
rfc9228.xml,https://www.rfc-editor.org/info/rfc5598,200
rfc9228.xml,https://www.rfc-editor.org/info/rfc5322,200
rfc9228.xml,https://www.rfc-editor.org/info/rfc2119,200
rfc9228.xml,https://www.rfc-editor.org/info/rfc3864,200
rfc9228.xml,https://www.rfc-editor.org/info/rfc8174,200
rfc9228.xml,https://www.rfc-editor.org/info/rfc5321,200
rfc9228.xml,https://datatracker.ietf.org/doc/html/draft-duklev-deliveredto-01,200
rfc8660.xml,https://datatracker.ietf.org/doc/draft-ietf-spring-segment-routing-mpls-22,200
rfc8660.xml,https://dx.doi.org/10.17487/rfc8660,200
rfc8660.xml,https://www.rfc-editor.org/info/rfc8660,200
rfc8660.xml,https://trustee.ietf.org/license-info,200
rfc8660.xml,https://www.rfc-editor.org/info/rfc2119,200
rfc8660.xml,https://www.rfc-editor.org/info/rfc3031,200
rfc8660.xml,https://www.rfc-editor.org/info/rfc3032,200
rfc8660.xml,https://www.rfc-editor.org/info/rfc3443,200
rfc8660.xml,https://www.rfc-editor.org/info/rfc5462,200
rfc8660.xml,https://www.rfc-editor.org/info/rfc7274,200
rfc8660.xml,https://www.rfc-editor.org/info/rfc8174,200
rfc8660.xml,https://www.rfc-editor.org/info/rfc8402,200
rfc8660.xml,https://tools.ietf.org/html/draft-ietf-rtgwg-segment-routing-ti-lfa-01,200
rfc8660.xml,https://www.rfc-editor.org/info/rfc4817,200
rfc8660.xml,https://www.rfc-editor.org/info/rfc5036,200
rfc8660.xml,https://www.rfc-editor.org/info/rfc5331,200
rfc8660.xml,https://www.rfc-editor.org/info/rfc7510,200
rfc8660.xml,https://www.rfc-editor.org/info/rfc7855,200
rfc8660.xml,https://www.rfc-editor.org/info/rfc8287,200
rfc8660.xml,https://www.rfc-editor.org/info/rfc8403,200
rfc8660.xml,https://www.rfc-editor.org/info/rfC8661,Connection error: HTTP Error 404: Not Found
rfc8660.xml,https://www.rfc-editor.org/info/rfc8665,200
rfc8660.xml,https://www.rfc-editor.org/info/rfc8666,200
rfc8660.xml,https://www.rfc-editor.org/info/rfc8667,200
rfc8660.xml,https://tools.ietf.org/html/draft-ietf-spring-segment-routing-policy-05,200
rfc8943.xml,https://datatracker.ietf.org/doc/draft-ietf-cbor-date-tag-07,200
rfc8943.xml,https://dx.doi.org/10.17487/rfc8943,200
rfc8943.xml,https://www.rfc-editor.org/info/rfc8943,200
rfc8943.xml,https://trustee.ietf.org/license-info,200
rfc8943.xml,https://www.rfc-editor.org/info/rfc3339,200
rfc8943.xml,https://www.rfc-editor.org/info/rfc7049,200
rfc8943.xml,https://www.iana.org/assignments/cbor-tags,200
rfc8943.xml,https://pubs.opengroup.org/onlinepubs/9699919799.2013edition,200
rfc8943.xml,https://tools.ietf.org/html/draft-bormann-cbor-time-tag-03,200
rfc8943.xml,https://www.ietf.org/internet-drafts/draft-bormann-cbor-time-tag-03.txt,Connection error: HTTP Error 404: Not Found
rfc9487.xml,https://datatracker.ietf.org/doc/draft-ietf-opsawg-ipfix-srv6-srh-14,200
rfc9487.xml,https://dx.doi.org/10.17487/rfc9487,200
rfc9487.xml,https://www.rfc-editor.org/info/rfc9487,200
rfc9487.xml,https://trustee.ietf.org/license-info,200
rfc9487.xml,https://www.iana.org/assignments/ipv6-parameters,200
rfc9487.xml,https://www.iana.org/assignments/ipfix,200
rfc9487.xml,https://www.iana.org/assignments/segment-routing,200
rfc9487.xml,https://www.rfc-editor.org/info/rfc2119,200
rfc9487.xml,https://www.rfc-editor.org/info/rfc6313,200
rfc9487.xml,https://www.rfc-editor.org/info/rfc7011,200
rfc9487.xml,https://www.rfc-editor.org/info/rfc7012,200
rfc9487.xml,https://www.rfc-editor.org/info/rfc8126,200
rfc9487.xml,https://www.rfc-editor.org/info/rfc8174,200
rfc9487.xml,https://www.rfc-editor.org/info/rfc8200,200
rfc9487.xml,https://www.rfc-editor.org/info/rfc8754,200
rfc9487.xml,https://www.iana.org/assignments/ipfix,200
rfc9487.xml,https://datatracker.ietf.org/doc/html/draft-ietf-lsr-ospfv3-srv6-extensions-15,200
rfc9487.xml,https://datatracker.ietf.org/doc/html/draft-ietf-pce-segment-routing-ipv6-20,200
rfc9487.xml,https://www.rfc-editor.org/info/rfc7270,200
rfc9487.xml,https://www.rfc-editor.org/info/rfc8402,200
rfc9487.xml,https://www.rfc-editor.org/info/rfc8669,200
rfc9487.xml,https://www.rfc-editor.org/info/rfc8986,200
rfc9487.xml,https://www.rfc-editor.org/info/rfc9256,200
rfc9487.xml,https://www.rfc-editor.org/info/rfc9352,200
rfc9487.xml,https://datatracker.ietf.org/doc/html/draft-ietf-spring-srv6-srh-compression-09,200
rfc9732.xml,https://datatracker.ietf.org/doc/draft-ietf-teas-enhanced-vpn-20,200
rfc9732.xml,https://dx.doi.org/10.17487/rfc9732,200
rfc9732.xml,https://www.rfc-editor.org/info/rfc9732,200
rfc9732.xml,https://trustee.ietf.org/license-info,200
rfc9732.xml,https://www.rfc-editor.org/info/rfc9543,200
rfc9732.xml,https://www.oiforum.com/wp-content/uploads/2019/01/OIF-FLEXE-01.0.pdf,200
rfc9732.xml,https://datatracker.ietf.org/doc/html/draft-ietf-6man-enhanced-vpn-vtn-id-10,200
rfc9732.xml,https://datatracker.ietf.org/doc/html/draft-ietf-teas-ietf-network-slice-nbi-yang-22,200
rfc9732.xml,https://www.ngmn.org/wp-content/uploads/Publications/2016/161010_NGMN_Network_Slicing_framework_v1.0.8.pdf,200
rfc9732.xml,https://datatracker.ietf.org/doc/html/draft-ietf-teas-nrp-scalability-07,200
rfc9732.xml,https://datatracker.ietf.org/doc/html/draft-ietf-teas-nrp-yang-03,200
rfc9732.xml,https://datatracker.ietf.org/doc/html/draft-ietf-spring-resource-aware-segments-11,200
rfc9732.xml,https://www.rfc-editor.org/info/rfc2211,200
rfc9732.xml,https://www.rfc-editor.org/info/rfc2475,200
rfc9732.xml,https://www.rfc-editor.org/info/rfc2702,200
rfc9732.xml,https://www.rfc-editor.org/info/rfc2764,200
rfc9732.xml,https://www.rfc-editor.org/info/rfc3209,200
rfc9732.xml,https://www.rfc-editor.org/info/rfc3931,200
rfc9732.xml,https://www.rfc-editor.org/info/rfc3985,200
rfc9732.xml,https://www.rfc-editor.org/info/rfc4026,200
rfc9732.xml,https://www.rfc-editor.org/info/rfc4176,200
rfc9732.xml,https://www.rfc-editor.org/info/rfc4364,200
rfc9732.xml,https://www.rfc-editor.org/info/rfc4448,200
rfc9732.xml,https://www.rfc-editor.org/info/rfc4594,200
rfc9732.xml,https://www.rfc-editor.org/info/rfc4655,200
rfc9732.xml,https://www.rfc-editor.org/info/rfc4664,200
rfc9732.xml,https://www.rfc-editor.org/info/rfc4719,200
rfc9732.xml,https://www.rfc-editor.org/info/rfc5557,200
rfc9732.xml,https://www.rfc-editor.org/info/rfc5654,200
rfc9732.xml,https://www.rfc-editor.org/info/rfc7209,200
rfc9732.xml,https://www.rfc-editor.org/info/rfc7297,200
rfc9732.xml,https://www.rfc-editor.org/info/rfc7399,200
rfc9732.xml,https://www.rfc-editor.org/info/rfc7432,200
rfc9732.xml,https://www.rfc-editor.org/info/rfc7665,200
rfc9732.xml,https://www.rfc-editor.org/info/rfc7926,200
rfc9732.xml,https://www.rfc-editor.org/info/rfc8299,200
rfc9732.xml,https://www.rfc-editor.org/info/rfc8309,200
rfc9732.xml,https://www.rfc-editor.org/info/rfc8370,200
rfc9732.xml,https://www.rfc-editor.org/info/rfc8402,200
rfc9732.xml,https://www.rfc-editor.org/info/rfc8403,200
rfc9732.xml,https://www.rfc-editor.org/info/rfc8453,200
rfc9732.xml,https://www.rfc-editor.org/info/rfc8466,200
rfc9732.xml,https://www.rfc-editor.org/info/rfc8491,200
rfc9732.xml,https://www.rfc-editor.org/info/rfc8577,200
rfc9732.xml,https://www.rfc-editor.org/info/rfc8578,200
rfc9732.xml,https://www.rfc-editor.org/info/rfc8655,200
rfc9732.xml,https://www.rfc-editor.org/info/rfc8660,200
rfc9732.xml,https://www.rfc-editor.org/info/rfc8665,200
rfc9732.xml,https://www.rfc-editor.org/info/rfc8667,200
rfc9732.xml,https://www.rfc-editor.org/info/rfc8939,200
rfc9732.xml,https://www.rfc-editor.org/info/rfc8964,200
rfc9732.xml,https://www.rfc-editor.org/info/rfc8986,200
rfc9732.xml,https://www.rfc-editor.org/info/rfc9085,200
rfc9732.xml,https://www.rfc-editor.org/info/rfc9182,200
rfc9732.xml,https://www.rfc-editor.org/info/rfc9232,200
rfc9732.xml,https://www.rfc-editor.org/info/rfc9256,200
rfc9732.xml,https://www.rfc-editor.org/info/rfc9291,200
rfc9732.xml,https://www.rfc-editor.org/info/rfc9375,200
rfc9732.xml,https://www.rfc-editor.org/info/rfc9408,200
rfc9732.xml,https://www.rfc-editor.org/info/rfc9552,200
rfc9732.xml,https://www.rfc-editor.org/info/rfc9731,200
rfc9732.xml,https://datatracker.ietf.org/doc/html/draft-ietf-spring-sr-for-enhanced-vpn-08,200
rfc9732.xml,https://datatracker.ietf.org/doc/html/draft-ietf-spring-srv6-srh-compression-18,200
rfc9732.xml,https://portal.3gpp.org/desktopmodules/Specifications/SpecificationDetails.aspx?specificationId=3144,Connection error: HTTP Error 403: Forbidden: Access is denied.
rfc9732.xml,https://portal.3gpp.org/desktopmodules/Specifications/SpecificationDetails.aspx?specificationId=3273,Connection error: HTTP Error 403: Forbidden: Access is denied.
rfc9732.xml,https://1.ieee802.org/tsn/,Connection error: HTTP Error 403: Forbidden
rfc9577.xml,https://datatracker.ietf.org/doc/draft-ietf-privacypass-auth-scheme-15,200
rfc9577.xml,https://dx.doi.org/10.17487/rfc9577,200
rfc9577.xml,https://www.rfc-editor.org/info/rfc9577,200
rfc9577.xml,https://trustee.ietf.org/license-info,200
rfc9577.xml,https://www.rfc-editor.org/info/rfc9576,200
rfc9577.xml,https://www.rfc-editor.org/info/rfc9110,200
rfc9577.xml,https://www.rfc-editor.org/info/rfc2119,200
rfc9577.xml,https://www.rfc-editor.org/info/rfc4648,200
rfc9577.xml,https://www.rfc-editor.org/info/rfc8126,200
rfc9577.xml,https://www.rfc-editor.org/info/rfc8174,200
rfc9577.xml,https://doi.org/10.6028/nist.fips.180-4,200
rfc9577.xml,https://www.rfc-editor.org/info/rfc8446,200
rfc9577.xml,https://www.rfc-editor.org/info/rfc3986,200
rfc9577.xml,https://datatracker.ietf.org/doc/html/draft-ietf-httpbis-rfc6265bis-14,200
rfc9577.xml,https://www.rfc-editor.org/info/rfc9578,200
rfc9577.xml,https://www.rfc-editor.org/info/rfc4086,200
rfc9577.xml,https://www.rfc-editor.org/info/rfc8470,200
rfc9577.xml,https://www.rfc-editor.org/info/rfc8701,200
rfc9577.xml,https://www.rfc-editor.org/info/rfc9001,200
rfc9310.xml,https://datatracker.ietf.org/doc/draft-ietf-lamps-5g-nftypes-08,200
rfc9310.xml,https://dx.doi.org/10.17487/rfc9310,200
rfc9310.xml,https://www.rfc-editor.org/info/rfc9310,200
rfc9310.xml,https://trustee.ietf.org/license-info,200
rfc9310.xml,https://www.rfc-editor.org/info/rfc2119,200
rfc9310.xml,https://www.rfc-editor.org/info/rfc2119,200
rfc9310.xml,https://www.rfc-editor.org/info/rfc5280,200
rfc9310.xml,https://www.rfc-editor.org/info/rfc5280,200
rfc9310.xml,https://www.rfc-editor.org/info/rfc8174,200
rfc9310.xml,https://www.rfc-editor.org/info/rfc8174,200
rfc9310.xml,https://www.3gpp.org/ftp/Specs/archive/29_series/29.510/29510-h80.zip,200
rfc9310.xml,https://www.3gpp.org/ftp/Specs/archive/33_series/33.310/33310-h50.zip,200
rfc9310.xml,https://www.itu.int/rec/T-REC-X.680,200
rfc9310.xml,https://www.rfc-editor.org/info/rfc5246,200
rfc9310.xml,https://www.rfc-editor.org/info/rfc5246,200
rfc9310.xml,https://www.rfc-editor.org/info/rfc5912,200
rfc9310.xml,https://www.rfc-editor.org/info/rfc5912,200
rfc9310.xml,https://www.rfc-editor.org/info/rfc6268,200
rfc9310.xml,https://www.rfc-editor.org/info/rfc6268,200
rfc9310.xml,https://www.rfc-editor.org/info/rfc8446,200
rfc9310.xml,https://www.rfc-editor.org/info/rfc8446,200
rfc9310.xml,https://www.3gpp.org/ftp/Specs/archive/29_series/29.571/29571-h80.zip,200
rfc9381.xml,https://datatracker.ietf.org/doc/draft-irtf-cfrg-vrf-15,200
rfc9381.xml,https://dx.doi.org/10.17487/rfc9381,200
rfc9381.xml,https://www.rfc-editor.org/info/rfc9381,200
rfc9381.xml,https://trustee.ietf.org/license-info,200
rfc9381.xml,https://www.rfc-editor.org/info/rfc2119,200
rfc9381.xml,https://www.rfc-editor.org/info/rfc5114,200
rfc9381.xml,https://www.rfc-editor.org/info/rfc6234,200
rfc9381.xml,https://www.rfc-editor.org/info/rfc6979,200
rfc9381.xml,https://www.rfc-editor.org/info/rfc8017,200
rfc9381.xml,https://www.rfc-editor.org/info/rfc8032,200
rfc9381.xml,https://www.rfc-editor.org/info/rfc8174,200
rfc9381.xml,https://www.rfc-editor.org/info/rfc9380,200
rfc9381.xml,https://www.secg.org/sec1-v2.pdf,200
rfc9381.xml,https://nvlpubs.nist.gov/nistpubs/SpecialPublications/NIST.SP.800-186.pdf,200
rfc9381.xml,https://standards.globalspec.com/std/1955141/ANSI%20X9.62,Connection error: HTTP Error 403: Forbidden
rfc9381.xml,https://eprint.iacr.org/2019/023,200
rfc9381.xml,https://eprint.iacr.org/2017/573,200
rfc9381.xml,https://eprint.iacr.org/2017/454,200
rfc9381.xml,https://eprint.iacr.org/2014/582,200
rfc9381.xml,https://dash.harvard.edu/handle/1/5028196,200
rfc9381.xml,https://eprint.iacr.org/2017/099,200
rfc9381.xml,https://cr.yp.to/ecdh.html#validate,200
rfc9381.xml,https://github.com/reyzin/rsa-fdh-vrf,200
rfc9381.xml,https://github.com/reyzin/ecvrf,200
rfc9290.xml,https://datatracker.ietf.org/doc/draft-ietf-core-problem-details-08,200
rfc9290.xml,https://dx.doi.org/10.17487/rfc9290,200
rfc9290.xml,https://www.rfc-editor.org/info/rfc9290,200
rfc9290.xml,https://trustee.ietf.org/license-info,200
rfc9290.xml,https://www.iana.org/assignments/cbor-tags,200
rfc9290.xml,https://www.iana.org/assignments/core-parameters,200
rfc9290.xml,https://www.iana.org/assignments/provisional-standard-media-types,200
rfc9290.xml,https://www.rfc-editor.org/info/rfc2119,200
rfc9290.xml,https://www.rfc-editor.org/info/rfc4647,200
rfc9290.xml,https://www.rfc-editor.org/info/rfc5646,200
rfc9290.xml,https://www.rfc-editor.org/info/rfc7252,200
rfc9290.xml,https://www.rfc-editor.org/info/rfc7807,200
rfc9290.xml,https://www.rfc-editor.org/info/rfc8126,200
rfc9290.xml,https://www.rfc-editor.org/info/rfc8174,200
rfc9290.xml,https://www.rfc-editor.org/info/rfc8610,200
rfc9290.xml,https://www.rfc-editor.org/info/rfc9165,200
rfc9290.xml,https://www.rfc-editor.org/info/std66,200
rfc9290.xml,https://www.rfc-editor.org/info/rfc3986,200
rfc9290.xml,https://www.rfc-editor.org/info/std94,200
rfc9290.xml,https://www.rfc-editor.org/info/rfc8949,200
rfc9290.xml,https://datatracker.ietf.org/doc/html/draft-ietf-httpapi-rfc7807bis-04,200
rfc9290.xml,https://www.ietf.org/archive/id/draft-ietf-httpapi-rfc7807bis-04.txt,200
rfc9290.xml,http://www.w3.org/TR/2014/REC-rdf11-concepts-20140225/,200
rfc9290.xml,https://www.rfc-editor.org/info/rfc4648,200
rfc9290.xml,https://www.rfc-editor.org/info/rfc6082,200
rfc9290.xml,https://www.unicode.org/versions/Unicode14.0.0/,200
rfc9290.xml,https://www.unicode.org/reports/tr9/#Markup_And_Formatting,200
rfc8966.xml,https://datatracker.ietf.org/doc/draft-ietf-babel-rfc6126bis-20,200
rfc8966.xml,https://dx.doi.org/10.17487/rfc8966,200
rfc8966.xml,https://www.rfc-editor.org/info/rfc8966,200
rfc8966.xml,https://trustee.ietf.org/license-info,200
rfc8966.xml,https://www.rfc-editor.org/info/rfc2119,200
rfc8966.xml,https://www.rfc-editor.org/info/rfc793,200
rfc8966.xml,https://www.rfc-editor.org/info/rfc8126,200
rfc8966.xml,https://www.rfc-editor.org/info/rfc8174,200
rfc8966.xml,https://www.rfc-editor.org/info/rfc8967,200
rfc8966.xml,https://tools.ietf.org/html/draft-chroboczek-babel-diversity-routing-01,200
rfc8966.xml,https://www.ietf.org/internet-drafts/draft-chroboczek-babel-diversity-routing-01.txt,Connection error: HTTP Error 404: Not Found
rfc8966.xml,https://tools.ietf.org/html/draft-ietf-babel-rtt-extension-00,200
rfc8966.xml,https://www.ietf.org/internet-drafts/draft-ietf-babel-rtt-extension-00.txt,Connection error: HTTP Error 404: Not Found
rfc8966.xml,https://tools.ietf.org/html/draft-ietf-babel-source-specific-07,200
rfc8966.xml,https://www.ietf.org/internet-drafts/draft-ietf-babel-source-specific-07.txt,Connection error: HTTP Error 404: Not Found
rfc8966.xml,https://doi.org/10.1145/190314.190336,Connection error: HTTP Error 403: Forbidden
rfc8966.xml,https://doi.org/10.1109/90.222913,Connection error: HTTP Error 418: Unknown Code
rfc8966.xml,https://doi.org/10.1145/938985.939000,Connection error: HTTP Error 403: Forbidden
rfc8966.xml,https://doi.org/10.1109/ieeestd.2012.6178212,Connection error: HTTP Error 418: Unknown Code
rfc8966.xml,https://doi.org/10.1109/90.298431,Connection error: HTTP Error 418: Unknown Code
rfc8966.xml,https://www.rfc-editor.org/info/rfc2328,200
rfc8966.xml,https://www.rfc-editor.org/info/rfc5444,200
rfc8966.xml,https://www.rfc-editor.org/info/rfc2675,200
rfc8966.xml,https://www.rfc-editor.org/info/rfc3561,200
rfc8966.xml,https://www.rfc-editor.org/info/rfc6126,200
rfc8966.xml,https://www.rfc-editor.org/info/rfc7298,200
rfc8966.xml,https://www.rfc-editor.org/info/rfc7557,200
rfc8966.xml,https://www.rfc-editor.org/info/rfc8968,200
rfc8966.xml,https://www.rfc-editor.org/info/rfc2453,200
rfc8897.xml,https://datatracker.ietf.org/doc/draft-ietf-sidrops-rp-06,200
rfc8897.xml,https://dx.doi.org/10.17487/rfc8897,200
rfc8897.xml,https://www.rfc-editor.org/info/rfc8897,200
rfc8897.xml,https://trustee.ietf.org/license-info,200
rfc8897.xml,https://www.rfc-editor.org/info/rfc3779,200
rfc8897.xml,https://www.rfc-editor.org/info/rfc5280,200
rfc8897.xml,https://www.rfc-editor.org/info/rfc6481,200
rfc8897.xml,https://www.rfc-editor.org/info/rfc6482,200
rfc8897.xml,https://www.rfc-editor.org/info/rfc6486,200
rfc8897.xml,https://www.rfc-editor.org/info/rfc6487,200
rfc8897.xml,https://www.rfc-editor.org/info/rfc6488,200
rfc8897.xml,https://www.rfc-editor.org/info/rfc6489,200
rfc8897.xml,https://www.rfc-editor.org/info/rfc6493,200
rfc8897.xml,https://www.rfc-editor.org/info/rfc6810,200
rfc8897.xml,https://www.rfc-editor.org/info/rfc6916,200
rfc8897.xml,https://www.rfc-editor.org/info/rfc7935,200
rfc8897.xml,https://www.rfc-editor.org/info/rfc8209,200
rfc8897.xml,https://www.rfc-editor.org/info/rfc8210,200
rfc8897.xml,https://www.rfc-editor.org/info/rfc8360,200
rfc8897.xml,https://www.rfc-editor.org/info/rfc8608,200
rfc8897.xml,https://www.rfc-editor.org/info/rfc8630,200
rfc8897.xml,https://www.rfc-editor.org/info/rfc8634,200
rfc8897.xml,https://www.rfc-editor.org/info/rfc4301,200
rfc8897.xml,https://www.rfc-editor.org/info/rfc6480,200
rfc8897.xml,https://www.rfc-editor.org/info/rfc8182,200
rfc8897.xml,https://www.rfc-editor.org/info/rfc8211,200
rfc8897.xml,https://www.rfc-editor.org/info/rfc8416,200
rfc8897.xml,http://rsync.samba.org/,200
rfc9422.xml,https://datatracker.ietf.org/doc/draft-freed-smtp-limits-07,200
rfc9422.xml,https://dx.doi.org/10.17487/rfc9422,200
rfc9422.xml,https://www.rfc-editor.org/info/rfc9422,200
rfc9422.xml,https://trustee.ietf.org/license-info,200
rfc9422.xml,https://www.rfc-editor.org/info/rfc5234,200
rfc9422.xml,https://www.rfc-editor.org/info/rfc2920,200
rfc9422.xml,https://www.rfc-editor.org/info/rfc2119,200
rfc9422.xml,https://www.rfc-editor.org/rfc/rfc5321,200
rfc9422.xml,https://www.rfc-editor.org/info/rfc8174,200
rfc9422.xml,https://www.rfc-editor.org/info/rfc5321,200
rfc9422.xml,https://www.rfc-editor.org/info/rfc4954,200
rfc9422.xml,https://www.rfc-editor.org/info/rfc2033,200
rfc9422.xml,https://www.rfc-editor.org/rfc/rfc5321,200
rfc9422.xml,https://www.rfc-editor.org/rfc/rfc5321,200
rfc9422.xml,https://www.rfc-editor.org/info/rfc1870,200
rfc9422.xml,https://www.rfc-editor.org/info/rfc3207,200
rfc9422.xml,https://www.rfc-editor.org/info/rfc6409,200
rfc9030.xml,https://datatracker.ietf.org/doc/draft-ietf-6tisch-architecture-30,200
rfc9030.xml,https://dx.doi.org/10.17487/rfc9030,Connection error: HTTP Error 404: Not Found
rfc9030.xml,https://www.rfc-editor.org/info/rfc9030,200
rfc9030.xml,https://trustee.ietf.org/license-info,200
rfc9030.xml,https://www.rfc-editor.org/info/rfc768,200
rfc9030.xml,https://www.rfc-editor.org/info/rfc4861,200
rfc9030.xml,https://www.rfc-editor.org/info/rfc4862,200
rfc9030.xml,https://www.rfc-editor.org/info/rfc4944,200
rfc9030.xml,https://www.rfc-editor.org/info/rfc5889,200
rfc9030.xml,https://www.rfc-editor.org/info/rfc6282,200
rfc9030.xml,https://www.rfc-editor.org/info/rfc6550,200
rfc9030.xml,https://www.rfc-editor.org/info/rfc6551,200
rfc9030.xml,https://www.rfc-editor.org/info/rfc6552,200
rfc9030.xml,https://www.rfc-editor.org/info/rfc6553,200
rfc9030.xml,https://www.rfc-editor.org/info/rfc6554,200
rfc9030.xml,https://www.rfc-editor.org/info/rfc6775,200
rfc9030.xml,https://www.rfc-editor.org/info/rfc7102,200
rfc9030.xml,https://www.rfc-editor.org/info/rfc7228,200
rfc9030.xml,https://www.rfc-editor.org/info/rfc7252,200
rfc9030.xml,https://www.rfc-editor.org/info/rfc7554,200
rfc9030.xml,https://www.rfc-editor.org/info/rfc8025,200
rfc9030.xml,https://www.rfc-editor.org/info/rfc8137,200
rfc9030.xml,https://www.rfc-editor.org/info/rfc8138,200
rfc9030.xml,https://www.rfc-editor.org/info/rfc8180,200
rfc9030.xml,https://www.rfc-editor.org/info/rfc8200,200
rfc9030.xml,https://www.rfc-editor.org/info/rfc8453,200
rfc9030.xml,https://www.rfc-editor.org/info/rfc8480,200
rfc9030.xml,https://www.rfc-editor.org/info/rfc8505,200
rfc9030.xml,https://www.rfc-editor.org/info/rfc8655,200
rfc9030.xml,https://www.rfc-editor.org/info/rfc8928,200
rfc9030.xml,https://www.rfc-editor.org/info/rfc8929,200
rfc9030.xml,https://www.rfc-editor.org/info/rfc8930,200
rfc9030.xml,https://www.rfc-editor.org/info/rfc8931,200
rfc9030.xml,https://www.rfc-editor.org/info/rfc9008,200
rfc9030.xml,https://www.rfc-editor.org/info/rfc9010,200
rfc9030.xml,https://www.rfc-editor.org/info/rfc9031,200
rfc9030.xml,https://www.rfc-editor.org/info/rfc9032,200
rfc9030.xml,https://www.rfc-editor.org/info/rfc9033,200
rfc9030.xml,https://www.energy.gov/sites/prod/files/2016/12/f34/AMI%20Summary%20Report_09-26-16.pdf,200
rfc9030.xml,https://datatracker.ietf.org/doc/charter-ietf-anima/,200
rfc9030.xml,https://tools.ietf.org/html/draft-ietf-roll-aodv-rpl-10,200
rfc9030.xml,https://www.ietf.org/archive/id/draft-ietf-roll-aodv-rpl-10.txt,200
rfc9030.xml,https://tools.ietf.org/html/draft-ietf-manet-aodvv2-16,200
rfc9030.xml,https://www.ietf.org/archive/id/draft-ietf-manet-aodvv2-16.txt,200
rfc9030.xml,https://tools.ietf.org/html/draft-thubert-6lo-bier-dispatch-06,200
rfc9030.xml,https://datatracker.ietf.org/doc/charter-ietf-ccamp/,200
rfc9030.xml,http://www.ieee802.org/15/pub/2004/15-04-0537-00-004b-formal-specification-ccm-star-mode-operation.doc,200
rfc9030.xml,https://tools.ietf.org/html/draft-ietf-anima-constrained-voucher-10,200
rfc9030.xml,https://tools.ietf.org/html/draft-ietf-roll-dao-projection-16,200
rfc9030.xml,https://www.ietf.org/archive/id/draft-ietf-roll-dao-projection-16.txt,200
rfc9030.xml,https://tools.ietf.org/html/draft-selander-ace-cose-ecdhe-14,200
rfc9030.xml,https://www.ietf.org/archive/id/draft-selander-ace-cose-ecdhe-14.txt,200
rfc9030.xml,https://tools.ietf.org/html/draft-ietf-ace-coap-est-18,200
rfc9030.xml,https://fieldcommgroup.org/technologies/hart,Connection error: HTTP Error 403: Forbidden
rfc9030.xml,https://webstore.iec.ch/publication/24438,200
rfc9030.xml,https://ieeexplore.ieee.org/document/7460875,Connection error: HTTP Error 418: Unknown Code
rfc9030.xml,https://ieeexplore.ieee.org/document/6185525,Connection error: HTTP Error 418: Unknown Code
rfc9030.xml,https://www.isa.org/isa100/,200
rfc9030.xml,https://webstore.iec.ch/publication/65581,200
rfc9030.xml,https://tools.ietf.org/html/draft-thubert-6man-unicast-lookup-00,200
rfc9030.xml,https://datatracker.ietf.org/doc/charter-ietf-pce/,200
rfc9030.xml,https://tools.ietf.org/html/draft-pthubert-raw-architecture-05,200
rfc9030.xml,https://tools.ietf.org/html/draft-ietf-raw-use-cases-01,200
rfc9030.xml,https://www.ietf.org/archive/id/draft-ietf-raw-use-cases-01.txt,200
rfc9030.xml,https://www.rfc-editor.org/info/rfc2474,200
rfc9030.xml,https://www.rfc-editor.org/info/rfc2545,200
rfc9030.xml,https://www.rfc-editor.org/info/rfc3209,200
rfc9030.xml,https://www.rfc-editor.org/info/rfc3444,200
rfc9030.xml,https://www.rfc-editor.org/info/rfc3963,200
rfc9030.xml,https://www.rfc-editor.org/info/rfc4080,200
rfc9030.xml,https://www.rfc-editor.org/info/rfc4291,200
rfc9030.xml,https://www.rfc-editor.org/info/rfc4903,200
rfc9030.xml,https://www.rfc-editor.org/info/rfc4919,200
rfc9030.xml,https://www.rfc-editor.org/info/rfc5340,200
rfc9030.xml,https://www.rfc-editor.org/info/rfc5974,200
rfc9030.xml,https://www.rfc-editor.org/info/rfc6275,200
rfc9030.xml,https://www.rfc-editor.org/info/rfc6347,200
rfc9030.xml,https://www.rfc-editor.org/info/rfc6606,200
rfc9030.xml,https://www.rfc-editor.org/info/rfc6830,200
rfc9030.xml,https://www.rfc-editor.org/info/rfc7426,200
rfc9030.xml,https://www.rfc-editor.org/info/rfc8578,200
rfc9030.xml,https://www.rfc-editor.org/info/rfc8613,200
rfc9030.xml,https://www.rfc-editor.org/info/rfc8939,200
rfc9030.xml,https://www.rfc-editor.org/info/rfc8995,200
rfc9030.xml,https://www.rfc-editor.org/info/rfc9035,200
rfc9030.xml,https://tools.ietf.org/html/draft-tiloca-6tisch-robust-scheduling-02,200
rfc9030.xml,https://www.ietf.org/archive/id/draft-tiloca-6tisch-robust-scheduling-02.txt,200
rfc9030.xml,https://tools.ietf.org/html/draft-ietf-roll-rpl-industrial-applicability-02,200
rfc9030.xml,https://tools.ietf.org/html/draft-thubert-roll-bier-02,200
rfc9030.xml,https://tools.ietf.org/html/draft-ietf-roll-capabilities-08,200
rfc9030.xml,https://dl.acm.org/citation.cfm?id=1024920,Connection error: HTTP Error 403: Forbidden
rfc9030.xml,https://tools.ietf.org/html/draft-thubert-bier-replication-elimination-03,200
rfc9030.xml,https://datatracker.ietf.org/doc/charter-ietf-teas/,200
rfc9030.xml,https://tools.ietf.org/html/draft-ietf-lwig-6lowpan-virtual-reassembly-02,200
rfc9030.xml,https://www.ietf.org/archive/id/draft-ietf-lwig-6lowpan-virtual-reassembly-02.txt,200
rfc9030.xml,https://webstore.iec.ch/publication/24433,200
rfc9030.xml,https://tools.ietf.org/html/draft-ietf-6tisch-dtsecurity-zerotouch-join-04,200
rfc9030.xml,https://www.ietf.org/archive/id/draft-ietf-6tisch-dtsecurity-zerotouch-join-04.txt,200
rfc9158.xml,https://datatracker.ietf.org/doc/draft-ietf-lamps-rfc7299-update-02,200
rfc9158.xml,https://dx.doi.org/10.17487/rfc9158,200
rfc9158.xml,https://www.rfc-editor.org/info/rfc9158,200
rfc9158.xml,https://trustee.ietf.org/license-info,200
rfc9158.xml,https://www.rfc-editor.org/info/rfc7299,200
rfc9158.xml,https://www.rfc-editor.org/info/rfc8126,200
rfc9158.xml,https://www.rfc-editor.org/info/rfc4210,200
rfc9158.xml,https://www.rfc-editor.org/info/rfc4212,200
rfc9158.xml,https://www.rfc-editor.org/info/rfc5272,200
rfc9158.xml,https://www.rfc-editor.org/info/rfc5273,200
rfc9158.xml,https://www.rfc-editor.org/info/rfc5274,200
rfc9158.xml,https://www.rfc-editor.org/info/rfc6402,200
rfc8695.xml,https://datatracker.ietf.org/doc/draft-ietf-rtgwg-yang-rip-11,200
rfc8695.xml,https://dx.doi.org/10.17487/rfc8695,200
rfc8695.xml,https://www.rfc-editor.org/info/rfc8695,200
rfc8695.xml,https://trustee.ietf.org/license-info,200
rfc8695.xml,https://www.rfc-editor.org/info/rfc1724,200
rfc8695.xml,https://www.rfc-editor.org/info/rfc2119,200
rfc8695.xml,https://www.rfc-editor.org/info/rfc2453,200
rfc8695.xml,https://www.rfc-editor.org/info/rfc2080,200
rfc8695.xml,https://www.rfc-editor.org/info/rfc3688,200
rfc8695.xml,https://www.rfc-editor.org/info/rfc6020,200
rfc8695.xml,https://www.rfc-editor.org/info/rfc6241,200
rfc8695.xml,https://www.rfc-editor.org/info/rfc6242,200
rfc8695.xml,https://www.rfc-editor.org/info/rfc6991,200
rfc8695.xml,https://www.rfc-editor.org/info/rfc7950,200
rfc8695.xml,https://www.rfc-editor.org/info/rfc8040,200
rfc8695.xml,https://www.rfc-editor.org/info/rfc8174,200
rfc8695.xml,https://www.rfc-editor.org/info/rfc8177,200
rfc8695.xml,https://www.rfc-editor.org/info/rfc8341,200
rfc8695.xml,https://www.rfc-editor.org/info/rfc8342,200
rfc8695.xml,https://www.rfc-editor.org/info/rfc8343,200
rfc8695.xml,https://www.rfc-editor.org/info/rfc8344,200
rfc8695.xml,https://www.rfc-editor.org/info/rfc8349,200
rfc8695.xml,https://www.rfc-editor.org/info/rfc8446,200
rfc8695.xml,https://www.rfc-editor.org/info/rfc7951,200
rfc8695.xml,https://www.rfc-editor.org/info/rfc8340,200
rfc8695.xml,https://www.rfc-editor.org/info/rfc8407,200
rfc8695.xml,https://www.rfc-editor.org/info/rfc8639,200
rfc8695.xml,https://www.rfc-editor.org/info/rfc8641,200
rfc8695.xml,https://tools.ietf.org/html/draft-ietf-bfd-yang-17,200
rfc8695.xml,http://www.ietf.org/internet-drafts/draft-ietf-bfd-yang-17.txt,Connection error: HTTP Error 404: Not Found
rfc8695.xml,https://tools.ietf.org/html/draft-ietf-isis-yang-isis-cfg-42,200
rfc8695.xml,http://www.ietf.org/internet-drafts/draft-ietf-isis-yang-isis-cfg-42.txt,Connection error: HTTP Error 404: Not Found
rfc8695.xml,https://tools.ietf.org/html/draft-ietf-ospf-yang-29,200
rfc8695.xml,http://www.ietf.org/internet-drafts/draft-ietf-ospf-yang-29.txt,Connection error: HTTP Error 404: Not Found
rfc9553.xml,https://datatracker.ietf.org/doc/draft-ietf-calext-jscontact-16,200
rfc9553.xml,https://dx.doi.org/10.17487/rfc9553,200
rfc9553.xml,https://www.rfc-editor.org/info/rfc9553,200
rfc9553.xml,https://trustee.ietf.org/license-info,200
rfc9553.xml,https://www.iana.org/time-zones,200
rfc9553.xml,https://www.iana.org/assignments/vcard-elements,200
rfc9553.xml,https://www.rfc-editor.org/info/rfc1034,200
rfc9553.xml,https://www.rfc-editor.org/info/rfc1035,200
rfc9553.xml,https://www.rfc-editor.org/info/rfc2046,200
rfc9553.xml,https://www.rfc-editor.org/info/rfc2119,200
rfc9553.xml,https://www.rfc-editor.org/info/rfc2426,200
rfc9553.xml,https://www.rfc-editor.org/info/rfc3339,200
rfc9553.xml,https://www.rfc-editor.org/info/rfc4648,200
rfc9553.xml,https://www.rfc-editor.org/info/rfc5234,200
rfc9553.xml,https://www.rfc-editor.org/info/rfc5322,200
rfc9553.xml,https://www.rfc-editor.org/info/rfc5646,200
rfc9553.xml,https://www.rfc-editor.org/info/rfc5870,200
rfc9553.xml,https://www.rfc-editor.org/info/rfc6350,200
rfc9553.xml,https://www.rfc-editor.org/info/rfc6901,200
rfc9553.xml,https://www.rfc-editor.org/info/rfc7493,200
rfc9553.xml,https://www.rfc-editor.org/info/rfc7529,200
rfc9553.xml,https://www.rfc-editor.org/info/rfc8126,200
rfc9553.xml,https://www.rfc-editor.org/info/rfc8141,200
rfc9553.xml,https://www.rfc-editor.org/info/rfc8174,200
rfc9553.xml,https://www.rfc-editor.org/info/rfc8259,200
rfc9553.xml,https://www.internationalphoneticalphabet.org/,Connection error: HTTP Error 406: Not Acceptable
rfc9553.xml,https://www.rfc-editor.org/info/rfc3261,200
rfc9553.xml,https://www.rfc-editor.org/info/rfc3966,200
rfc9553.xml,https://www.rfc-editor.org/info/rfc3986,200
rfc9553.xml,https://www.rfc-editor.org/info/rfc3987,200
rfc9553.xml,https://www.rfc-editor.org/info/rfc6351,200
rfc9553.xml,https://www.rfc-editor.org/info/rfc6473,200
rfc9553.xml,https://www.rfc-editor.org/info/rfc6474,200
rfc9553.xml,https://www.rfc-editor.org/info/rfc6715,200
rfc9553.xml,https://www.rfc-editor.org/info/rfc6869,200
rfc9553.xml,https://www.rfc-editor.org/info/rfc7095,200
rfc9553.xml,https://www.rfc-editor.org/info/rfc8605,200
rfc9553.xml,https://www.rfc-editor.org/info/rfc9499,200
rfc9553.xml,https://www.rfc-editor.org/info/rfc9554,200
rfc9553.xml,https://www.rfc-editor.org/info/rfc9555,200
rfc9553.xml,https://www.rfc-editor.org/info/rfc9562,200
rfc9553.xml,https://www.unicode.org/reports/tr9/,200
rfc9553.xml,https://url.spec.whatwg.org,200
rfc8679.xml,https://datatracker.ietf.org/doc/draft-ietf-mpls-egress-protection-framework-07,200
rfc8679.xml,https://dx.doi.org/10.17487/rfc8679,200
rfc8679.xml,https://www.rfc-editor.org/info/rfc8679,200
rfc8679.xml,https://trustee.ietf.org/license-info,200
rfc8679.xml,https://www.rfc-editor.org/info/rfc2119,200
rfc8679.xml,https://www.rfc-editor.org/info/rfc8174,200
rfc8679.xml,https://www.rfc-editor.org/info/rfc8402,200
rfc8679.xml,https://www.rfc-editor.org/info/rfc8667,200
rfc8679.xml,https://tools.ietf.org/html/draft-ietf-rtgwg-bgp-pic-10,200
rfc8679.xml,http://www.ietf.org/internet-drafts/draft-ietf-rtgwg-bgp-pic-10.txt,Connection error: HTTP Error 404: Not Found
rfc8679.xml,https://www.rfc-editor.org/info/rfc4090,200
rfc8679.xml,https://www.rfc-editor.org/info/rfc5286,200
rfc8679.xml,https://www.rfc-editor.org/info/rfc7490,200
rfc8679.xml,https://www.rfc-editor.org/info/rfc7812,200
rfc8679.xml,https://www.rfc-editor.org/info/rfc8104,200
rfc8679.xml,https://www.rfc-editor.org/info/rfc8400,200
rfc9566.xml,https://datatracker.ietf.org/doc/draft-ietf-detnet-mpls-over-ip-preof-11,200
rfc9566.xml,https://dx.doi.org/10.17487/rfc9566,200
rfc9566.xml,https://www.rfc-editor.org/info/rfc9566,200
rfc9566.xml,https://trustee.ietf.org/license-info,200
rfc9566.xml,https://www.rfc-editor.org/rfc/rfc8939#figure-4,200
rfc9566.xml,https://www.rfc-editor.org/info/rfc8655,200
rfc9566.xml,https://www.rfc-editor.org/info/rfc8938,200
rfc9566.xml,https://www.rfc-editor.org/info/rfc8939,200
rfc9566.xml,https://www.rfc-editor.org/info/rfc8964,200
rfc9566.xml,https://www.rfc-editor.org/info/rfc9016,200
rfc9566.xml,https://www.rfc-editor.org/info/rfc9025,200
rfc9566.xml,https://www.rfc-editor.org/info/rfc9546,200
rfc9566.xml,https://doi.org/10.1109/IEEESTD.2017.8091139,Connection error: HTTP Error 418: Unknown Code
rfc9566.xml,https://doi.org/10.1109/IEEESTD.2022.9715061,Connection error: HTTP Error 418: Unknown Code
rfc9566.xml,https://www.rfc-editor.org/info/rfc9550,200
rfc8990.xml,https://datatracker.ietf.org/doc/draft-ietf-anima-grasp-15,200
rfc8990.xml,https://dx.doi.org/10.17487/rfc8990,200
rfc8990.xml,https://www.rfc-editor.org/info/rfc8990,200
rfc8990.xml,https://trustee.ietf.org/license-info,200
rfc8990.xml,https://www.rfc-editor.org/info/rfc2119,200
rfc8990.xml,https://www.rfc-editor.org/info/rfc3629,200
rfc8990.xml,https://www.rfc-editor.org/info/rfc3986,200
rfc8990.xml,https://www.rfc-editor.org/info/rfc4086,200
rfc8990.xml,https://www.rfc-editor.org/info/rfc7217,200
rfc8990.xml,https://www.rfc-editor.org/info/rfc8085,200
rfc8990.xml,https://www.rfc-editor.org/info/rfc8174,200
rfc8990.xml,https://www.rfc-editor.org/info/rfc8610,200
rfc8990.xml,https://www.rfc-editor.org/info/rfc8949,200
rfc8990.xml,https://www.rfc-editor.org/info/rfc8994,200
rfc8990.xml,https://tools.ietf.org/html/draft-stenberg-anima-adncp-00,200
rfc8990.xml,https://www.ietf.org/archive/id/draft-stenberg-anima-adncp-00.txt,200
rfc8990.xml,https://tools.ietf.org/html/draft-ietf-anima-asa-guidelines-00,200
rfc8990.xml,https://www.ietf.org/archive/id/draft-ietf-anima-asa-guidelines-00.txt,200
rfc8990.xml,https://tools.ietf.org/html/draft-chaparadza-intarea-igcp-00,200
rfc8990.xml,https://www.ietf.org/archive/id/draft-chaparadza-intarea-igcp-00.txt,200
rfc8990.xml,https://www.rfc-editor.org/info/rfc2205,200
rfc8990.xml,https://www.rfc-editor.org/info/rfc2334,200
rfc8990.xml,https://www.rfc-editor.org/info/rfc2608,200
rfc8990.xml,https://www.rfc-editor.org/info/rfc2865,200
rfc8990.xml,https://www.rfc-editor.org/info/rfc3416,200
rfc8990.xml,https://www.rfc-editor.org/info/rfc3493,200
rfc8990.xml,https://www.rfc-editor.org/info/rfc4861,200
rfc8990.xml,https://www.rfc-editor.org/info/rfc5612,200
rfc8990.xml,https://www.rfc-editor.org/info/rfc5971,200
rfc8990.xml,https://www.rfc-editor.org/info/rfc6206,200
rfc8990.xml,https://www.rfc-editor.org/info/rfc6241,200
rfc8990.xml,https://www.rfc-editor.org/info/rfc6733,200
rfc8990.xml,https://www.rfc-editor.org/info/rfc6762,200
rfc8990.xml,https://www.rfc-editor.org/info/rfc6763,200
rfc8990.xml,https://www.rfc-editor.org/info/rfc6887,200
rfc8990.xml,https://www.rfc-editor.org/info/rfc7558,200
rfc8990.xml,https://www.rfc-editor.org/info/rfc7575,200
rfc8990.xml,https://www.rfc-editor.org/info/rfc7576,200
rfc8990.xml,https://www.rfc-editor.org/info/rfc7787,200
rfc8990.xml,https://www.rfc-editor.org/info/rfc7788,200
rfc8990.xml,https://www.rfc-editor.org/info/rfc8040,200
rfc8990.xml,https://www.rfc-editor.org/info/rfc8126,200
rfc8990.xml,https://www.rfc-editor.org/info/rfc8264,200
rfc8990.xml,https://www.rfc-editor.org/info/rfc8368,200
rfc8990.xml,https://www.rfc-editor.org/info/rfc8415,200
rfc8990.xml,https://www.rfc-editor.org/info/rfc8991,200
rfc8990.xml,https://www.rfc-editor.org/info/rfc8993,200
rfc8990.xml,https://www.rfc-editor.org/info/rfc8995,200
rfc9039.xml,https://datatracker.ietf.org/doc/draft-ietf-core-dev-urn-11,200
rfc9039.xml,https://dx.doi.org/10.17487/rfc9039,200
rfc9039.xml,https://www.rfc-editor.org/info/rfc9039,200
rfc9039.xml,https://trustee.ietf.org/license-info,200
rfc9039.xml,https://www.iana.org/assignments/enterprise-numbers/,200
rfc9039.xml,https://pen.iana.org/pen/PenApplication.page,200
rfc9039.xml,https://standards.ieee.org/content/dam/ieee-standards/standards/web/documents/tutorials/eui.pdf,Connection error: HTTP Error 403: Forbidden
rfc9039.xml,https://www.maximintegrated.com/en/design/technical-documents/tutorials/1/1796.html,Connection error: HTTP Error 403: Forbidden
rfc9039.xml,https://www.rfc-editor.org/info/rfc2119,200
rfc9039.xml,https://www.rfc-editor.org/info/rfc2578,200
rfc9039.xml,https://www.rfc-editor.org/info/rfc3986,200
rfc9039.xml,https://www.rfc-editor.org/info/rfc5234,200
rfc9039.xml,https://www.rfc-editor.org/info/rfc8126,200
rfc9039.xml,https://www.rfc-editor.org/info/rfc8141,200
rfc9039.xml,https://www.rfc-editor.org/info/rfc8174,200
rfc9039.xml,https://datatracker.ietf.org/doc/html/draft-ietf-core-resource-directory-28,200
rfc9039.xml,https://www.openmobilealliance.org/release/LightweightM2M/V1_2-20190124-C/OMA-RD-LightweightM2M-V1_2-20190124-C.pdf,Connection error: HTTP Error 403: Forbidden
rfc9039.xml,https://www.rfc-editor.org/info/rfc3261,200
rfc9039.xml,https://www.rfc-editor.org/info/rfc4122,200
rfc9039.xml,https://www.rfc-editor.org/info/rfc5612,200
rfc9039.xml,https://www.rfc-editor.org/info/rfc6920,200
rfc9039.xml,https://www.rfc-editor.org/info/rfc7230,200
rfc9039.xml,https://www.rfc-editor.org/info/rfc7252,200
rfc9039.xml,https://www.rfc-editor.org/info/rfc7254,200
rfc9039.xml,https://www.rfc-editor.org/info/rfc7405,200
rfc9039.xml,https://www.rfc-editor.org/info/rfc7540,200
rfc9039.xml,https://www.rfc-editor.org/info/rfc7721,200
rfc9039.xml,https://www.rfc-editor.org/info/rfc8259,200
rfc9039.xml,https://www.rfc-editor.org/info/rfc8428,200
rfc9039.xml,https://www.rfc-editor.org/info/rfc8464,200
rfc9039.xml,http://www.w3.org/TR/1998/REC-xml-19980210,200
rfc9284.xml,https://datatracker.ietf.org/doc/draft-ietf-dots-multihoming-13,200
rfc9284.xml,https://dx.doi.org/10.17487/rfc9284,200
rfc9284.xml,https://www.rfc-editor.org/info/rfc9284,200
rfc9284.xml,https://trustee.ietf.org/license-info,200
rfc9284.xml,https://www.rfc-editor.org/info/rfc2119,200
rfc9284.xml,https://www.rfc-editor.org/info/rfc6724,200
rfc9284.xml,https://www.rfc-editor.org/info/rfc8174,200
rfc9284.xml,https://www.rfc-editor.org/info/rfc8811,200
rfc9284.xml,https://www.rfc-editor.org/info/rfc3582,200
rfc9284.xml,https://www.rfc-editor.org/info/rfc4116,200
rfc9284.xml,https://www.rfc-editor.org/info/rfc4218,200
rfc9284.xml,https://www.rfc-editor.org/info/rfc4732,200
rfc9284.xml,https://www.rfc-editor.org/info/rfc7556,200
rfc9284.xml,https://www.rfc-editor.org/info/rfc8043,200
rfc9284.xml,https://www.rfc-editor.org/info/rfc8612,200
rfc9284.xml,https://www.rfc-editor.org/info/rfc8783,200
rfc9284.xml,https://www.rfc-editor.org/info/rfc8803,200
rfc9284.xml,https://www.rfc-editor.org/info/rfc8903,200
rfc9284.xml,https://www.rfc-editor.org/info/rfc8973,200
rfc9284.xml,https://www.rfc-editor.org/info/rfc9132,200
rfc9284.xml,https://www.3gpp.org/DynaReport/24008.htm,Connection error: HTTP Error 403: Forbidden: Access is denied.
rfc8972.xml,https://datatracker.ietf.org/doc/draft-ietf-ippm-stamp-option-tlv-10,200
rfc8972.xml,https://dx.doi.org/10.17487/rfc8972,200
rfc8972.xml,https://www.rfc-editor.org/info/rfc8972,200
rfc8972.xml,https://trustee.ietf.org/license-info,200
rfc8972.xml,https://www.rfc-editor.org/info/rfc2104,200
rfc8972.xml,https://www.rfc-editor.org/info/rfc2119,200
rfc8972.xml,https://www.rfc-editor.org/info/rfc8126,200
rfc8972.xml,https://www.rfc-editor.org/info/rfc8174,200
rfc8972.xml,https://www.rfc-editor.org/info/rfc8762,200
rfc8972.xml,https://doi.org/10.1109/IEEESTD.2008.4579760,Connection error: HTTP Error 418: Unknown Code
rfc8972.xml,https://tools.ietf.org/html/draft-irtf-pearg-numeric-ids-generation-06,200
rfc8972.xml,https://www.ietf.org/internet-drafts/draft-irtf-pearg-numeric-ids-generation-06.txt,Connection error: HTTP Error 404: Not Found
rfc8972.xml,https://www.rfc-editor.org/info/rfc2474,200
rfc8972.xml,https://www.rfc-editor.org/info/rfc4868,200
rfc8972.xml,https://www.rfc-editor.org/info/rfc5357,200
rfc8972.xml,https://www.rfc-editor.org/info/rfc5905,200
rfc9257.xml,https://datatracker.ietf.org/doc/draft-ietf-tls-external-psk-guidance-06,200
rfc9257.xml,https://dx.doi.org/10.17487/rfc9257,200
rfc9257.xml,https://www.rfc-editor.org/info/rfc9257,200
rfc9257.xml,https://trustee.ietf.org/license-info,200
rfc9257.xml,https://www.rfc-editor.org/info/rfc2119,200
rfc9257.xml,https://www.rfc-editor.org/info/rfc8174,200
rfc9257.xml,https://www.rfc-editor.org/info/rfc8446,200
rfc9257.xml,https://www.rfc-editor.org/info/rfc9258,200
rfc9257.xml,https://eprint.iacr.org/2019/421.pdf,200
rfc9257.xml,https://datatracker.ietf.org/doc/html/draft-irtf-cfrg-cpace-06,200
rfc9257.xml,https://www.ietf.org/archive/id/draft-irtf-cfrg-cpace-06.txt,200
rfc9257.xml,https://datatracker.ietf.org/doc/html/draft-ietf-tls-ctls-06,200
rfc9257.xml,https://www.ietf.org/archive/id/draft-ietf-tls-ctls-06.txt,200
rfc9257.xml,https://datatracker.ietf.org/doc/html/draft-mattsson-emu-eap-tls-psk-00,200
rfc9257.xml,https://www.ietf.org/archive/id/draft-mattsson-emu-eap-tls-psk-00.txt,200
rfc9257.xml,https://www.etsi.org/deliver/etsi_tr/133900_133999/133919/12.00.00_60/tr_133919v120000p.pdf,200
rfc9257.xml,https://link.springer.com/content/pdf/10.1007/978-3-540-45146-4_24.pdf,200
rfc9257.xml,http://www.openmobilealliance.org/release/LightweightM2M/V1_0-20170208-A/OMA-TS-LightweightM2M-V1_0-20170208-A.pdf,Connection error: HTTP Error 403: Forbidden
rfc9257.xml,https://datatracker.ietf.org/doc/html/draft-irtf-cfrg-opaque-09,200
rfc9257.xml,https://www.ietf.org/archive/id/draft-irtf-cfrg-opaque-09.txt,200
rfc9257.xml,https://www.rfc-editor.org/info/rfc2865,200
rfc9257.xml,https://www.rfc-editor.org/info/rfc3748,200
rfc9257.xml,https://www.rfc-editor.org/info/rfc4122,200
rfc9257.xml,https://www.rfc-editor.org/info/rfc4279,200
rfc9257.xml,https://www.rfc-editor.org/info/rfc6066,200
rfc9257.xml,https://www.rfc-editor.org/info/rfc6614,200
rfc9257.xml,https://www.rfc-editor.org/info/rfc7925,200
rfc9257.xml,https://www.rfc-editor.org/info/rfc8773,200
rfc9257.xml,https://www.rfc-editor.org/info/rfc9147,200
rfc9257.xml,https://eprint.iacr.org/2019/347.pdf,200
rfc9257.xml,https://arxiv.org/pdf/1902.07550,200
rfc9257.xml,https://www.bsi.bund.de/SharedDocs/Downloads/DE/BSI/Publikationen/TechnischeRichtlinien/TR03112/TR-03112-api_teil7.pdf?__blob=publicationFile&v=1,200
rfc9601.xml,https://datatracker.ietf.org/doc/draft-ietf-tsvwg-rfc6040update-shim-23,200
rfc9601.xml,https://dx.doi.org/10.17487/rfc9601,200
rfc9601.xml,https://www.rfc-editor.org/info/rfc9601,200
rfc9601.xml,https://trustee.ietf.org/license-info,200
rfc9601.xml,https://www.rfc-editor.org/info/rfc2119,200
rfc9601.xml,https://www.rfc-editor.org/info/rfc2474,200
rfc9601.xml,https://www.rfc-editor.org/info/rfc2661,200
rfc9601.xml,https://www.rfc-editor.org/info/rfc2784,200
rfc9601.xml,https://www.rfc-editor.org/info/rfc3168,200
rfc9601.xml,https://www.rfc-editor.org/info/rfc3931,200
rfc9601.xml,https://www.rfc-editor.org/info/rfc4301,200
rfc9601.xml,https://www.rfc-editor.org/info/rfc4380,200
rfc9601.xml,https://www.rfc-editor.org/info/rfc5129,200
rfc9601.xml,https://www.rfc-editor.org/info/rfc6040,200
rfc9601.xml,https://www.rfc-editor.org/info/rfc6660,200
rfc9601.xml,https://www.rfc-editor.org/info/rfc7450,200
rfc9601.xml,https://www.rfc-editor.org/info/rfc9599,200
rfc9601.xml,https://arxiv.org/abs/2311.16825,200
rfc9601.xml,https://arxiv.org/pdf/2311.16825.pdf,200
rfc9601.xml,https://datatracker.ietf.org/doc/html/draft-ietf-intarea-tunnels-13,200
rfc9601.xml,https://datatracker.ietf.org/doc/html/draft-ietf-nvo3-vxlan-gpe-13,200
rfc9601.xml,https://www.rfc-editor.org/info/rfc1701,200
rfc9601.xml,https://www.rfc-editor.org/info/rfc2332,200
rfc9601.xml,https://www.rfc-editor.org/info/rfc2637,200
rfc9601.xml,https://www.rfc-editor.org/info/rfc2983,200
rfc9601.xml,https://www.rfc-editor.org/info/rfc3260,200
rfc9601.xml,https://www.rfc-editor.org/info/rfc3308,200
rfc9601.xml,https://www.rfc-editor.org/info/rfc5415,200
rfc9601.xml,https://www.rfc-editor.org/info/rfc5845,200
rfc9601.xml,https://www.rfc-editor.org/info/rfc5944,200
rfc9601.xml,https://www.rfc-editor.org/info/rfc6275,200
rfc9601.xml,https://www.rfc-editor.org/info/rfc7059,200
rfc9601.xml,https://www.rfc-editor.org/info/rfc7296,200
rfc9601.xml,https://www.rfc-editor.org/info/rfc7348,200
rfc9601.xml,https://www.rfc-editor.org/info/rfc7637,200
rfc9601.xml,https://www.rfc-editor.org/info/rfc7665,200
rfc9601.xml,https://www.rfc-editor.org/info/rfc8085,200
rfc9601.xml,https://www.rfc-editor.org/info/rfc8087,200
rfc9601.xml,https://www.rfc-editor.org/info/rfc8159,200
rfc9601.xml,https://www.rfc-editor.org/info/rfc8174,200
rfc9601.xml,https://www.rfc-editor.org/info/rfc8300,200
rfc9601.xml,https://www.rfc-editor.org/info/rfc8311,200
rfc9601.xml,https://www.rfc-editor.org/info/rfc8926,200
rfc9601.xml,https://www.rfc-editor.org/info/rfc9300,200
rfc9601.xml,https://www.rfc-editor.org/info/rfc9329,200
rfc9601.xml,https://www.rfc-editor.org/info/rfc9331,200
rfc9601.xml,https://datatracker.ietf.org/doc/html/draft-ietf-sfc-nsh-ecn-support-13,200
rfc9292.xml,https://datatracker.ietf.org/doc/draft-ietf-httpbis-binary-message-06,200
rfc9292.xml,https://dx.doi.org/10.17487/rfc9292,200
rfc9292.xml,https://www.rfc-editor.org/info/rfc9292,200
rfc9292.xml,https://trustee.ietf.org/license-info,200
rfc9292.xml,https://www.iana.org/assignments/media-types,200
rfc9292.xml,https://www.rfc-editor.org/info/rfc9110,200
rfc9292.xml,https://www.rfc-editor.org/info/rfc9113,200
rfc9292.xml,https://www.rfc-editor.org/info/rfc9000,200
rfc9292.xml,https://www.rfc-editor.org/info/rfc2119,200
rfc9292.xml,https://www.rfc-editor.org/info/rfc8174,200
rfc9292.xml,https://www.rfc-editor.org/info/rfc7541,200
rfc9292.xml,https://www.rfc-editor.org/info/rfc9112,200
rfc9292.xml,https://www.rfc-editor.org/info/rfc9114,200
rfc9292.xml,https://www.rfc-editor.org/info/rfc9204,200
rfc9292.xml,https://www.rfc-editor.org/info/rfc2518,200
rfc9292.xml,https://www.rfc-editor.org/info/rfc8297,200
rfc9245.xml,https://datatracker.ietf.org/doc/draft-eggert-bcp45bis-08,200
rfc9245.xml,https://dx.doi.org/10.17487/rfc9245,200
rfc9245.xml,https://www.rfc-editor.org/info/rfc9245,200
rfc9245.xml,https://trustee.ietf.org/license-info,200
rfc9245.xml,https://www.rfc-editor.org/info/rfc2026,200
rfc9245.xml,https://ietf.org/mailman/listinfo/admin-discuss,Connection error: HTTP Error 403: Forbidden
rfc9245.xml,https://ietf.org/mailman/listinfo/architecture-discuss,Connection error: HTTP Error 403: Forbidden
rfc9245.xml,https://ietf.org/mailman/listinfo/ietf-announce,Connection error: HTTP Error 403: Forbidden
rfc9245.xml,https://ietf.org/mailman/listinfo/ietf,Connection error: HTTP Error 403: Forbidden
rfc9245.xml,https://ietf.org/mailman/listinfo/last-call,Connection error: HTTP Error 403: Forbidden
rfc9245.xml,https://github.com/ietf/saa/blob/main/sop.md,200
rfc9245.xml,https://github.com/ietf/saa/blob/main/unprofessional-commentary.md,200
rfc9245.xml,https://ietf.org/how/lists/nonwglist-guidelines/,200
rfc9245.xml,https://ietf.org/about/note-well/,200
rfc9245.xml,https://www.rfc-editor.org/info/rfc3005,200
rfc9245.xml,https://www.rfc-editor.org/info/rfc3160,200
rfc9245.xml,https://www.rfc-editor.org/info/rfc3184,200
rfc9245.xml,https://www.rfc-editor.org/info/rfc3552,200
rfc9245.xml,https://www.rfc-editor.org/info/rfc3683,200
rfc9245.xml,https://www.rfc-editor.org/info/rfc7154,200
rfc9245.xml,https://www.rfc-editor.org/info/rfc7776,200
rfc9677.xml,https://datatracker.ietf.org/doc/draft-ietf-cdni-https-delegation-subcerts-12,200
rfc9677.xml,https://dx.doi.org/10.17487/rfc9677,200
rfc9677.xml,https://www.rfc-editor.org/info/rfc9677,200
rfc9677.xml,https://trustee.ietf.org/license-info,200
rfc9677.xml,https://www.rfc-editor.org/info/rfc2119,200
rfc9677.xml,https://www.rfc-editor.org/info/rfc4648,200
rfc9677.xml,https://www.rfc-editor.org/info/rfc7516,200
rfc9677.xml,https://www.rfc-editor.org/info/rfc7517,200
rfc9677.xml,https://www.rfc-editor.org/info/rfc8006,200
rfc9677.xml,https://www.rfc-editor.org/info/rfc8008,200
rfc9677.xml,https://www.rfc-editor.org/info/rfc8174,200
rfc9677.xml,https://www.rfc-editor.org/info/rfc8446,200
rfc9677.xml,https://www.rfc-editor.org/info/rfc9345,200
rfc9677.xml,https://www.rfc-editor.org/info/rfc7336,200
rfc9677.xml,https://www.rfc-editor.org/info/rfc7337,200
rfc9677.xml,https://www.rfc-editor.org/info/rfc7736,200
rfc9682.xml,https://datatracker.ietf.org/doc/draft-ietf-cbor-update-8610-grammar-06,200
rfc9682.xml,https://dx.doi.org/10.17487/rfc9682,200
rfc9682.xml,https://www.rfc-editor.org/info/rfc9682,200
rfc9682.xml,https://trustee.ietf.org/license-info,200
rfc9682.xml,https://www.rfc-editor.org/info/rfc8610,200
rfc9682.xml,https://www.rfc-editor.org/info/std68,200
rfc9682.xml,https://www.rfc-editor.org/info/rfc5234,200
rfc9682.xml,https://www.rfc-editor.org/info/std94,200
rfc9682.xml,https://www.rfc-editor.org/info/rfc8949,200
rfc9682.xml,https://datatracker.ietf.org/doc/html/draft-ietf-cbor-cddl-modules-03,200
rfc9682.xml,https://datatracker.ietf.org/doc/html/draft-ietf-cbor-edn-literals-13,200
rfc9682.xml,https://www.rfc-editor.org/errata/eid6278,200
rfc9682.xml,https://www.rfc-editor.org/errata/eid6526,200
rfc9682.xml,https://www.rfc-editor.org/errata/eid6527,200
rfc9682.xml,https://www.rfc-editor.org/errata/eid6543,200
rfc9682.xml,https://www.rfc-editor.org/errata/eid6575,200
rfc9682.xml,https://www.rfc-editor.org/info/rfc7405,200
rfc9682.xml,https://www.rfc-editor.org/info/rfc9165,200
rfc9682.xml,https://www.rfc-editor.org/info/rfc9277,200
rfc9682.xml,https://www.rfc-editor.org/info/std80,200
rfc9682.xml,https://www.rfc-editor.org/info/rfc20,200
rfc9682.xml,https://www.unicode.org/versions/latest/,200
rfc8739.xml,https://datatracker.ietf.org/doc/draft-ietf-acme-star-11,200
rfc8739.xml,https://dx.doi.org/10.17487/rfc8739,200
rfc8739.xml,https://www.rfc-editor.org/info/rfc8739,200
rfc8739.xml,https://trustee.ietf.org/license-info,200
rfc8739.xml,https://www.rfc-editor.org/info/rfc2119,200
rfc8739.xml,https://www.rfc-editor.org/info/rfc3339,200
rfc8739.xml,https://www.rfc-editor.org/info/rfc7231,200
rfc8739.xml,https://www.rfc-editor.org/info/rfc7234,200
rfc8739.xml,https://www.rfc-editor.org/info/rfc7807,200
rfc8739.xml,https://www.rfc-editor.org/info/rfc8126,200
rfc8739.xml,https://www.rfc-editor.org/info/rfc8174,200
rfc8739.xml,https://www.rfc-editor.org/info/rfc8555,200
rfc8739.xml,https://acmccs.github.io/papers/p1407-acerA.pdf,200
rfc8739.xml,https://github.com/chromium/ct-policy,200
rfc8739.xml,https://www.rfc-editor.org/info/rfc6066,200
rfc8739.xml,https://www.rfc-editor.org/info/rfc7633,200
rfc8739.xml,https://tools.ietf.org/html/draft-nir-saag-star-01,200
rfc8739.xml,http://www.ietf.org/internet-drafts/draft-nir-saag-star-01.txt,Connection error: HTTP Error 404: Not Found
rfc8739.xml,https://tools.ietf.org/html/draft-ietf-acme-star-delegation-03,200
rfc8739.xml,http://www.ietf.org/internet-drafts/draft-ietf-acme-star-delegation-03.txt,Connection error: HTTP Error 404: Not Found
rfc8739.xml,https://crypto.stanford.edu/~dabo/pubs/abstracts/ssl-prefetch.html,200
rfc8739.xml,https://www.ieee-security.org/TC/W2SP/2012/papers/w2sp12-final9.pdf,200
rfc8739.xml,https://www.w3.org/TR/2014/WD-capability-urls-20140218,200
rfc8881.xml,https://datatracker.ietf.org/doc/draft-ietf-nfsv4-rfc5661sesqui-msns-04,200
rfc8881.xml,https://dx.doi.org/10.17487/rfc8881,200
rfc8881.xml,https://www.rfc-editor.org/info/rfc8881,200
rfc8881.xml,https://trustee.ietf.org/license-info,200
rfc8881.xml,https://www.rfc-editor.org/info/rfc2119,200
rfc8881.xml,https://www.rfc-editor.org/info/rfc4506,200
rfc8881.xml,https://www.rfc-editor.org/info/rfc5531,200
rfc8881.xml,https://www.rfc-editor.org/info/rfc2203,200
rfc8881.xml,https://www.rfc-editor.org/info/rfc4121,200
rfc8881.xml,https://www.opengroup.org,200
rfc8881.xml,https://www.rfc-editor.org/info/rfc2743,200
rfc8881.xml,https://www.rfc-editor.org/info/rfc5040,200
rfc8881.xml,https://www.rfc-editor.org/info/rfc5403,200
rfc8881.xml,https://www.rfc-editor.org/info/rfc5662,200
rfc8881.xml,https://www.opengroup.org,200
rfc8881.xml,https://www.rfc-editor.org/info/rfc5665,200
rfc8881.xml,https://www.opengroup.org,200
rfc8881.xml,https://www.opengroup.org,200
rfc8881.xml,https://www.opengroup.org,200
rfc8881.xml,https://www.rfc-editor.org/info/rfc3454,200
rfc8881.xml,https://www.opengroup.org,200
rfc8881.xml,https://www.rfc-editor.org/info/rfc2277,200
rfc8881.xml,https://www.rfc-editor.org/info/rfc3491,200
rfc8881.xml,https://www.opengroup.org,200
rfc8881.xml,https://www.opengroup.org,200
rfc8881.xml,https://www.opengroup.org,200
rfc8881.xml,https://www.opengroup.org,200
rfc8881.xml,https://www.rfc-editor.org/info/rfc4055,200
rfc8881.xml,https://csrc.nist.gov/projects/computer-security-objects-register/algorithm-registration,200
rfc8881.xml,https://www.rfc-editor.org/info/rfc7861,200
rfc8881.xml,https://www.rfc-editor.org/info/rfc4120,200
rfc8881.xml,https://www.rfc-editor.org/info/rfc4033,200
rfc8881.xml,https://www.rfc-editor.org/info/rfc7858,200
rfc8881.xml,https://www.rfc-editor.org/info/rfc8000,200
rfc8881.xml,https://www.rfc-editor.org/info/rfc8166,200
rfc8881.xml,https://www.rfc-editor.org/info/rfc8267,200
rfc8881.xml,https://www.rfc-editor.org/info/rfc8484,200
rfc8881.xml,https://www.rfc-editor.org/info/bcp9,200
rfc8881.xml,https://www.rfc-editor.org/info/rfc2026,200
rfc8881.xml,https://www.rfc-editor.org/info/rfc7127,200
rfc8881.xml,https://www.rfc-editor.org/info/rfc5657,200
rfc8881.xml,https://www.rfc-editor.org/info/rfc6410,200
rfc8881.xml,https://www.rfc-editor.org/info/rfc7100,200
rfc8881.xml,https://www.rfc-editor.org/info/rfc7475,200
rfc8881.xml,https://tools.ietf.org/html/draft-roach-bis-documents-00,200
rfc8881.xml,http://www.ietf.org/internet-drafts/draft-roach-bis-documents-00.txt,Connection error: HTTP Error 404: Not Found
rfc8881.xml,https://www.rfc-editor.org/info/rfc3530,200
rfc8881.xml,https://www.rfc-editor.org/info/rfc1813,200
rfc8881.xml,https://www.rfc-editor.org/info/rfc2847,200
rfc8881.xml,https://www.rfc-editor.org/info/rfc2623,200
rfc8881.xml,https://www.rfc-editor.org/info/rfc3232,200
rfc8881.xml,https://www.rfc-editor.org/info/rfc1833,200
rfc8881.xml,https://www.rfc-editor.org/info/rfc1094,200
rfc8881.xml,https://www.rfc-editor.org/info/rfc5664,200
rfc8881.xml,https://www.rfc-editor.org/info/rfc5663,200
rfc8881.xml,https://www.rfc-editor.org/info/rfc2054,200
rfc8881.xml,https://www.rfc-editor.org/info/rfc2055,200
rfc8881.xml,https://www.ietf.org/about/groups/iesg/statements/processing-rfc-errata/,200
rfc8881.xml,https://www.rfc-editor.org/info/rfc2104,200
rfc8881.xml,https://www.rfc-editor.org/info/rfc2624,200
rfc8881.xml,https://www.rfc-editor.org/info/rfc7143,200
rfc8881.xml,https://www.t10.org/drafts.htm,200
rfc8881.xml,https://www.opengroup.org,200
rfc8881.xml,https://www.rfc-editor.org/info/rfc2224,200
rfc8881.xml,https://www.rfc-editor.org/info/rfc2755,200
rfc8881.xml,https://www.rfc-editor.org/info/rfc8126,200
rfc8881.xml,https://www.rfc-editor.org/errata/eid2006,200
rfc8881.xml,https://doi.org/10.1145/227695.227698,Connection error: HTTP Error 403: Forbidden
rfc8881.xml,https://www.rfc-editor.org/info/rfc5661,200
rfc8881.xml,https://www.rfc-editor.org/info/rfc8178,200
rfc8881.xml,https://www.rfc-editor.org/info/rfc7530,200
rfc8881.xml,https://www.rfc-editor.org/info/rfc7931,200
rfc8881.xml,https://www.rfc-editor.org/info/rfc8434,200
rfc8881.xml,https://www.rfc-editor.org/info/rfc7258,200
rfc8881.xml,https://www.rfc-editor.org/info/rfc3552,200
rfc9221.xml,https://datatracker.ietf.org/doc/draft-ietf-quic-datagram-10,200
rfc9221.xml,https://dx.doi.org/10.17487/rfc9221,200
rfc9221.xml,https://www.rfc-editor.org/info/rfc9221,200
rfc9221.xml,https://trustee.ietf.org/license-info,200
rfc9221.xml,https://www.iana.org/assignments/quic,200
rfc9221.xml,https://www.iana.org/assignments/quic,200
rfc9221.xml,https://www.rfc-editor.org/info/rfc2119,200
rfc9221.xml,https://www.rfc-editor.org/info/rfc8174,200
rfc9221.xml,https://www.rfc-editor.org/info/rfc9000,200
rfc9221.xml,https://www.rfc-editor.org/info/rfc9001,200
rfc9221.xml,https://www.rfc-editor.org/info/rfc9002,200
rfc9221.xml,https://www.rfc-editor.org/info/rfc768,200
rfc9221.xml,https://www.rfc-editor.org/info/rfc6347,200
rfc9715.xml,https://datatracker.ietf.org/doc/draft-ietf-dnsop-avoid-fragmentation-20,200
rfc9715.xml,https://dx.doi.org/10.17487/rfc9715,200
rfc9715.xml,https://www.rfc-editor.org/info/rfc9715,200
rfc9715.xml,https://trustee.ietf.org/license-info,200
rfc9715.xml,https://www.rfc-editor.org/info/rfc1035,200
rfc9715.xml,https://www.rfc-editor.org/info/rfc1191,200
rfc9715.xml,https://www.rfc-editor.org/info/rfc2119,200
rfc9715.xml,https://www.rfc-editor.org/info/rfc2931,200
rfc9715.xml,https://www.rfc-editor.org/info/rfc6891,200
rfc9715.xml,https://www.rfc-editor.org/info/rfc7739,200
rfc9715.xml,https://www.rfc-editor.org/info/rfc7766,200
rfc9715.xml,https://www.rfc-editor.org/info/rfc8085,200
rfc9715.xml,https://www.rfc-editor.org/info/rfc8174,200
rfc9715.xml,https://www.rfc-editor.org/info/rfc8200,200
rfc9715.xml,https://www.rfc-editor.org/info/rfc8201,200
rfc9715.xml,https://www.rfc-editor.org/info/rfc8899,200
rfc9715.xml,https://www.rfc-editor.org/info/rfc8945,200
rfc9715.xml,https://www.rfc-editor.org/info/rfc9499,200
rfc9715.xml,https://dl.acm.org/doi/10.1145/3243734.3243790,Connection error: HTTP Error 403: Forbidden
rfc9715.xml,https://dnsflagday.net/2020/,200
rfc9715.xml,https://indico.dns-oarc.net/event/31/contributions/692/attachments/660/1115/fujiwara-5.pdf,200
rfc9715.xml,https://ieeexplore.ieee.org/document/6682711,Connection error: HTTP Error 418: Unknown Code
rfc9715.xml,https://ripe67.ripe.net/presentations/240-ipfragattack.pdf,200
rfc9715.xml,https://indico.dns-oarc.net/event/37/contributions/806/attachments/782/1366/2021-02-04-dns-flag.pdf,200
rfc9715.xml,https://www.rfc-editor.org/info/rfc791,200
rfc9715.xml,https://www.rfc-editor.org/info/rfc2308,200
rfc9715.xml,https://www.rfc-editor.org/info/rfc2671,200
rfc9715.xml,https://www.rfc-editor.org/info/rfc2782,200
rfc9715.xml,https://www.rfc-editor.org/info/rfc4035,200
rfc9715.xml,https://www.rfc-editor.org/info/rfc5155,200
rfc9715.xml,https://www.rfc-editor.org/info/rfc8900,200
rfc9715.xml,https://www.rfc-editor.org/info/rfc9460,200
rfc9715.xml,https://www.rfc-editor.org/info/rfc9471,200
rfc9300.xml,https://datatracker.ietf.org/doc/draft-ietf-lisp-rfc6830bis-38,200
rfc9300.xml,https://dx.doi.org/10.17487/rfc9300,200
rfc9300.xml,https://www.rfc-editor.org/info/rfc9300,200
rfc9300.xml,https://trustee.ietf.org/license-info,200
rfc9300.xml,https://www.rfc-editor.org/info/rfc768,200
rfc9300.xml,https://www.rfc-editor.org/info/rfc791,200
rfc9300.xml,https://www.rfc-editor.org/info/rfc2119,200
rfc9300.xml,https://www.rfc-editor.org/info/rfc2474,200
rfc9300.xml,https://www.rfc-editor.org/info/rfc2983,200
rfc9300.xml,https://www.rfc-editor.org/info/rfc6040,200
rfc9300.xml,https://www.rfc-editor.org/info/rfc6438,200
rfc9300.xml,https://www.rfc-editor.org/info/rfc6830,200
rfc9300.xml,https://www.rfc-editor.org/info/rfc6831,200
rfc9300.xml,https://www.rfc-editor.org/info/rfc8126,200
rfc9300.xml,https://www.rfc-editor.org/info/rfc8174,200
rfc9300.xml,https://www.rfc-editor.org/info/rfc8200,200
rfc9300.xml,https://www.rfc-editor.org/info/rfc8378,200
rfc9300.xml,https://www.rfc-editor.org/info/rfc8704,200
rfc9300.xml,https://www.rfc-editor.org/info/rfc9301,200
rfc9300.xml,https://www.rfc-editor.org/info/rfc9302,200
rfc9300.xml,http://www.iana.org/assignments/address-family-numbers,200
rfc9300.xml,http://mercury.lcs.mit.edu/~jnc/tech/endpoints.txt,200
rfc9300.xml,https://datatracker.ietf.org/doc/html/draft-ietf-lisp-vpn-10,200
rfc9300.xml,https://www.ietf.org/archive/id/draft-ietf-lisp-vpn-10.txt,200
rfc9300.xml,https://www.rfc-editor.org/info/rfc1034,200
rfc9300.xml,https://www.rfc-editor.org/info/rfc1191,200
rfc9300.xml,https://www.rfc-editor.org/info/rfc2453,200
rfc9300.xml,https://www.rfc-editor.org/info/rfc2677,200
rfc9300.xml,https://www.rfc-editor.org/info/rfc2784,200
rfc9300.xml,https://www.rfc-editor.org/info/rfc3056,200
rfc9300.xml,https://www.rfc-editor.org/info/rfc3261,200
rfc9300.xml,https://www.rfc-editor.org/info/rfc4086,200
rfc9300.xml,https://www.rfc-editor.org/info/rfc4459,200
rfc9300.xml,https://www.rfc-editor.org/info/rfc4760,200
rfc9300.xml,https://www.rfc-editor.org/info/rfc4821,200
rfc9300.xml,https://www.rfc-editor.org/info/rfc4984,200
rfc9300.xml,https://www.rfc-editor.org/info/rfc6832,200
rfc9300.xml,https://www.rfc-editor.org/info/rfc6835,200
rfc9300.xml,https://www.rfc-editor.org/info/rfc6935,200
rfc9300.xml,https://www.rfc-editor.org/info/rfc6936,200
rfc9300.xml,https://www.rfc-editor.org/info/rfc7052,200
rfc9300.xml,https://www.rfc-editor.org/info/rfc7215,200
rfc9300.xml,https://www.rfc-editor.org/info/rfc8060,200
rfc9300.xml,https://www.rfc-editor.org/info/rfc8061,200
rfc9300.xml,https://www.rfc-editor.org/info/rfc8085,200
rfc9300.xml,https://www.rfc-editor.org/info/rfc8201,200
rfc9300.xml,https://www.rfc-editor.org/info/rfc8899,200
rfc9300.xml,https://www.rfc-editor.org/info/rfc9299,200
rfc9734.xml,https://datatracker.ietf.org/doc/draft-ietf-lamps-im-keyusage-04,200
rfc9734.xml,https://dx.doi.org/10.17487/rfc9734,200
rfc9734.xml,https://www.rfc-editor.org/info/rfc9734,200
rfc9734.xml,https://trustee.ietf.org/license-info,200
rfc9734.xml,https://www.itu.int/rec/T-REC-X.680,200
rfc9734.xml,https://www.itu.int/rec/T-REC-X.690,200
rfc9734.xml,https://www.rfc-editor.org/info/rfc2119,200
rfc9734.xml,https://www.rfc-editor.org/info/rfc5280,200
rfc9734.xml,https://www.rfc-editor.org/info/rfc8174,200
rfc9734.xml,https://datatracker.ietf.org/doc/html/draft-barnes-mimi-identity-arch-02,200
rfc9734.xml,https://www.rfc-editor.org/info/rfc3860,200
rfc9734.xml,https://www.rfc-editor.org/info/rfc6121,200
rfc9734.xml,https://www.rfc-editor.org/info/rfc9420,200
rfc8891.xml,https://datatracker.ietf.org/doc/draft-dolmatov-magma-06,200
rfc8891.xml,https://dx.doi.org/10.17487/rfc8891,200
rfc8891.xml,https://www.rfc-editor.org/info/rfc8891,200
rfc8891.xml,https://trustee.ietf.org/license-info,200
rfc8891.xml,https://www.rfc-editor.org/info/rfc5830,200
rfc8891.xml,https://www.rfc-editor.org/info/rfc7801,200
rfc8891.xml,https://www.rfc-editor.org/info/rfc7836,200
rfc8905.xml,https://datatracker.ietf.org/doc/draft-dold-payto-14,200
rfc8905.xml,https://dx.doi.org/10.17487/rfc8905,200
rfc8905.xml,https://www.rfc-editor.org/info/rfc8905,200
rfc8905.xml,https://trustee.ietf.org/license-info,200
rfc8905.xml,https://www.iso.org,200
rfc8905.xml,https://www.iso.org,200
rfc8905.xml,https://www.rfc-editor.org/info/rfc2119,200
rfc8905.xml,https://www.rfc-editor.org/info/rfc3986,200
rfc8905.xml,https://www.rfc-editor.org/info/rfc5234,200
rfc8905.xml,https://www.rfc-editor.org/info/rfc8126,200
rfc8905.xml,https://www.rfc-editor.org/info/rfc8174,200
rfc8905.xml,https://www.iso.org,200
rfc8905.xml,https://en.bitcoin.it/w/index.php?title=BIP_0021&oldid=66778,Connection error: HTTP Error 403: Forbidden
rfc8905.xml,https://gana.gnunet.org/,200
rfc8905.xml,https://www.usenix.org/system/files/conference/usenixsecurity12/sec12-final39.pdf,200
rfc8905.xml,https://interledger.org/rfcs/0015-ilp-addresses/,Connection error: HTTP Error 404: Not Found
rfc8905.xml,https://www.npci.org.in/sites/default/files/UPI%20Linking%20Specs_ver%201.6.pdf,Connection error: HTTP Error 404: Not Found
rfc9746.xml,https://datatracker.ietf.org/doc/draft-ietf-bess-evpn-mh-split-horizon-11,200
rfc9746.xml,https://dx.doi.org/10.17487/rfc9746,200
rfc9746.xml,https://www.rfc-editor.org/info/rfc9746,200
rfc9746.xml,https://trustee.ietf.org/license-info,200
rfc9746.xml,https://www.rfc-editor.org/info/rfc2119,200
rfc9746.xml,https://www.rfc-editor.org/info/rfc7432,200
rfc9746.xml,https://www.rfc-editor.org/info/rfc8126,200
rfc9746.xml,https://www.rfc-editor.org/info/rfc8174,200
rfc9746.xml,https://www.rfc-editor.org/info/rfc8365,200
rfc9746.xml,https://www.rfc-editor.org/info/rfc9252,200
rfc9746.xml,https://datatracker.ietf.org/doc/html/draft-ietf-bess-evpn-geneve-08,200
rfc9746.xml,https://www.rfc-editor.org/info/rfc4023,200
rfc9746.xml,https://www.rfc-editor.org/info/rfc7348,200
rfc9746.xml,https://www.rfc-editor.org/info/rfc7510,200
rfc9746.xml,https://www.rfc-editor.org/info/rfc7606,200
rfc9746.xml,https://www.rfc-editor.org/info/rfc7637,200
rfc9746.xml,https://www.rfc-editor.org/info/rfc8402,200
rfc9746.xml,https://www.rfc-editor.org/info/rfc8660,200
rfc9746.xml,https://www.rfc-editor.org/info/rfc8754,200
rfc9746.xml,https://www.rfc-editor.org/info/rfc8926,200
rfc9746.xml,https://www.rfc-editor.org/info/rfc8986,200
rfc9746.xml,https://www.rfc-editor.org/info/rfc9012,200
rfc9746.xml,https://www.iana.org/assignments/bgp-tunnel-encapsulation,200
rfc9746.xml,https://datatracker.ietf.org/doc/html/draft-ietf-nvo3-vxlan-gpe-13,200
rfc9171.xml,https://datatracker.ietf.org/doc/draft-ietf-dtn-bpbis-31,200
rfc9171.xml,https://dx.doi.org/10.17487/rfc9171,200
rfc9171.xml,https://www.rfc-editor.org/info/rfc9171,200
rfc9171.xml,https://trustee.ietf.org/license-info,200
rfc9171.xml,https://www.rfc-editor.org/info/rfc9172,200
rfc9171.xml,https://www.itu.int/rec/T-REC-X.25-199610-I/,200
rfc9171.xml,https://www.rfc-editor.org/info/rfc2119,200
rfc9171.xml,https://www.rfc-editor.org/info/rfc4960,200
rfc9171.xml,https://www.rfc-editor.org/info/rfc5234,200
rfc9171.xml,https://www.rfc-editor.org/info/rfc8174,200
rfc9171.xml,https://www.rfc-editor.org/info/rfc8949,200
rfc9171.xml,https://public.ccsds.org/Pubs/734x3b1.pdf,Connection error: <urlopen error [Errno 110] Connection timed out>
rfc9171.xml,https://www.rfc-editor.org/info/rfc9174,200
rfc9171.xml,https://www.rfc-editor.org/info/rfc3986,200
rfc9171.xml,https://www.rfc-editor.org/info/rfc7595,200
rfc9171.xml,https://www.rfc-editor.org/info/rfc4838,200
rfc9171.xml,https://datatracker.ietf.org/doc/html/draft-ietf-dtn-bibect-03,200
rfc9171.xml,https://www.ietf.org/archive/id/draft-ietf-dtn-bibect-03.txt,200
rfc9171.xml,https://www.rfc-editor.org/info/rfc3987,200
rfc9171.xml,https://www.rfc-editor.org/info/rfc5050,200
rfc9171.xml,https://www.rfc-editor.org/info/rfc6255,200
rfc9171.xml,https://www.rfc-editor.org/info/rfc6257,200
rfc9171.xml,https://www.rfc-editor.org/info/rfc6258,200
rfc9171.xml,https://www.rfc-editor.org/info/rfc6259,200
rfc9171.xml,https://www.rfc-editor.org/info/rfc6260,200
rfc9171.xml,https://www.rfc-editor.org/info/rfc7143,200
rfc9171.xml,https://www.rfc-editor.org/info/rfc8126,200
rfc9171.xml,https://dl.acm.org/doi/10.1145/863955.863960,Connection error: HTTP Error 403: Forbidden
rfc8702.xml,https://datatracker.ietf.org/doc/draft-ietf-lamps-cms-shakes-18,200
rfc8702.xml,https://dx.doi.org/10.17487/rfc8702,200
rfc8702.xml,https://www.rfc-editor.org/info/rfc8702,200
rfc8702.xml,https://trustee.ietf.org/license-info,200
rfc8702.xml,https://www.rfc-editor.org/info/rfc2119,200
rfc8702.xml,https://www.rfc-editor.org/info/rfc3370,200
rfc8702.xml,https://www.rfc-editor.org/info/rfc4055,200
rfc8702.xml,https://www.rfc-editor.org/info/rfc5480,200
rfc8702.xml,https://www.rfc-editor.org/info/rfc5652,200
rfc8702.xml,https://www.rfc-editor.org/info/rfc8017,200
rfc8702.xml,https://www.rfc-editor.org/info/rfc8174,200
rfc8702.xml,https://nvlpubs.nist.gov/nistpubs/FIPS/NIST.FIPS.202.pdf,200
rfc8702.xml,http://nvlpubs.nist.gov/nistpubs/SpecialPublications/NIST.SP.800-185.pdf,200
rfc8702.xml,https://tools.ietf.org/html/draft-housley-lamps-cms-sha3-hash-00,200
rfc8702.xml,http://www.ietf.org/internet-drafts/draft-housley-lamps-cms-sha3-hash-00.txt,Connection error: HTTP Error 404: Not Found
rfc8702.xml,https://www.rfc-editor.org/info/rfc3279,200
rfc8702.xml,https://www.rfc-editor.org/info/rfc5753,200
rfc8702.xml,https://www.rfc-editor.org/info/rfc5911,200
rfc8702.xml,https://www.rfc-editor.org/info/rfc6268,200
rfc8702.xml,https://www.rfc-editor.org/info/rfc6979,200
rfc8702.xml,https://www.rfc-editor.org/info/rfc8692,200
rfc8702.xml,http://www.secg.org/sec1-v2.pdf,200
rfc8702.xml,https://csrc.nist.gov/Projects/Computer-Security-Objects-Register/Algorithm-Registration,200
rfc8702.xml,https://nvlpubs.nist.gov/nistpubs/Legacy/SP/nistspecialpublication800-107r1.pdf,200
rfc8702.xml,https://nvlpubs.nist.gov/nistpubs/SpecialPublications/NIST.SP.800-78-4.pdf,200
rfc9430.xml,https://datatracker.ietf.org/doc/draft-ietf-ace-extend-dtls-authorize-07,200
rfc9430.xml,https://dx.doi.org/10.17487/rfc9430,200
rfc9430.xml,https://www.rfc-editor.org/info/rfc9430,200
rfc9430.xml,https://trustee.ietf.org/license-info,200
rfc9430.xml,https://www.rfc-editor.org/info/rfc2119,200
rfc9430.xml,https://www.rfc-editor.org/info/rfc7252,200
rfc9430.xml,https://www.rfc-editor.org/info/rfc8174,200
rfc9430.xml,https://www.rfc-editor.org/info/rfc8323,200
rfc9430.xml,https://www.rfc-editor.org/info/rfc8446,200
rfc9430.xml,https://www.rfc-editor.org/info/rfc9147,200
rfc9430.xml,https://www.rfc-editor.org/info/rfc9200,200
rfc9430.xml,https://www.rfc-editor.org/info/rfc9202,200
rfc9430.xml,https://www.rfc-editor.org/info/rfc8996,200
rfc9430.xml,https://www.rfc-editor.org/info/rfc9203,200
rfc9430.xml,https://www.rfc-editor.org/info/rfc9325,200
rfc9359.xml,https://datatracker.ietf.org/doc/draft-ietf-ippm-ioam-conf-state-10,200
rfc9359.xml,https://dx.doi.org/10.17487/rfc9359,200
rfc9359.xml,https://www.rfc-editor.org/info/rfc9359,200
rfc9359.xml,https://trustee.ietf.org/license-info,200
rfc9359.xml,https://www.rfc-editor.org/info/rfc2119,200
rfc9359.xml,https://www.rfc-editor.org/info/rfc8126,200
rfc9359.xml,https://www.rfc-editor.org/info/rfc8174,200
rfc9359.xml,https://www.rfc-editor.org/info/rfc9197,200
rfc9359.xml,https://www.rfc-editor.org/info/rfc9326,200
rfc9359.xml,https://datatracker.ietf.org/doc/html/draft-ietf-bier-ping-08,200
rfc9359.xml,https://datatracker.ietf.org/doc/html/draft-ietf-sfc-multi-layer-oam-23,200
rfc9359.xml,https://www.rfc-editor.org/info/rfc4302,200
rfc9359.xml,https://www.rfc-editor.org/info/rfc4303,200
rfc9359.xml,https://www.rfc-editor.org/info/rfc4443,200
rfc9359.xml,https://www.rfc-editor.org/info/rfc4620,200
rfc9359.xml,https://www.rfc-editor.org/info/rfc4884,200
rfc9359.xml,https://www.rfc-editor.org/info/rfc8029,200
rfc9359.xml,https://www.rfc-editor.org/info/rfc8335,200
rfc9359.xml,https://www.rfc-editor.org/info/rfc8799,200
rfc8706.xml,https://datatracker.ietf.org/doc/draft-ietf-lsr-isis-rfc5306bis-09,200
rfc8706.xml,https://dx.doi.org/10.17487/rfc8706,200
rfc8706.xml,https://www.rfc-editor.org/info/rfc8706,200
rfc8706.xml,https://trustee.ietf.org/license-info,200
rfc8706.xml,https://www.rfc-editor.org/info/rfc1195,200
rfc8706.xml,https://www.rfc-editor.org/info/rfc2119,200
rfc8706.xml,https://www.rfc-editor.org/info/rfc5303,200
rfc8706.xml,https://www.rfc-editor.org/info/rfc5304,200
rfc8706.xml,https://www.rfc-editor.org/info/rfc5310,200
rfc8706.xml,https://www.rfc-editor.org/info/rfc5880,200
rfc8706.xml,https://www.rfc-editor.org/info/rfc8174,200
rfc9186.xml,https://datatracker.ietf.org/doc/draft-ietf-pim-bfd-p2mp-use-case-10,200
rfc9186.xml,https://dx.doi.org/10.17487/rfc9186,200
rfc9186.xml,https://www.rfc-editor.org/info/rfc9186,200
rfc9186.xml,https://trustee.ietf.org/license-info,200
rfc9186.xml,https://www.rfc-editor.org/info/rfc2119,200
rfc9186.xml,https://www.rfc-editor.org/info/rfc5880,200
rfc9186.xml,https://www.rfc-editor.org/info/rfc5881,200
rfc9186.xml,https://www.rfc-editor.org/info/rfc7761,200
rfc9186.xml,https://www.rfc-editor.org/info/rfc8174,200
rfc9186.xml,https://www.rfc-editor.org/info/rfc8562,200
rfc9186.xml,https://www.rfc-editor.org/info/rfc8775,200
rfc9186.xml,https://www.rfc-editor.org/info/rfc5883,200
rfc9253.xml,https://datatracker.ietf.org/doc/draft-ietf-calext-ical-relations-11,200
rfc9253.xml,https://dx.doi.org/10.17487/rfc9253,200
rfc9253.xml,https://www.rfc-editor.org/info/rfc9253,200
rfc9253.xml,https://trustee.ietf.org/license-info,200
rfc9253.xml,https://www.rfc-editor.org/info/rfc2119,200
rfc9253.xml,https://www.rfc-editor.org/info/rfc3986,200
rfc9253.xml,https://www.rfc-editor.org/info/rfc4918,200
rfc9253.xml,https://www.rfc-editor.org/info/rfc5234,200
rfc9253.xml,https://www.rfc-editor.org/info/rfc5545,200
rfc9253.xml,https://www.rfc-editor.org/info/rfc7986,200
rfc9253.xml,https://www.rfc-editor.org/info/rfc8174,200
rfc9253.xml,https://www.rfc-editor.org/info/rfc8288,200
rfc9253.xml,https://www.w3.org/TR/2009/REC-skos-reference-20090818,200
rfc9253.xml,https://www.w3.org/TR/2003/REC-xptr-framework-20030325,200
rfc9253.xml,http://www.w3.org/TR/2002/WD-xptr-xpointer-20021219,200
rfc9253.xml,https://www.rfc-editor.org/info/rfc4791,200
rfc9253.xml,https://www.rfc-editor.org/info/rfc8607,200
rfc9614.xml,https://datatracker.ietf.org/doc/draft-iab-privacy-partitioning-05,200
rfc9614.xml,https://dx.doi.org/10.17487/rfc9614,200
rfc9614.xml,https://www.rfc-editor.org/info/rfc9614,200
rfc9614.xml,https://trustee.ietf.org/license-info,200
rfc9614.xml,https://www.census.gov/data/academy/webinars/2021/disclosure-avoidance-series/simulated-reconstruction-abetted-re-identification-attack-on-the-2010-census.html,200
rfc9614.xml,https://www.rfc-editor.org/info/rfc9484,200
rfc9614.xml,https://www.rfc-editor.org/info/rfc9297,200
rfc9614.xml,https://doi.org/10.1109/sp.2008.33,Connection error: HTTP Error 418: Unknown Code
rfc9614.xml,https://doi.org/10.1145/3563766.3564112,Connection error: HTTP Error 403: Forbidden
rfc9614.xml,https://www.rfc-editor.org/info/rfc8484,200
rfc9614.xml,https://datatracker.ietf.org/doc/html/draft-irtf-pearg-website-fingerprinting-01,200
rfc9614.xml,https://www.rfc-editor.org/info/rfc9180,200
rfc9614.xml,https://www.rfc-editor.org/info/rfc9113,200
rfc9614.xml,https://www.rfc-editor.org/info/rfc9230,200
rfc9614.xml,https://www.rfc-editor.org/info/rfc9458,200
rfc9614.xml,https://www.rfc-editor.org/info/rfc9000,200
rfc9614.xml,https://datatracker.ietf.org/doc/html/draft-ietf-madinas-mac-address-randomization-12,200
rfc9614.xml,https://www.rfc-editor.org/info/rfc6973,200
rfc9614.xml,https://www.rfc-editor.org/info/rfc8030,200
rfc9614.xml,https://www.rfc-editor.org/info/rfc8981,200
rfc9614.xml,https://www.rfc-editor.org/info/rfc9576,200
rfc9614.xml,https://datatracker.ietf.org/doc/html/draft-ietf-tls-esni-18,200
rfc9029.xml,https://datatracker.ietf.org/doc/draft-ietf-idr-bgp-ls-registry-05,200
rfc9029.xml,https://dx.doi.org/10.17487/rfc9029,200
rfc9029.xml,https://www.rfc-editor.org/info/rfc9029,200
rfc9029.xml,https://trustee.ietf.org/license-info,200
rfc9029.xml,https://www.rfc-editor.org/info/rfc2119,200
rfc9029.xml,https://www.rfc-editor.org/info/rfc7752,200
rfc9029.xml,https://www.rfc-editor.org/info/rfc8126,200
rfc9029.xml,https://www.rfc-editor.org/info/rfc8174,200
rfc9117.xml,https://datatracker.ietf.org/doc/draft-ietf-idr-bgp-flowspec-oid-15,200
rfc9117.xml,https://dx.doi.org/10.17487/rfc9117,200
rfc9117.xml,https://www.rfc-editor.org/info/rfc9117,200
rfc9117.xml,https://trustee.ietf.org/license-info,200
rfc9117.xml,https://www.rfc-editor.org/info/rfc2119,200
rfc9117.xml,https://www.rfc-editor.org/info/rfc4271,200
rfc9117.xml,https://www.rfc-editor.org/info/rfc4760,200
rfc9117.xml,https://www.rfc-editor.org/info/rfc5065,200
rfc9117.xml,https://www.rfc-editor.org/info/rfc7947,200
rfc9117.xml,https://www.rfc-editor.org/info/rfc8174,200
rfc9117.xml,https://www.rfc-editor.org/info/rfc8955,200
rfc9117.xml,https://datatracker.ietf.org/doc/html/draft-ietf-idr-deprecate-as-set-confed-set-05,200
rfc9117.xml,https://www.ietf.org/archive/id/draft-ietf-idr-deprecate-as-set-confed-set-05.txt,200
rfc9117.xml,https://www.rfc-editor.org/info/rfc6472,200
rfc9757.xml,https://datatracker.ietf.org/doc/draft-ietf-pce-pcep-extension-native-ip-40,200
rfc9757.xml,https://dx.doi.org/10.17487/rfc9757,200
rfc9757.xml,https://www.rfc-editor.org/info/rfc9757,200
rfc9757.xml,https://trustee.ietf.org/license-info,200
rfc9757.xml,https://www.rfc-editor.org/info/rfc2003,200
rfc9757.xml,https://www.rfc-editor.org/info/rfc2119,200
rfc9757.xml,https://www.rfc-editor.org/info/rfc4271,200
rfc9757.xml,https://www.rfc-editor.org/info/rfc5440,200
rfc9757.xml,https://www.rfc-editor.org/info/rfc5511,200
rfc9757.xml,https://www.rfc-editor.org/info/rfc5925,200
rfc9757.xml,https://www.rfc-editor.org/info/rfc7420,200
rfc9757.xml,https://www.rfc-editor.org/info/rfc8126,200
rfc9757.xml,https://www.rfc-editor.org/info/rfc8174,200
rfc9757.xml,https://www.rfc-editor.org/info/rfc8231,200
rfc9757.xml,https://www.rfc-editor.org/info/rfc8232,200
rfc9757.xml,https://www.rfc-editor.org/info/rfc8253,200
rfc9757.xml,https://www.rfc-editor.org/info/rfc8281,200
rfc9757.xml,https://www.rfc-editor.org/info/rfc8408,200
rfc9757.xml,https://www.rfc-editor.org/info/rfc9050,200
rfc9757.xml,https://www.rfc-editor.org/info/rfc3209,200
rfc9757.xml,https://www.rfc-editor.org/info/rfc4272,200
rfc9757.xml,https://www.rfc-editor.org/info/rfc5036,200
rfc9757.xml,https://www.rfc-editor.org/info/rfc8177,200
rfc9757.xml,https://www.rfc-editor.org/info/rfc8283,200
rfc9757.xml,https://www.rfc-editor.org/info/rfc8735,200
rfc9757.xml,https://www.rfc-editor.org/info/rfc8821,200
rfc9757.xml,https://datatracker.ietf.org/doc/html/draft-ietf-pce-pcep-yang-30,200
rfc8707.xml,https://datatracker.ietf.org/doc/draft-ietf-oauth-resource-indicators-08,200
rfc8707.xml,https://dx.doi.org/10.17487/rfc8707,200
rfc8707.xml,https://www.rfc-editor.org/info/rfc8707,200
rfc8707.xml,https://trustee.ietf.org/license-info,200
rfc8707.xml,https://www.iana.org/assignments/oauth-parameters,200
rfc8707.xml,https://www.rfc-editor.org/info/rfc2119,200
rfc8707.xml,https://www.rfc-editor.org/info/rfc3986,200
rfc8707.xml,https://www.rfc-editor.org/info/rfc6749,200
rfc8707.xml,https://www.rfc-editor.org/info/rfc8174,200
rfc8707.xml,https://tools.ietf.org/html/draft-ietf-oauth-jwsreq-20,200
rfc8707.xml,http://www.ietf.org/internet-drafts/draft-ietf-oauth-jwsreq-20.txt,Connection error: HTTP Error 404: Not Found
rfc8707.xml,http://www.ietf.org/internet-drafts/draft-ietf-oauth-jwsreq-20.pdf,Connection error: HTTP Error 404: Not Found
rfc8707.xml,https://www.rfc-editor.org/info/rfc6750,200
rfc8707.xml,https://www.rfc-editor.org/info/rfc7519,200
rfc8707.xml,https://www.rfc-editor.org/info/rfc7644,200
rfc8707.xml,https://www.rfc-editor.org/info/rfc7662,200
rfc9675.xml,https://datatracker.ietf.org/doc/draft-ietf-dtn-dtnma-14,200
rfc9675.xml,https://dx.doi.org/10.17487/rfc9675,200
rfc9675.xml,https://www.rfc-editor.org/info/rfc9675,200
rfc9675.xml,https://trustee.ietf.org/license-info,200
rfc9675.xml,https://www.itu.int/rec/T-REC-X.680,200
rfc9675.xml,https://datatracker.ietf.org/doc/html/draft-ietf-core-comi-19,200
rfc9675.xml,https://ieeexplore.ieee.org/abstract/document/10207457,Connection error: HTTP Error 418: Unknown Code
rfc9675.xml,https://www.openconfig.net/docs/gnmi/gnmi-specification/,200
rfc9675.xml,https://grpc.io/docs/,200
rfc9675.xml,https://www.intel.la/content/dam/www/public/us/en/documents/specification-updates/ipmi-intelligent-platform-mgt-interface-spec-2nd-gen-v2-0-spec-update.pdf,200
rfc9675.xml,https://www.sciencedirect.com/science/article/pii/S0094576507000604,Connection error: HTTP Error 403: Forbidden
rfc9675.xml,https://datatracker.ietf.org/doc/html/draft-rfernando-protocol-buffers-00,200
rfc9675.xml,https://www.rfc-editor.org/info/rfc2578,200
rfc9675.xml,https://www.rfc-editor.org/info/rfc2982,200
rfc9675.xml,https://www.rfc-editor.org/info/rfc3165,200
rfc9675.xml,https://www.rfc-editor.org/info/rfc3410,200
rfc9675.xml,https://www.rfc-editor.org/info/rfc3411,200
rfc9675.xml,https://www.rfc-editor.org/info/rfc3414,200
rfc9675.xml,https://www.rfc-editor.org/info/rfc3416,200
rfc9675.xml,https://www.rfc-editor.org/info/rfc3417,200
rfc9675.xml,https://www.rfc-editor.org/info/rfc3418,200
rfc9675.xml,https://www.rfc-editor.org/info/rfc4838,200
rfc9675.xml,https://www.rfc-editor.org/info/rfc4949,200
rfc9675.xml,https://www.rfc-editor.org/info/rfc5591,200
rfc9675.xml,https://www.rfc-editor.org/info/rfc5592,200
rfc9675.xml,https://www.rfc-editor.org/info/rfc5652,200
rfc9675.xml,https://www.rfc-editor.org/info/rfc6241,200
rfc9675.xml,https://www.rfc-editor.org/info/rfc6242,200
rfc9675.xml,https://www.rfc-editor.org/info/rfc6353,200
rfc9675.xml,https://www.rfc-editor.org/info/rfc6991,200
rfc9675.xml,https://www.rfc-editor.org/info/rfc7228,200
rfc9675.xml,https://www.rfc-editor.org/info/rfc7252,200
rfc9675.xml,https://www.rfc-editor.org/info/rfc7575,200
rfc9675.xml,https://www.rfc-editor.org/info/rfc7589,200
rfc9675.xml,https://www.rfc-editor.org/info/rfc7950,200
rfc9675.xml,https://www.rfc-editor.org/info/rfc7951,200
rfc9675.xml,https://www.rfc-editor.org/info/rfc8040,200
rfc9675.xml,https://www.rfc-editor.org/info/rfc8199,200
rfc9675.xml,https://www.rfc-editor.org/info/rfc8294,200
rfc9675.xml,https://www.rfc-editor.org/info/rfc8341,200
rfc9675.xml,https://www.rfc-editor.org/info/rfc8342,200
rfc9675.xml,https://www.rfc-editor.org/info/rfc8368,200
rfc9675.xml,https://www.rfc-editor.org/info/rfc8639,200
rfc9675.xml,https://www.rfc-editor.org/info/rfc8641,200
rfc9675.xml,https://www.rfc-editor.org/info/rfc8990,200
rfc9675.xml,https://www.rfc-editor.org/info/rfc8993,200
rfc9675.xml,https://www.rfc-editor.org/info/rfc9113,200
rfc9675.xml,https://www.rfc-editor.org/info/rfc9171,200
rfc9675.xml,https://www.rfc-editor.org/info/rfc9172,200
rfc9675.xml,https://www.rfc-editor.org/info/rfc9254,200
rfc9675.xml,https://www.rfc-editor.org/info/rfc9595,200
rfc9675.xml,https://www.w3.org/TR/2004/REC-xml-infoset-20040204/,200
rfc9675.xml,https://www.w3.org/TR/2017/REC-xpath-31-20170321/,200
rfc9675.xml,https://www.w3.org/TR/xpath-31/,200
rfc9100.xml,https://datatracker.ietf.org/doc/draft-ietf-core-senml-versions-05,200
rfc9100.xml,https://dx.doi.org/10.17487/rfc9100,200
rfc9100.xml,https://www.rfc-editor.org/info/rfc9100,200
rfc9100.xml,https://trustee.ietf.org/license-info,200
rfc9100.xml,https://www.iso.org/standard/74528.html,200
rfc9100.xml,https://www.iso.org/standard/79358.html,200
rfc9100.xml,https://www.iana.org/assignments/senml,200
rfc9100.xml,https://www.rfc-editor.org/info/rfc2119,200
rfc9100.xml,https://www.rfc-editor.org/info/rfc8126,200
rfc9100.xml,https://www.rfc-editor.org/info/rfc8174,200
rfc9100.xml,https://www.rfc-editor.org/info/rfc8428,200
rfc9100.xml,https://www.rfc-editor.org/info/rfc8798,200
rfc9100.xml,https://www.rfc-editor.org/info/rfc7493,200
rfc9775.xml,https://datatracker.ietf.org/doc/draft-perkins-irtf-code-of-conduct-08,200
rfc9775.xml,https://dx.doi.org/10.17487/rfc9775,200
rfc9775.xml,https://www.rfc-editor.org/info/rfc9775,200
rfc9775.xml,https://trustee.ietf.org/license-info,200
rfc9775.xml,https://datatracker.ietf.org/doc/statement-iesg-ietf-anti-harassment-policy-20131103/,200
rfc9775.xml,https://irtf.org/policies/inclusive-language.html,Connection error: HTTP Error 403: Forbidden
rfc9775.xml,https://web.archive.org/web/20250203031433/https://nvlpubs.nist.gov/nistpubs/ir/2021/NIST.IR.8366.pdf,200
rfc9775.xml,https://www.ietf.org/contact/ombudsteam/,200
rfc9775.xml,https://datatracker.ietf.org/doc/statement-iesg-statement-on-restricting-access-to-ietf-it-systems-20221031/,200
rfc9775.xml,https://www.rfc-editor.org/info/rfc2014,200
rfc9775.xml,https://www.rfc-editor.org/info/rfc7154,200
rfc9775.xml,https://www.rfc-editor.org/info/rfc7418,200
rfc9775.xml,https://www.rfc-editor.org/info/rfc7776,200
rfc9775.xml,https://www.rfc-editor.org/info/rfc8890,200
rfc9775.xml,https://www.acm.org/publications/policies/research-involving-human-participants-and-subjects,Connection error: HTTP Error 403: Forbidden
rfc9775.xml,https://www.hhs.gov/ohrp/regulations-and-policy/belmont-report/,Connection error: HTTP Error 403: Forbidden
rfc9775.xml,https://www.dhs.gov/sites/default/files/publications/CSD-MenloPrinciplesCORE-20120803_1.pdf,200
rfc8845.xml,https://datatracker.ietf.org/doc/draft-ietf-clue-framework-25,200
rfc8845.xml,https://dx.doi.org/10.17487/rfc8845,200
rfc8845.xml,https://www.rfc-editor.org/info/rfc8845,200
rfc8845.xml,https://trustee.ietf.org/license-info,200
rfc8845.xml,https://www.rfc-editor.org/info/rfc2119,200
rfc8845.xml,https://www.rfc-editor.org/info/rfc3261,200
rfc8845.xml,https://www.rfc-editor.org/info/rfc3264,200
rfc8845.xml,https://www.rfc-editor.org/info/rfc3550,200
rfc8845.xml,https://www.rfc-editor.org/info/rfc4566,200
rfc8845.xml,https://www.rfc-editor.org/info/rfc4579,200
rfc8845.xml,https://www.rfc-editor.org/info/rfc5239,200
rfc8845.xml,https://www.rfc-editor.org/info/rfc5646,200
rfc8845.xml,https://www.rfc-editor.org/info/rfc6350,200
rfc8845.xml,https://www.rfc-editor.org/info/rfc6351,200
rfc8845.xml,https://www.rfc-editor.org/info/rfc8174,200
rfc8845.xml,http://www.rfc-editor.org/info/rfc8846,200
rfc8845.xml,https://www.rfc-editor.org/info/rfc8847,200
rfc8845.xml,https://www.rfc-editor.org/info/rfc8848,200
rfc8845.xml,https://www.rfc-editor.org/info/rfc8850,200
rfc8845.xml,https://www.rfc-editor.org/info/rfc4353,200
rfc8845.xml,https://www.rfc-editor.org/info/rfc7201,200
rfc8845.xml,https://www.rfc-editor.org/info/rfc7202,200
rfc8845.xml,https://www.rfc-editor.org/info/rfc7205,200
rfc8845.xml,https://www.rfc-editor.org/info/rfc7262,200
rfc8845.xml,https://www.rfc-editor.org/info/rfc7667,200
rfc8845.xml,https://www.rfc-editor.org/info/rfc8849,200
rfc9618.xml,https://datatracker.ietf.org/doc/draft-ietf-lamps-x509-policy-graph-05,200
rfc9618.xml,https://dx.doi.org/10.17487/rfc9618,200
rfc9618.xml,https://www.rfc-editor.org/info/rfc9618,200
rfc9618.xml,https://trustee.ietf.org/license-info,200
rfc9618.xml,https://www.rfc-editor.org/info/rfc2119,200
rfc9618.xml,https://www.rfc-editor.org/info/rfc5280,200
rfc9618.xml,https://www.rfc-editor.org/info/rfc8174,200
rfc9618.xml,https://www.cve.org/CVERecord?id=CVE-2023-0464,200
rfc9618.xml,https://www.cve.org/CVERecord?id=CVE-2023-23524,200
rfc9618.xml,https://www.rfc-editor.org/info/rfc8446,200
rfc9618.xml,https://www.itu.int/rec/T-REC-X.509,200
rfc9438.xml,https://datatracker.ietf.org/doc/draft-ietf-tcpm-rfc8312bis-15,200
rfc9438.xml,https://dx.doi.org/10.17487/rfc9438,200
rfc9438.xml,https://www.rfc-editor.org/info/rfc9438,200
rfc9438.xml,https://trustee.ietf.org/license-info,200
rfc9438.xml,https://www.rfc-editor.org/info/rfc2119,200
rfc9438.xml,https://www.rfc-editor.org/info/rfc2883,200
rfc9438.xml,https://www.rfc-editor.org/info/rfc2914,200
rfc9438.xml,https://www.rfc-editor.org/info/rfc3168,200
rfc9438.xml,https://www.rfc-editor.org/info/rfc4015,200
rfc9438.xml,https://www.rfc-editor.org/info/rfc5033,200
rfc9438.xml,https://www.rfc-editor.org/info/rfc5348,200
rfc9438.xml,https://www.rfc-editor.org/info/rfc5681,200
rfc9438.xml,https://www.rfc-editor.org/info/rfc5682,200
rfc9438.xml,https://www.rfc-editor.org/info/rfc6298,200
rfc9438.xml,https://www.rfc-editor.org/info/rfc6582,200
rfc9438.xml,https://www.rfc-editor.org/info/rfc6675,200
rfc9438.xml,https://www.rfc-editor.org/info/rfc7567,200
rfc9438.xml,https://www.rfc-editor.org/info/rfc8174,200
rfc9438.xml,https://www.rfc-editor.org/info/rfc8985,200
rfc9438.xml,https://www.rfc-editor.org/info/rfc9002,200
rfc9438.xml,https://www.rfc-editor.org/info/rfc9406,200
rfc9438.xml,https://arxiv.org/abs/2305.10581,200
rfc9438.xml,https://doi.org/10.1109/cloudnet.2013.6710576,Connection error: HTTP Error 418: Unknown Code
rfc9438.xml,https://doi.org/10.1016/j.comnet.2008.10.012,200
rfc9438.xml,https://www.icir.org/tfrc/aimd.pdf,200
rfc9438.xml,https://citeseerx.ist.psu.edu/document?repid=rep1&type=pdf&doi=1828bdcef118b02d3996b8e00b8aaa92b50abb0f,200
rfc9438.xml,https://web.archive.org/web/20161118125842/http://netsrv.csc.ncsu.edu/wiki/index.php/TCP_Testing,200
rfc9438.xml,https://doi.org/10.1016/j.comnet.2006.11.005,200
rfc9438.xml,https://doi.org/10.1016/j.comnet.2011.01.014,200
rfc9438.xml,https://doi.org/10.1145/1400097.1400105,Connection error: HTTP Error 403: Forbidden
rfc9438.xml,https://doi.org/10.1145/956981.956989,Connection error: HTTP Error 403: Forbidden
rfc9438.xml,https://doi.org/10.1109/lcn.2016.121,Connection error: HTTP Error 418: Unknown Code
rfc9438.xml,https://doi.org/10.1109/tmc.2015.2500227,Connection error: HTTP Error 418: Unknown Code
rfc9438.xml,https://www.rfc-editor.org/info/rfc3522,200
rfc9438.xml,https://www.rfc-editor.org/info/rfc3649,200
rfc9438.xml,https://www.rfc-editor.org/info/rfc3708,200
rfc9438.xml,https://www.rfc-editor.org/info/rfc3742,200
rfc9438.xml,https://www.rfc-editor.org/info/rfc6937,200
rfc9438.xml,https://www.rfc-editor.org/info/rfc7661,200
rfc9438.xml,https://www.rfc-editor.org/info/rfc8312,200
rfc9438.xml,https://www.rfc-editor.org/info/rfc8511,200
rfc9438.xml,https://www.rfc-editor.org/info/rfc9000,200
rfc9438.xml,https://www.rfc-editor.org/info/rfc9260,200
rfc9438.xml,https://doi.org/10.1109/tnet.2021.3078161,Connection error: HTTP Error 418: Unknown Code
rfc9438.xml,https://doi.org/10.1109/infcom.2004.1354672,Connection error: HTTP Error 418: Unknown Code
rfc9061.xml,https://datatracker.ietf.org/doc/draft-ietf-i2nsf-sdn-ipsec-flow-protection-14,200
rfc9061.xml,https://dx.doi.org/10.17487/rfc9061,200
rfc9061.xml,https://www.rfc-editor.org/info/rfc9061,200
rfc9061.xml,https://trustee.ietf.org/license-info,200
rfc9061.xml,https://www.iana.org/assignments/eap-numbers/,200
rfc9061.xml,https://www.iana.org/assignments/protocol-numbers/,200
rfc9061.xml,https://www.iana.org/assignments/ikev2-parameters/,200
rfc9061.xml,https://www.iana.org/assignments/ikev2-parameters/,200
rfc9061.xml,https://www.iana.org/assignments/ikev2-parameters/,200
rfc9061.xml,https://www.iana.org/assignments/ikev2-parameters/,200
rfc9061.xml,https://www.iana.org/assignments/ikev2-parameters/,200
rfc9061.xml,https://www.rfc-editor.org/info/rfc2119,200
rfc9061.xml,https://www.rfc-editor.org/info/rfc3947,200
rfc9061.xml,https://www.rfc-editor.org/info/rfc3948,200
rfc9061.xml,https://www.rfc-editor.org/info/rfc4301,200
rfc9061.xml,https://www.rfc-editor.org/info/rfc4303,200
rfc9061.xml,https://www.rfc-editor.org/info/rfc5280,200
rfc9061.xml,https://www.rfc-editor.org/info/rfc5322,200
rfc9061.xml,https://www.rfc-editor.org/info/rfc5915,200
rfc9061.xml,https://www.rfc-editor.org/info/rfc6020,200
rfc9061.xml,https://www.rfc-editor.org/info/rfc6241,200
rfc9061.xml,https://www.rfc-editor.org/info/rfc6242,200
rfc9061.xml,https://www.rfc-editor.org/info/rfc6960,200
rfc9061.xml,https://www.rfc-editor.org/info/rfc6991,200
rfc9061.xml,https://www.rfc-editor.org/info/rfc7296,200
rfc9061.xml,https://www.rfc-editor.org/info/rfc7383,200
rfc9061.xml,https://www.rfc-editor.org/info/rfc7427,200
rfc9061.xml,https://www.rfc-editor.org/info/rfc7619,200
rfc9061.xml,https://www.rfc-editor.org/info/rfc7950,200
rfc9061.xml,https://www.rfc-editor.org/info/rfc8017,200
rfc9061.xml,https://www.rfc-editor.org/info/rfc8040,200
rfc9061.xml,https://www.rfc-editor.org/info/rfc8174,200
rfc9061.xml,https://www.rfc-editor.org/info/rfc8221,200
rfc9061.xml,https://www.rfc-editor.org/info/rfc8229,200
rfc9061.xml,https://www.rfc-editor.org/info/rfc8247,200
rfc9061.xml,https://www.rfc-editor.org/info/rfc8340,200
rfc9061.xml,https://www.rfc-editor.org/info/rfc8341,200
rfc9061.xml,https://www.rfc-editor.org/info/rfc8342,200
rfc9061.xml,https://www.rfc-editor.org/info/rfc8446,200
rfc9061.xml,https://datatracker.ietf.org/doc/html/draft-carrel-ipsecme-controller-ike-01,200
rfc9061.xml,https://www.ietf.org/archive/id/draft-carrel-ipsecme-controller-ike-01.txt,200
rfc9061.xml,https://www.itu.int/rec/T-REC-Y.3300/en,200
rfc9061.xml,https://libreswan.org/,200
rfc9061.xml,https://ripe68.ripe.net/presentations/181-NETCONF-YANG-tutorial-43.pdf,200
rfc9061.xml,https://www.opennetworking.org/wp-content/uploads/2014/10/openflow-spec-v1.4.0.pdf,200
rfc9061.xml,https://www.opennetworking.org/wp-content/uploads/2013/02/TR_SDN_ARCH_1.0_06062014.pdf,200
rfc9061.xml,https://www.rfc-editor.org/info/rfc2367,200
rfc9061.xml,https://www.rfc-editor.org/info/rfc3688,200
rfc9061.xml,https://www.rfc-editor.org/info/rfc6040,200
rfc9061.xml,https://www.rfc-editor.org/info/rfc6071,200
rfc9061.xml,https://www.rfc-editor.org/info/rfc6437,200
rfc9061.xml,https://www.rfc-editor.org/info/rfc7149,200
rfc9061.xml,https://www.rfc-editor.org/info/rfc7426,200
rfc9061.xml,https://www.rfc-editor.org/info/rfc8192,200
rfc9061.xml,https://www.rfc-editor.org/info/rfc8329,200
rfc9061.xml,https://doi.org/10.1109/SDN4FNS.2013.6702553,Connection error: HTTP Error 418: Unknown Code
rfc9061.xml,https://doi.org/10.1145/2491185.2491199,Connection error: HTTP Error 403: Forbidden
rfc9061.xml,https://www.strongswan.org/,200
rfc9061.xml,https://www.strongswan.org,200
rfc9061.xml,https://datatracker.ietf.org/doc/html/draft-tran-ipsecme-yang-01,200
rfc9061.xml,https://www.ietf.org/archive/id/draft-tran-ipsecme-yang-01.txt,200
rfc9520.xml,https://datatracker.ietf.org/doc/draft-ietf-dnsop-caching-resolution-failures-08,200
rfc9520.xml,https://dx.doi.org/10.17487/rfc9520,200
rfc9520.xml,https://www.rfc-editor.org/info/rfc9520,200
rfc9520.xml,https://trustee.ietf.org/license-info,200
rfc9520.xml,https://www.rfc-editor.org/info/rfc1034,200
rfc9520.xml,https://www.rfc-editor.org/info/rfc1035,200
rfc9520.xml,https://www.rfc-editor.org/info/rfc2119,200
rfc9520.xml,https://www.rfc-editor.org/info/rfc2308,200
rfc9520.xml,https://www.rfc-editor.org/info/rfc4035,200
rfc9520.xml,https://www.rfc-editor.org/info/rfc4697,200
rfc9520.xml,https://www.rfc-editor.org/info/rfc8174,200
rfc9520.xml,https://indico.dns-oarc.net/event/38/contributions/841/,200
rfc9520.xml,https://www.potaroo.net/ispcol/2010-02/rollover.html,200
rfc9520.xml,https://engineering.fb.com/2021/10/05/networking-traffic/outage-details/,200
rfc9520.xml,https://doi.org/10.1145/3355369.3355570,Connection error: HTTP Error 403: Forbidden
rfc9520.xml,https://blog.verisign.com/security/facebook-dns-outage/,200
rfc9520.xml,https://ccnso.icann.org/sites/default/files/file/field-file-attach/2017-04/presentation-oracle-dyn-ddos-dns-13mar17-en.pdf,200
rfc9520.xml,https://www.rfc-editor.org/info/rfc882,200
rfc9520.xml,https://www.rfc-editor.org/info/rfc883,200
rfc9520.xml,https://www.rfc-editor.org/info/rfc4686,200
rfc9520.xml,https://www.rfc-editor.org/info/rfc4732,200
rfc9520.xml,https://www.rfc-editor.org/info/rfc5452,200
rfc9520.xml,https://www.rfc-editor.org/info/rfc6891,200
rfc9520.xml,https://www.rfc-editor.org/info/rfc7766,200
rfc9520.xml,https://www.rfc-editor.org/info/rfc7858,200
rfc9520.xml,https://www.rfc-editor.org/info/rfc7873,200
rfc9520.xml,https://www.rfc-editor.org/info/rfc8484,200
rfc9520.xml,https://www.rfc-editor.org/info/rfc8767,200
rfc9520.xml,https://www.rfc-editor.org/info/rfc8914,200
rfc9520.xml,https://www.rfc-editor.org/info/rfc9250,200
rfc9520.xml,https://datatracker.ietf.org/doc/html/draft-muks-dnsop-dns-thundering-herd-00,200
rfc9520.xml,https://doi.org/10.1145/3487552.3487824,Connection error: HTTP Error 403: Forbidden
rfc9520.xml,https://doi.ieeecomputersociety.org/10.1109/SP54263.2024.00046,200
rfc9223.xml,https://datatracker.ietf.org/doc/draft-zia-route-06,200
rfc9223.xml,https://dx.doi.org/10.17487/rfc9223,200
rfc9223.xml,https://www.rfc-editor.org/info/rfc9223,200
rfc9223.xml,https://trustee.ietf.org/license-info,200
rfc9223.xml,https://www.rfc-editor.org/info/rfc1952,200
rfc9223.xml,https://www.rfc-editor.org/info/rfc2119,200
rfc9223.xml,https://www.rfc-editor.org/info/rfc2557,200
rfc9223.xml,https://www.rfc-editor.org/info/rfc3986,200
rfc9223.xml,https://www.rfc-editor.org/info/rfc5052,200
rfc9223.xml,https://www.rfc-editor.org/info/rfc5445,200
rfc9223.xml,https://www.rfc-editor.org/info/rfc5651,200
rfc9223.xml,https://www.rfc-editor.org/info/rfc5775,200
rfc9223.xml,https://www.rfc-editor.org/info/rfc6330,200
rfc9223.xml,https://www.rfc-editor.org/info/rfc6363,200
rfc9223.xml,https://www.rfc-editor.org/info/rfc6726,200
rfc9223.xml,https://www.rfc-editor.org/info/rfc7231,200
rfc9223.xml,https://www.rfc-editor.org/info/rfc8174,200
rfc9223.xml,https://www.rfc-editor.org/info/rfc8551,200
rfc9223.xml,https://www.iso.org/standard/71975.html,200
rfc9223.xml,https://www.iso.org/standard/79329.html,200
rfc9223.xml,https://datatracker.ietf.org/doc/html/draft-ietf-quic-http-34,200
rfc9223.xml,https://www.ietf.org/archive/id/draft-ietf-quic-http-34.txt,200
rfc9223.xml,https://www.rfc-editor.org/info/rfc3740,200
rfc9223.xml,https://www.rfc-editor.org/info/rfc6968,200
rfc9223.xml,https://www.rfc-editor.org/info/rfc8932,200
rfc9223.xml,https://www.rfc-editor.org/info/rfc9000,200
rfc9223.xml,https://www.rfc-editor.org/info/rfc9147,200
rfc8818.xml,https://datatracker.ietf.org/doc/draft-ietf-dmm-distributed-mobility-anchoring-15,200
rfc8818.xml,https://dx.doi.org/10.17487/rfc8818,200
rfc8818.xml,https://www.rfc-editor.org/info/rfc8818,200
rfc8818.xml,https://trustee.ietf.org/license-info,200
rfc8818.xml,https://www.rfc-editor.org/info/rfc2119,200
rfc8818.xml,https://www.rfc-editor.org/info/rfc3753,200
rfc8818.xml,https://www.rfc-editor.org/info/rfc5213,200
rfc8818.xml,https://www.rfc-editor.org/info/rfc6275,200
rfc8818.xml,https://www.rfc-editor.org/info/rfc7333,200
rfc8818.xml,https://www.rfc-editor.org/info/rfc7429,200
rfc8818.xml,https://www.rfc-editor.org/info/rfc8174,200
rfc8818.xml,https://www.rfc-editor.org/info/rfc8221,200
rfc8818.xml,https://www.rfc-editor.org/info/rfc8247,200
rfc8818.xml,https://tools.ietf.org/html/draft-ietf-rtgwg-atn-bgp-06,200
rfc8818.xml,http://www.ietf.org/internet-drafts/draft-ietf-rtgwg-atn-bgp-06.txt,Connection error: HTTP Error 404: Not Found
rfc8818.xml,https://tools.ietf.org/html/draft-seite-dmm-dma-07,200
rfc8818.xml,http://www.ietf.org/internet-drafts/draft-seite-dmm-dma-07.txt,Connection error: HTTP Error 404: Not Found
rfc8818.xml,https://tools.ietf.org/html/draft-yhkim-dmm-enhanced-anchoring-05,200
rfc8818.xml,http://www.ietf.org/internet-drafts/draft-yhkim-dmm-enhanced-anchoring-05.txt,Connection error: HTTP Error 404: Not Found
rfc8818.xml,https://tools.ietf.org/html/draft-sarikaya-dmm-for-wifi-05,200
rfc8818.xml,http://www.ietf.org/internet-drafts/draft-sarikaya-dmm-for-wifi-05.txt,Connection error: HTTP Error 404: Not Found
rfc8818.xml,https://tools.ietf.org/html/draft-ietf-dmm-fpc-cpdp-14,200
rfc8818.xml,http://www.ietf.org/internet-drafts/draft-ietf-dmm-fpc-cpdp-14.txt,Connection error: HTTP Error 404: Not Found
rfc8818.xml,https://tools.ietf.org/html/draft-mccann-dmm-prefixcost-03,200
rfc8818.xml,http://www.ietf.org/internet-drafts/draft-mccann-dmm-prefixcost-03.txt,Connection error: HTTP Error 404: Not Found
rfc8818.xml,https://www.rfc-editor.org/info/rfc6459,200
rfc8818.xml,https://www.rfc-editor.org/info/rfc8653,200
rfc8818.xml,https://www.rfc-editor.org/info/rfc8885,200
rfc8818.xml,https://tools.ietf.org/html/draft-matsushima-stateless-uplane-vepc-06,200
rfc8818.xml,http://www.ietf.org/internet-drafts/draft-matsushima-stateless-uplane-vepc-06.txt,Connection error: HTTP Error 404: Not Found
rfc8686.xml,https://datatracker.ietf.org/doc/draft-ietf-alto-xdom-disc-06,200
rfc8686.xml,https://dx.doi.org/10.17487/rfc8686,200
rfc8686.xml,https://www.rfc-editor.org/info/rfc8686,200
rfc8686.xml,https://trustee.ietf.org/license-info,200
rfc8686.xml,https://www.rfc-editor.org/info/rfc1035,200
rfc8686.xml,https://www.rfc-editor.org/info/rfc2119,200
rfc8686.xml,https://www.rfc-editor.org/info/rfc3403,200
rfc8686.xml,https://www.rfc-editor.org/info/rfc3596,200
rfc8686.xml,https://www.rfc-editor.org/info/rfc4848,200
rfc8686.xml,https://www.rfc-editor.org/info/rfc8174,200
rfc8686.xml,https://tools.ietf.org/html/draft-kiesel-alto-ip-based-srv-disc-03,200
rfc8686.xml,http://www.ietf.org/internet-drafts/draft-kiesel-alto-ip-based-srv-disc-03.txt,Connection error: HTTP Error 404: Not Found
rfc8686.xml,https://tools.ietf.org/html/draft-kiesel-alto-alto4alto-00,200
rfc8686.xml,http://www.ietf.org/internet-drafts/draft-kiesel-alto-alto4alto-00.txt,Connection error: HTTP Error 404: Not Found
rfc8686.xml,https://www.rfc-editor.org/info/rfc1918,200
rfc8686.xml,https://www.rfc-editor.org/info/rfc2317,200
rfc8686.xml,https://www.rfc-editor.org/info/rfc2818,200
rfc8686.xml,https://www.rfc-editor.org/info/rfc4033,200
rfc8686.xml,https://www.rfc-editor.org/info/rfc4291,200
rfc8686.xml,https://www.rfc-editor.org/info/rfc4632,200
rfc8686.xml,https://www.rfc-editor.org/info/rfc5389,200
rfc8686.xml,https://www.rfc-editor.org/info/rfc5693,200
rfc8686.xml,https://www.rfc-editor.org/info/rfc6708,200
rfc8686.xml,https://www.rfc-editor.org/info/rfc7216,200
rfc8686.xml,https://www.rfc-editor.org/info/rfc7285,200
rfc8686.xml,https://www.rfc-editor.org/info/rfc7286,200
rfc8686.xml,https://www.rfc-editor.org/info/rfc7624,200
rfc8686.xml,https://www.rfc-editor.org/info/rfc7626,200
rfc8686.xml,https://www.rfc-editor.org/info/rfc7858,200
rfc8686.xml,https://www.rfc-editor.org/info/rfc7971,200
rfc8686.xml,https://www.rfc-editor.org/info/rfc8484,200
rfc9261.xml,https://datatracker.ietf.org/doc/draft-ietf-tls-exported-authenticator-15,200
rfc9261.xml,https://dx.doi.org/10.17487/rfc9261,200
rfc9261.xml,https://www.rfc-editor.org/info/rfc9261,200
rfc9261.xml,https://trustee.ietf.org/license-info,200
rfc9261.xml,https://www.rfc-editor.org/info/rfc2104,200
rfc9261.xml,https://www.rfc-editor.org/info/rfc2119,200
rfc9261.xml,https://www.rfc-editor.org/info/rfc5246,200
rfc9261.xml,https://www.rfc-editor.org/info/rfc5705,200
rfc9261.xml,https://www.rfc-editor.org/info/rfc6066,200
rfc9261.xml,https://www.rfc-editor.org/info/rfc6347,200
rfc9261.xml,https://www.rfc-editor.org/info/rfc7627,200
rfc9261.xml,https://www.rfc-editor.org/info/rfc8174,200
rfc9261.xml,https://www.rfc-editor.org/info/rfc8446,200
rfc9261.xml,https://www.rfc-editor.org/info/rfc8447,200
rfc9261.xml,https://www.rfc-editor.org/info/rfc9147,200
rfc9261.xml,https://www.iana.org/assignments/tls-parameters/,200
rfc9261.xml,https://www.iana.org/assignments/tls-parameters/,200
rfc9261.xml,https://www.iana.org/assignments/tls-extensiontype-values/,200
rfc9261.xml,https://www.rfc-editor.org/info/rfc6960,200
rfc9261.xml,https://www.rfc-editor.org/info/rfc6962,200
rfc9261.xml,https://www.rfc-editor.org/info/rfc7250,200
rfc9261.xml,https://www.rfc-editor.org/info/rfc9001,200
rfc9261.xml,https://www.rfc-editor.org/info/rfc9113,200
rfc9261.xml,https://www.rfc-editor.org/info/rfc9162,200
rfc9261.xml,https://eprint.iacr.org/2016/711.pdf,200
rfc9226.xml,https://datatracker.ietf.org/doc/draft-breen-bioctal-00,200
rfc9226.xml,https://dx.doi.org/10.17487/rfc9226,200
rfc9226.xml,https://www.rfc-editor.org/info/rfc9226,200
rfc9226.xml,https://trustee.ietf.org/license-info,200
rfc9226.xml,https://doi.org/10.1145/364096.364107,Connection error: HTTP Error 403: Forbidden
rfc9398.xml,https://datatracker.ietf.org/doc/draft-ietf-pim-igmp-mld-proxy-yang-10,200
rfc9398.xml,https://dx.doi.org/10.17487/rfc9398,200
rfc9398.xml,https://www.rfc-editor.org/info/rfc9398,200
rfc9398.xml,https://trustee.ietf.org/license-info,200
rfc9398.xml,https://www.rfc-editor.org/info/rfc3376,200
rfc9398.xml,https://www.rfc-editor.org/info/rfc3688,200
rfc9398.xml,https://www.rfc-editor.org/info/rfc3810,200
rfc9398.xml,https://www.rfc-editor.org/info/rfc4605,200
rfc9398.xml,https://www.rfc-editor.org/info/rfc6020,200
rfc9398.xml,https://www.rfc-editor.org/info/rfc6241,200
rfc9398.xml,https://www.rfc-editor.org/info/rfc6242,200
rfc9398.xml,https://www.rfc-editor.org/info/rfc6991,200
rfc9398.xml,https://www.rfc-editor.org/info/rfc7950,200
rfc9398.xml,https://www.rfc-editor.org/info/rfc8040,200
rfc9398.xml,https://www.rfc-editor.org/info/rfc8294,200
rfc9398.xml,https://www.rfc-editor.org/info/rfc8341,200
rfc9398.xml,https://www.rfc-editor.org/info/rfc8342,200
rfc9398.xml,https://www.rfc-editor.org/info/rfc8343,200
rfc9398.xml,https://www.rfc-editor.org/info/rfc8349,200
rfc9398.xml,https://www.rfc-editor.org/info/rfc8446,200
rfc9398.xml,https://www.rfc-editor.org/info/rfc8652,200
rfc9398.xml,https://www.rfc-editor.org/info/rfc9128,200
rfc9398.xml,https://www.rfc-editor.org/info/rfc7761,200
rfc9398.xml,https://www.rfc-editor.org/info/rfc7951,200
rfc9398.xml,https://www.rfc-editor.org/info/rfc8340,200
rfc8924.xml,https://datatracker.ietf.org/doc/draft-ietf-sfc-oam-framework-15,200
rfc8924.xml,https://dx.doi.org/10.17487/rfc8924,200
rfc8924.xml,https://www.rfc-editor.org/info/rfc8924,200
rfc8924.xml,https://trustee.ietf.org/license-info,200
rfc8924.xml,https://doi.org/10.1109/IEEESTD.2014.6991462,Connection error: HTTP Error 418: Unknown Code
rfc8924.xml,https://doi.org/10.1109/IEEESTD.2018.8457469,Connection error: HTTP Error 418: Unknown Code
rfc8924.xml,https://tools.ietf.org/html/draft-ietf-sfc-ioam-nsh-04,200
rfc8924.xml,https://www.ietf.org/internet-drafts/draft-ietf-sfc-ioam-nsh-04.txt,Connection error: HTTP Error 404: Not Found
rfc8924.xml,https://tools.ietf.org/html/draft-ietf-ippm-ioam-data-10,200
rfc8924.xml,https://www.ietf.org/internet-drafts/draft-ietf-ippm-ioam-data-10.txt,Connection error: HTTP Error 404: Not Found
rfc8924.xml,https://tools.ietf.org/html/draft-ietf-sfc-proof-of-transit-06,200
rfc8924.xml,https://www.ietf.org/internet-drafts/draft-ietf-sfc-proof-of-transit-06.txt,Connection error: HTTP Error 404: Not Found
rfc8924.xml,https://www.rfc-editor.org/info/rfc792,200
rfc8924.xml,https://www.rfc-editor.org/info/rfc2330,200
rfc8924.xml,https://www.rfc-editor.org/info/rfc3393,200
rfc8924.xml,https://www.rfc-editor.org/info/rfc4443,200
rfc8924.xml,https://www.rfc-editor.org/info/rfc4656,200
rfc8924.xml,https://www.rfc-editor.org/info/rfc5357,200
rfc8924.xml,https://www.rfc-editor.org/info/rfc5880,200
rfc8924.xml,https://www.rfc-editor.org/info/rfc5881,200
rfc8924.xml,https://www.rfc-editor.org/info/rfc5884,200
rfc8924.xml,https://www.rfc-editor.org/info/rfc6241,200
rfc8924.xml,https://www.rfc-editor.org/info/rfc6291,200
rfc8924.xml,https://www.rfc-editor.org/info/rfc6374,200
rfc8924.xml,https://www.rfc-editor.org/info/rfc7498,200
rfc8924.xml,https://www.rfc-editor.org/info/rfc7665,200
rfc8924.xml,https://www.rfc-editor.org/info/rfc7679,200
rfc8924.xml,https://www.rfc-editor.org/info/rfc7680,200
rfc8924.xml,https://www.rfc-editor.org/info/rfc7880,200
rfc8924.xml,https://www.rfc-editor.org/info/rfc7881,200
rfc8924.xml,https://www.rfc-editor.org/info/rfc8029,200
rfc8924.xml,https://www.rfc-editor.org/info/rfc8300,200
rfc8924.xml,https://www.rfc-editor.org/info/rfc8459,200
rfc8924.xml,https://tools.ietf.org/html/draft-penno-sfc-trace-03,200
rfc8924.xml,https://www.ietf.org/internet-drafts/draft-penno-sfc-trace-03.txt,Connection error: HTTP Error 404: Not Found
rfc8924.xml,https://www.itu.int/rec/T-REC-G.8013-201508-I/en,200
rfc9729.xml,https://datatracker.ietf.org/doc/draft-ietf-httpbis-unprompted-auth-12,200
rfc9729.xml,https://dx.doi.org/10.17487/rfc9729,200
rfc9729.xml,https://www.rfc-editor.org/info/rfc9729,200
rfc9729.xml,https://trustee.ietf.org/license-info,200
rfc9729.xml,https://www.iana.org/assignments/tls-parameters,200
rfc9729.xml,https://www.iana.org/assignments/http-authschemes,200
rfc9729.xml,https://www.iana.org/assignments/tls-parameters,200
rfc9729.xml,https://www.iana.org/assignments/http-fields,200
rfc9729.xml,https://www.rfc-editor.org/info/rfc5234,200
rfc9729.xml,https://www.rfc-editor.org/info/rfc4648,200
rfc9729.xml,https://www.rfc-editor.org/info/rfc8032,200
rfc9729.xml,https://www.rfc-editor.org/info/rfc9110,200
rfc9729.xml,https://www.rfc-editor.org/info/rfc5705,200
rfc9729.xml,https://www.rfc-editor.org/info/rfc8017,200
rfc9729.xml,https://www.rfc-editor.org/info/rfc9000,200
rfc9729.xml,https://www.rfc-editor.org/info/rfc2119,200
rfc9729.xml,https://www.rfc-editor.org/info/rfc7627,200
rfc9729.xml,https://www.rfc-editor.org/info/rfc8174,200
rfc9729.xml,https://www.rfc-editor.org/info/rfc8792,200
rfc9729.xml,https://www.rfc-editor.org/info/rfc9651,200
rfc9729.xml,https://www.rfc-editor.org/info/rfc8446,200
rfc9729.xml,https://www.rfc-editor.org/info/rfc3986,200
rfc9729.xml,https://www.itu.int/rec/T-REC-X.690,200
rfc9729.xml,https://www.rfc-editor.org/info/rfc8410,200
rfc9729.xml,https://www.rfc-editor.org/info/rfc7486,200
rfc9729.xml,https://www.rfc-editor.org/info/rfc9113,200
rfc9729.xml,https://www.rfc-editor.org/info/rfc9114,200
rfc9729.xml,https://datatracker.ietf.org/doc/html/draft-schinazi-masque-00,200
rfc9729.xml,https://www.rfc-editor.org/info/rfc9001,200
rfc9729.xml,https://doi.org/10.1145/3319535.3339813,Connection error: HTTP Error 403: Forbidden
rfc9726.xml,https://datatracker.ietf.org/doc/draft-ietf-opsawg-mud-iot-dns-considerations-19,200
rfc9726.xml,https://dx.doi.org/10.17487/rfc9726,200
rfc9726.xml,https://www.rfc-editor.org/info/rfc9726,200
rfc9726.xml,https://trustee.ietf.org/license-info,200
rfc9726.xml,https://www.rfc-editor.org/info/rfc1794,200
rfc9726.xml,https://www.rfc-editor.org/info/rfc8094,200
rfc9726.xml,https://www.rfc-editor.org/info/rfc8250,200
rfc9726.xml,https://www.rfc-editor.org/info/rfc8520,200
rfc9726.xml,https://www.rfc-editor.org/info/rfc9019,200
rfc9726.xml,https://www.rfc-editor.org/info/rfc9499,200
rfc9726.xml,https://en.wikipedia.org/w/index.php?title=Akamai_Technologies&oldid=1277665363,200
rfc9726.xml,https://en.wikipedia.org/w/index.php?title=Amazon_S3&oldid=1280379498,200
rfc9726.xml,https://www.agilealliance.org/glossary/antipattern,Connection error: HTTP Error 403: Forbidden
rfc9726.xml,https://datatracker.ietf.org/doc/html/draft-ietf-snac-simple-06,200
rfc9726.xml,https://techmonitor.ai/techonology/cloud/aws-s3-path-deprecation,200
rfc9726.xml,https://en.wikipedia.org/w/index.php?title=The_Boy_Who_Cried_Wolf&oldid=1274257821,200
rfc9726.xml,https://mudmaker.org,200
rfc9726.xml,https://www.rfc-editor.org/info/rfc6066,200
rfc9726.xml,https://www.rfc-editor.org/info/rfc6146,200
rfc9726.xml,https://www.rfc-editor.org/info/rfc6147,200
rfc9726.xml,https://www.rfc-editor.org/info/rfc6707,200
rfc9726.xml,https://www.rfc-editor.org/info/rfc6762,200
rfc9726.xml,https://www.rfc-editor.org/info/rfc7858,200
rfc9726.xml,https://www.rfc-editor.org/info/rfc7871,200
rfc9726.xml,https://www.rfc-editor.org/info/rfc8106,200
rfc9726.xml,https://www.rfc-editor.org/info/rfc8484,200
rfc9726.xml,https://www.rfc-editor.org/info/rfc8882,200
rfc9726.xml,https://www.rfc-editor.org/info/rfc9230,200
rfc9726.xml,https://www.rfc-editor.org/info/rfc9238,200
rfc9726.xml,https://www.rfc-editor.org/info/rfc9250,200
rfc9726.xml,https://www.rfc-editor.org/info/rfc9462,200
rfc9726.xml,https://www.rfc-editor.org/info/rfc9463,200
rfc9684.xml,https://datatracker.ietf.org/doc/draft-ietf-rats-yang-tpm-charra-21,200
rfc9684.xml,https://dx.doi.org/10.17487/rfc9684,200
rfc9684.xml,https://www.rfc-editor.org/info/rfc9684,200
rfc9684.xml,https://trustee.ietf.org/license-info,200
rfc9684.xml,https://trustedcomputinggroup.org/wp-content/uploads/PC-ClientSpecific_Platform_Profile_for_TPM_2p0_Systems_v51.pdf,Connection error: HTTP Error 403: Forbidden
rfc9684.xml,https://trustedcomputinggroup.org/wp-content/uploads/TCG_IWG_CEL_v1_r0p41_pub.pdf,Connection error: HTTP Error 403: Forbidden
rfc9684.xml,https://ieeexplore.ieee.org/document/891000,Connection error: HTTP Error 418: Unknown Code
rfc9684.xml,https://ieeexplore.ieee.org/document/1335427,Connection error: HTTP Error 418: Unknown Code
rfc9684.xml,https://www.iso.org/standard/64575.html,200
rfc9684.xml,https://www.iso.org/standard/67116.html,200
rfc9684.xml,https://www.iso.org/standard/76382.html,200
rfc9684.xml,https://www.iso.org/standard/65480.html,200
rfc9684.xml,https://www.iso.org/standard/54531.html,200
rfc9684.xml,https://www.iso.org/standard/50375.html,200
rfc9684.xml,https://www.iso.org/standard/75296.html,200
rfc9684.xml,https://csrc.nist.gov/publications/detail/fips/202/final,200
rfc9684.xml,https://csrc.nist.gov/pubs/sp/800/108/r1/upd1/final,200
rfc9684.xml,https://csrc.nist.gov/publications/detail/sp/800-38c/final,200
rfc9684.xml,https://csrc.nist.gov/publications/detail/sp/800-38d/final,200
rfc9684.xml,https://csrc.nist.gov/publications/detail/sp/800-38f/final,200
rfc9684.xml,https://csrc.nist.gov/publications/detail/sp/800-56a/rev-3/final,200
rfc9684.xml,https://www.rfc-editor.org/info/rfc2104,200
rfc9684.xml,https://www.rfc-editor.org/info/rfc2119,200
rfc9684.xml,https://www.rfc-editor.org/info/rfc3688,200
rfc9684.xml,https://www.rfc-editor.org/info/rfc6020,200
rfc9684.xml,https://www.rfc-editor.org/info/rfc6241,200
rfc9684.xml,https://www.rfc-editor.org/info/rfc6242,200
rfc9684.xml,https://www.rfc-editor.org/info/rfc6933,200
rfc9684.xml,https://www.rfc-editor.org/info/rfc6991,200
rfc9684.xml,https://www.rfc-editor.org/info/rfc8017,200
rfc9684.xml,https://www.rfc-editor.org/info/rfc8032,200
rfc9684.xml,https://www.rfc-editor.org/info/rfc8040,200
rfc9684.xml,https://www.rfc-editor.org/info/rfc8174,200
rfc9684.xml,https://www.rfc-editor.org/info/rfc8341,200
rfc9684.xml,https://www.rfc-editor.org/info/rfc8348,200
rfc9684.xml,https://www.rfc-editor.org/info/rfc8446,200
rfc9684.xml,https://www.rfc-editor.org/info/rfc9334,200
rfc9684.xml,https://www.rfc-editor.org/info/rfc9642,200
rfc9684.xml,https://www.rfc-editor.org/info/rfc9683,200
rfc9684.xml,https://trustedcomputinggroup.org/wp-content/uploads/TCG-Algorithm-Registry-Revision-1.34_pub-1.pdf,Connection error: HTTP Error 403: Forbidden
rfc9684.xml,https://trustedcomputinggroup.org/resource/tpm-main-specification/,Connection error: HTTP Error 403: Forbidden
rfc9684.xml,https://trustedcomputinggroup.org/wp-content/uploads/TPM-Main-Part-3-Commands_v1.2_rev116_01032011.pdf,Connection error: HTTP Error 403: Forbidden
rfc9684.xml,https://trustedcomputinggroup.org/wp-content/uploads/TPM-Main-Part-2-TPM-Structures_v1.2_rev116_01032011.pdf,Connection error: HTTP Error 403: Forbidden
rfc9684.xml,https://trustedcomputinggroup.org/resource/tpm-library-specification/,Connection error: HTTP Error 403: Forbidden
rfc9684.xml,https://trustedcomputinggroup.org/wp-content/uploads/TPM-2.0-1.83-Part-1-Architecture.pdf,Connection error: HTTP Error 403: Forbidden
rfc9684.xml,https://trustedcomputinggroup.org/wp-content/uploads/TPM-2p0-Keys-for-Device-Identity-and-Attestation_v1_r12_pub10082021.pdf,Connection error: HTTP Error 403: Forbidden
rfc9684.xml,https://trustedcomputinggroup.org/wp-content/uploads/TPM-2.0-1.83-Part-2-Structures.pdf,Connection error: HTTP Error 403: Forbidden
rfc9684.xml,https://uefi.org/sites/default/files/resources/UEFI_Spec_2_10_Aug29.pdf,Connection error: HTTP Error 403: Forbidden
rfc9684.xml,https://www.kernel.org/doc/html/v6.11/security/IMA-templates.html,200
rfc9684.xml,https://tsapps.nist.gov/publication/get_pdf.cfm?pub_id=915121,200
rfc9684.xml,https://datatracker.ietf.org/doc/html/draft-ietf-rats-reference-interaction-models-11,200
rfc9684.xml,https://www.iana.org/assignments/xml-registry/,200
rfc9684.xml,https://www.iana.org/assignments/yang-parameters/,200
rfc8775.xml,https://datatracker.ietf.org/doc/draft-ietf-pim-drlb-15,200
rfc8775.xml,https://dx.doi.org/10.17487/rfc8775,200
rfc8775.xml,https://www.rfc-editor.org/info/rfc8775,200
rfc8775.xml,https://trustee.ietf.org/license-info,200
rfc8775.xml,https://www.rfc-editor.org/info/rfc2119,200
rfc8775.xml,https://www.rfc-editor.org/info/rfc6395,200
rfc8775.xml,https://www.rfc-editor.org/info/rfc7761,200
rfc8775.xml,https://www.rfc-editor.org/info/rfc8126,200
rfc8775.xml,https://www.rfc-editor.org/info/rfc8174,200
rfc8775.xml,https://www.rfc-editor.org/info/rfc3376,200
rfc8775.xml,https://www.rfc-editor.org/info/rfc3810,200
rfc8775.xml,https://www.rfc-editor.org/info/rfc4541,200
rfc8775.xml,https://www.rfc-editor.org/info/rfc4607,200
rfc8935.xml,https://datatracker.ietf.org/doc/draft-ietf-secevent-http-push-14,200
rfc8935.xml,https://dx.doi.org/10.17487/rfc8935,200
rfc8935.xml,https://www.rfc-editor.org/info/rfc8935,200
rfc8935.xml,https://trustee.ietf.org/license-info,200
rfc8935.xml,https://www.rfc-editor.org/info/rfc2119,200
rfc8935.xml,https://www.rfc-editor.org/info/rfc2277,200
rfc8935.xml,https://www.rfc-editor.org/info/rfc2818,200
rfc8935.xml,https://www.rfc-editor.org/info/rfc5246,200
rfc8935.xml,https://www.rfc-editor.org/info/rfc6125,200
rfc8935.xml,https://www.rfc-editor.org/info/rfc6698,200
rfc8935.xml,https://www.rfc-editor.org/info/rfc7230,200
rfc8935.xml,https://www.rfc-editor.org/info/rfc7231,200
rfc8935.xml,https://www.rfc-editor.org/info/rfc7515,200
rfc8935.xml,https://www.rfc-editor.org/info/rfc7516,200
rfc8935.xml,https://www.rfc-editor.org/info/rfc7519,200
rfc8935.xml,https://www.rfc-editor.org/info/rfc7525,200
rfc8935.xml,https://www.rfc-editor.org/info/rfc8126,200
rfc8935.xml,https://www.rfc-editor.org/info/rfc8174,200
rfc8935.xml,https://www.rfc-editor.org/info/rfc8259,200
rfc8935.xml,https://www.rfc-editor.org/info/rfc8417,200
rfc8935.xml,https://www.rfc-editor.org/info/rfc8446,200
rfc8935.xml,https://www.rfc-editor.org/info/rfc7235,200
rfc8935.xml,https://www.rfc-editor.org/info/rfc8936,200
rfc9331.xml,https://datatracker.ietf.org/doc/draft-ietf-tsvwg-ecn-l4s-id-29,200
rfc9331.xml,https://dx.doi.org/10.17487/rfc9331,200
rfc9331.xml,https://www.rfc-editor.org/info/rfc9331,200
rfc9331.xml,https://trustee.ietf.org/license-info,200
rfc9331.xml,https://www.iana.org/assignments/dscp-registry/,200
rfc9331.xml,https://www.rfc-editor.org/info/rfc2119,200
rfc9331.xml,https://www.rfc-editor.org/info/rfc2119,200
rfc9331.xml,https://www.rfc-editor.org/info/rfc3168,200
rfc9331.xml,https://www.rfc-editor.org/info/rfc3168,200
rfc9331.xml,https://www.rfc-editor.org/info/rfc4774,200
rfc9331.xml,https://www.rfc-editor.org/info/rfc4774,200
rfc9331.xml,https://www.rfc-editor.org/info/rfc6679,200
rfc9331.xml,https://www.rfc-editor.org/info/rfc6679,200
rfc9331.xml,https://ieeexplore.ieee.org/xpl/articleDetails.jsp?arnumber=6871352,Connection error: HTTP Error 418: Unknown Code
rfc9331.xml,https://datatracker.ietf.org/doc/html/draft-ietf-tcpm-accurate-ecn-22,200
rfc9331.xml,https://www.ietf.org/archive/id/draft-ietf-tcpm-accurate-ecn-22.txt,200
rfc9331.xml,https://www.duo.uio.no/handle/10852/70966,200
rfc9331.xml,https://dl.acm.org/doi/10.1145/1993744.1993753,Connection error: HTTP Error 403: Forbidden
rfc9331.xml,https://people.csail.mit.edu/alizadeh/papers/dctcp_analysis-sigmetrics11.pdf,200
rfc9331.xml,https://www.icsi.berkeley.edu/icsi/node/2032,202
rfc9331.xml,https://datatracker.ietf.org/doc/html/draft-cardwell-iccrg-bbr-congestion-control-02,200
rfc9331.xml,https://github.com/google/bbr,200
rfc9331.xml,https://bufferbloat.net/,Connection error: HTTP Error 403: Forbidden
rfc9331.xml,https://ieeexplore.ieee.org/abstract/document/8847054,Connection error: HTTP Error 418: Unknown Code
rfc9331.xml,https://datatracker.ietf.org/doc/html/draft-sridharan-tcpm-ctcp-02,200
rfc9331.xml,https://bobbriscoe.net/projects/latency/dctth_journal_draft20190726.pdf,200
rfc9331.xml,https://datatracker.ietf.org/doc/html/draft-briscoe-docsis-q-protection-06,200
rfc9331.xml,https://www.netdevconf.org/0x13/session.html?talk-DUALPI2-AQM,200
rfc9331.xml,https://www.files.netdevconf.org/f/febbe8c6a05b4ceab641/?dl=1,"Connection error: <urlopen error [SSL: CERTIFICATE_VERIFY_FAILED] certificate verify failed: Hostname mismatch, certificate is not valid for 'www.files.netdevconf.org'. (_ssl.c:1006)>"
rfc9331.xml,https://dl.acm.org/doi/10.1145/1111322.1111336,Connection error: HTTP Error 403: Forbidden
rfc9331.xml,https://datatracker.ietf.org/doc/html/draft-ietf-tcpm-generalized-ecn-10,200
rfc9331.xml,https://www.ietf.org/archive/id/draft-ietf-tcpm-generalized-ecn-10.txt,200
rfc9331.xml,https://datatracker.ietf.org/doc/html/draft-ietf-tsvwg-ecn-encap-guidelines-17,200
rfc9331.xml,https://www.ietf.org/archive/id/draft-ietf-tsvwg-ecn-encap-guidelines-17.txt,200
rfc9331.xml,https://arxiv.org/abs/1911.00710,200
rfc9331.xml,https://datatracker.ietf.org/doc/html/draft-ietf-tsvwg-rfc6040update-shim-15,200
rfc9331.xml,https://www.ietf.org/archive/id/draft-ietf-tsvwg-rfc6040update-shim-15.txt,200
rfc9331.xml,https://github.com/heistp/l4s-tests,200
rfc9331.xml,https://datatracker.ietf.org/doc/html/draft-briscoe-tsvwg-l4s-diffserv-02,200
rfc9331.xml,https://arxiv.org/abs/2209.01078,200
rfc9331.xml,https://datatracker.ietf.org/doc/html/draft-ietf-tsvwg-l4sops-03,200
rfc9331.xml,https://legacy.netdevconf.info/0x13/session.html?talk-chirp,200
rfc9331.xml,https://datatracker.ietf.org/doc/html/draft-ietf-tsvwg-nqb-15,200
rfc9331.xml,https://www.ietf.org/archive/id/draft-ietf-tsvwg-nqb-15.txt,200
rfc9331.xml,https://dl.acm.org/citation.cfm?doid=2999572.2999578,Connection error: HTTP Error 403: Forbidden
rfc9331.xml,https://datatracker.ietf.org/doc/html/draft-briscoe-iccrg-prague-congestion-control-01,200
rfc9331.xml,https://www.netdevconf.org/0x13/session.html?talk-tcp-prague-l4s,200
rfc9331.xml,https://www.files.netdevconf.info/f/4d6939d5f1fb404fafd1/?dl=1,"Connection error: <urlopen error [SSL: CERTIFICATE_VERIFY_FAILED] certificate verify failed: Hostname mismatch, certificate is not valid for 'www.files.netdevconf.info'. (_ssl.c:1006)>"
rfc9331.xml,https://riteproject.files.wordpress.com/2015/12/rite-deliverable-2-3.pdf,200
rfc9331.xml,https://datatracker.ietf.org/doc/html/draft-mathis-iccrg-relentless-tcp-00,200
rfc9331.xml,https://www.ietf.org/archive/id/draft-mathis-iccrg-relentless-tcp-00.txt,200
rfc9331.xml,https://www.rfc-editor.org/info/rfc2474,200
rfc9331.xml,https://www.rfc-editor.org/info/rfc2474,200
rfc9331.xml,https://www.rfc-editor.org/info/rfc3246,200
rfc9331.xml,https://www.rfc-editor.org/info/rfc3246,200
rfc9331.xml,https://www.rfc-editor.org/info/rfc3540,200
rfc9331.xml,https://www.rfc-editor.org/info/rfc3540,200
rfc9331.xml,https://www.rfc-editor.org/info/rfc3649,200
rfc9331.xml,https://www.rfc-editor.org/info/rfc3649,200
rfc9331.xml,https://www.rfc-editor.org/info/rfc4301,200
rfc9331.xml,https://www.rfc-editor.org/info/rfc4301,200
rfc9331.xml,https://www.rfc-editor.org/info/rfc4302,200
rfc9331.xml,https://www.rfc-editor.org/info/rfc4302,200
rfc9331.xml,https://www.rfc-editor.org/info/rfc4303,200
rfc9331.xml,https://www.rfc-editor.org/info/rfc4303,200
rfc9331.xml,https://www.rfc-editor.org/info/rfc4340,200
rfc9331.xml,https://www.rfc-editor.org/info/rfc4340,200
rfc9331.xml,https://www.rfc-editor.org/info/rfc4341,200
rfc9331.xml,https://www.rfc-editor.org/info/rfc4341,200
rfc9331.xml,https://www.rfc-editor.org/info/rfc4342,200
rfc9331.xml,https://www.rfc-editor.org/info/rfc4342,200
rfc9331.xml,https://www.rfc-editor.org/info/rfc4960,200
rfc9331.xml,https://www.rfc-editor.org/info/rfc4960,200
rfc9331.xml,https://www.rfc-editor.org/info/rfc5033,200
rfc9331.xml,https://www.rfc-editor.org/info/rfc5033,200
rfc9331.xml,https://www.rfc-editor.org/info/rfc5129,200
rfc9331.xml,https://www.rfc-editor.org/info/rfc5129,200
rfc9331.xml,https://www.rfc-editor.org/info/rfc5348,200
rfc9331.xml,https://www.rfc-editor.org/info/rfc5348,200
rfc9331.xml,https://www.rfc-editor.org/info/rfc5562,200
rfc9331.xml,https://www.rfc-editor.org/info/rfc5562,200
rfc9331.xml,https://www.rfc-editor.org/info/rfc5622,200
rfc9331.xml,https://www.rfc-editor.org/info/rfc5622,200
rfc9331.xml,https://www.rfc-editor.org/info/rfc5681,200
rfc9331.xml,https://www.rfc-editor.org/info/rfc5681,200
rfc9331.xml,https://www.rfc-editor.org/info/rfc5706,200
rfc9331.xml,https://www.rfc-editor.org/info/rfc5706,200
rfc9331.xml,https://www.rfc-editor.org/info/rfc5865,200
rfc9331.xml,https://www.rfc-editor.org/info/rfc5865,200
rfc9331.xml,https://www.rfc-editor.org/info/rfc5925,200
rfc9331.xml,https://www.rfc-editor.org/info/rfc5925,200
rfc9331.xml,https://www.rfc-editor.org/info/rfc6040,200
rfc9331.xml,https://www.rfc-editor.org/info/rfc6040,200
rfc9331.xml,https://www.rfc-editor.org/info/rfc6077,200
rfc9331.xml,https://www.rfc-editor.org/info/rfc6077,200
rfc9331.xml,https://www.rfc-editor.org/info/rfc6660,200
rfc9331.xml,https://www.rfc-editor.org/info/rfc6660,200
rfc9331.xml,https://www.rfc-editor.org/info/rfc6675,200
rfc9331.xml,https://www.rfc-editor.org/info/rfc6675,200
rfc9331.xml,https://www.rfc-editor.org/info/rfc7560,200
rfc9331.xml,https://www.rfc-editor.org/info/rfc7560,200
rfc9331.xml,https://www.rfc-editor.org/info/rfc7567,200
rfc9331.xml,https://www.rfc-editor.org/info/rfc7567,200
rfc9331.xml,https://www.rfc-editor.org/info/rfc7713,200
rfc9331.xml,https://www.rfc-editor.org/info/rfc7713,200
rfc9331.xml,https://www.rfc-editor.org/info/rfc8033,200
rfc9331.xml,https://www.rfc-editor.org/info/rfc8033,200
rfc9331.xml,https://www.rfc-editor.org/info/rfc8083,200
rfc9331.xml,https://www.rfc-editor.org/info/rfc8083,200
rfc9331.xml,https://www.rfc-editor.org/info/rfc8085,200
rfc9331.xml,https://www.rfc-editor.org/info/rfc8085,200
rfc9331.xml,https://www.rfc-editor.org/info/rfc8174,200
rfc9331.xml,https://www.rfc-editor.org/info/rfc8174,200
rfc9331.xml,https://www.rfc-editor.org/info/rfc8257,200
rfc9331.xml,https://www.rfc-editor.org/info/rfc8257,200
rfc9331.xml,https://www.rfc-editor.org/info/rfc8290,200
rfc9331.xml,https://www.rfc-editor.org/info/rfc8290,200
rfc9331.xml,https://www.rfc-editor.org/info/rfc8298,200
rfc9331.xml,https://www.rfc-editor.org/info/rfc8298,200
rfc9331.xml,https://www.rfc-editor.org/info/rfc8311,200
rfc9331.xml,https://www.rfc-editor.org/info/rfc8311,200
rfc9331.xml,https://www.rfc-editor.org/info/rfc8312,200
rfc9331.xml,https://www.rfc-editor.org/info/rfc8312,200
rfc9331.xml,https://www.rfc-editor.org/info/rfc8511,200
rfc9331.xml,https://www.rfc-editor.org/info/rfc8511,200
rfc9331.xml,https://www.rfc-editor.org/info/rfc8888,200
rfc9331.xml,https://www.rfc-editor.org/info/rfc8888,200
rfc9331.xml,https://www.rfc-editor.org/info/rfc8985,200
rfc9331.xml,https://www.rfc-editor.org/info/rfc8985,200
rfc9331.xml,https://www.rfc-editor.org/info/rfc9000,200
rfc9331.xml,https://www.rfc-editor.org/info/rfc9000,200
rfc9331.xml,https://www.rfc-editor.org/info/rfc9001,200
rfc9331.xml,https://www.rfc-editor.org/info/rfc9001,200
rfc9331.xml,https://www.rfc-editor.org/info/rfc9147,200
rfc9331.xml,https://www.rfc-editor.org/info/rfc9147,200
rfc9331.xml,https://www.rfc-editor.org/info/rfc9330,200
rfc9331.xml,https://www.rfc-editor.org/info/rfc9332,200
rfc9331.xml,https://dl.acm.org/doi/abs/10.1145/505696.505704,Connection error: HTTP Error 403: Forbidden
rfc9331.xml,https://github.com/EricssonResearch/scream,200
rfc9331.xml,https://datatracker.ietf.org/doc/html/draft-stewart-tsvwg-sctpecn-05,200
rfc9331.xml,https://arxiv.org/abs/1904.07598,200
rfc9331.xml,https://ee.lbl.gov/papers/congavoid.pdf,200
rfc9331.xml,https://www.ietf.org/mail-archive/web/tcpprague/current/msg00001.html,200
rfc9331.xml,https://datatracker.ietf.org/doc/html/draft-ietf-trill-ecn-support-07,200
rfc9331.xml,https://doi.acm.org/10.1145/1080091.1080098,Connection error: HTTP Error 403: Forbidden
rfc9478.xml,https://datatracker.ietf.org/doc/draft-ietf-ipsecme-labeled-ipsec-12,200
rfc9478.xml,https://dx.doi.org/10.17487/rfc9478,200
rfc9478.xml,https://www.rfc-editor.org/info/rfc9478,200
rfc9478.xml,https://trustee.ietf.org/license-info,200
rfc9478.xml,https://www.rfc-editor.org/info/rfc2119,200
rfc9478.xml,https://www.rfc-editor.org/info/rfc7296,200
rfc9478.xml,https://www.rfc-editor.org/info/rfc8174,200
rfc9478.xml,https://datatracker.ietf.org/doc/html/draft-jml-ipsec-ikev2-security-label-01,200
rfc9478.xml,https://www.rfc-editor.org/info/rfc4301,200
rfc9478.xml,https://www.rfc-editor.org/info/rfc5570,200
rfc8999.xml,https://dx.doi.org/10.17487/rfc8999,200
rfc8999.xml,https://datatracker.ietf.org/doc/draft-ietf-quic-invariants-13,200
rfc8999.xml,https://www.rfc-editor.org/info/rfc8999,200
rfc8999.xml,https://trustee.ietf.org/license-info,200
rfc8999.xml,https://www.rfc-editor.org/info/rfc2119,200
rfc8999.xml,https://www.rfc-editor.org/info/rfc8174,200
rfc8999.xml,https://www.rfc-editor.org/info/rfc9001,200
rfc8999.xml,https://www.rfc-editor.org/info/rfc9000,200
rfc8999.xml,https://www.rfc-editor.org/info/rfc5116,200
rfc9442.xml,https://datatracker.ietf.org/doc/draft-ietf-lpwan-schc-over-sigfox-23,200
rfc9442.xml,https://dx.doi.org/10.17487/rfc9442,200
rfc9442.xml,https://www.rfc-editor.org/info/rfc9442,200
rfc9442.xml,https://trustee.ietf.org/license-info,200
rfc9442.xml,https://www.rfc-editor.org/info/rfc2119,200
rfc9442.xml,https://www.rfc-editor.org/info/rfc8174,200
rfc9442.xml,https://www.rfc-editor.org/info/rfc8724,200
rfc9442.xml,https://www.rfc-editor.org/info/rfc9441,200
rfc9442.xml,https://build.sigfox.com/sigfox-device-radio-specifications,200
rfc9442.xml,https://datatracker.ietf.org/doc/html/draft-ietf-core-comi-12,200
rfc9442.xml,https://www.rfc-editor.org/info/rfc6241,200
rfc9442.xml,https://www.rfc-editor.org/info/rfc7252,200
rfc9442.xml,https://www.rfc-editor.org/info/rfc8040,200
rfc9442.xml,https://www.rfc-editor.org/info/rfc8259,200
rfc9442.xml,https://www.rfc-editor.org/info/rfc8376,200
rfc9442.xml,https://www.rfc-editor.org/info/rfc8949,200
rfc9442.xml,https://support.sigfox.com/docs/callbacks-documentation,200
rfc9442.xml,https://support.sigfox.com/docs,200
rfc9480.xml,https://datatracker.ietf.org/doc/draft-ietf-lamps-cmp-updates-23,200
rfc9480.xml,https://dx.doi.org/10.17487/rfc9480,200
rfc9480.xml,https://www.rfc-editor.org/info/rfc9480,200
rfc9480.xml,https://trustee.ietf.org/license-info,200
rfc9480.xml,https://www.iana.org/assignments/smi-numbers,200
rfc9480.xml,https://www.iana.org/assignments/smi-numbers,200
rfc9480.xml,https://www.iana.org/assignments/smi-numbers,200
rfc9480.xml,https://www.iana.org/assignments/well-known-uris,200
rfc9480.xml,https://www.iana.org/assignments/cmp,200
rfc9480.xml,https://www.iana.org/assignments/cmp,200
rfc9480.xml,https://www.rfc-editor.org/info/rfc2119,200
rfc9480.xml,https://www.rfc-editor.org/info/rfc2510,200
rfc9480.xml,https://www.rfc-editor.org/info/rfc2985,200
rfc9480.xml,https://www.rfc-editor.org/info/rfc2986,200
rfc9480.xml,https://www.rfc-editor.org/info/rfc3629,200
rfc9480.xml,https://www.rfc-editor.org/info/rfc4210,200
rfc9480.xml,https://www.rfc-editor.org/info/rfc4211,200
rfc9480.xml,https://www.rfc-editor.org/info/rfc5280,200
rfc9480.xml,https://www.rfc-editor.org/info/rfc5480,200
rfc9480.xml,https://www.rfc-editor.org/info/rfc5652,200
rfc9480.xml,https://www.rfc-editor.org/info/rfc5958,200
rfc9480.xml,https://www.rfc-editor.org/info/rfc6402,200
rfc9480.xml,https://www.rfc-editor.org/info/rfc6712,200
rfc9480.xml,https://www.rfc-editor.org/info/rfc8174,200
rfc9480.xml,https://www.rfc-editor.org/info/rfc8615,200
rfc9480.xml,https://www.rfc-editor.org/info/rfc8933,200
rfc9480.xml,https://www.rfc-editor.org/info/rfc9045,200
rfc9480.xml,https://www.rfc-editor.org/info/rfc9481,200
rfc9480.xml,https://www.rfc-editor.org/info/rfc9482,200
rfc9480.xml,https://www.bsi.bund.de/SharedDocs/Downloads/DE/BSI/Zertifizierung/Interpretationen/AIS_31_Functionality_classes_for_random_number_generators_e.pdf,200
rfc9480.xml,https://nvd.nist.gov/vuln/detail/CVE-2008-0166,Connection error: HTTP Error 503: Service Unavailable
rfc9480.xml,https://datatracker.ietf.org/doc/html/draft-ietf-lamps-rfc6712bis-03,200
rfc9480.xml,https://www.usenix.org/conference/usenixsecurity12/technical-sessions/presentation/heninger,200
rfc9480.xml,https://nvlpubs.nist.gov/nistpubs/SpecialPublications/NIST.SP.800-90Ar1.pdf,200
rfc9480.xml,https://datatracker.ietf.org/doc/html/draft-ietf-lamps-rfc4210bis-07,200
rfc9480.xml,https://www.rfc-editor.org/info/rfc2104,200
rfc9480.xml,https://www.rfc-editor.org/info/rfc2202,200
rfc9480.xml,https://www.rfc-editor.org/info/rfc5912,200
rfc9480.xml,https://www.rfc-editor.org/info/rfc7299,200
rfc9480.xml,https://www.rfc-editor.org/info/rfc9483,200
rfc9239.xml,https://datatracker.ietf.org/doc/draft-ietf-dispatch-javascript-mjs-17,200
rfc9239.xml,https://dx.doi.org/10.17487/rfc9239,200
rfc9239.xml,https://www.rfc-editor.org/info/rfc9239,200
rfc9239.xml,https://trustee.ietf.org/license-info,200
rfc9239.xml,https://www.iana.org/assignments/character-sets,200
rfc9239.xml,https://262.ecma-international.org/12.0/,200
rfc9239.xml,https://www.rfc-editor.org/info/rfc2045,200
rfc9239.xml,https://www.rfc-editor.org/info/rfc2119,200
rfc9239.xml,https://www.rfc-editor.org/info/rfc2397,200
rfc9239.xml,https://www.rfc-editor.org/info/rfc2978,200
rfc9239.xml,https://www.rfc-editor.org/info/rfc3552,200
rfc9239.xml,https://www.rfc-editor.org/info/rfc3629,200
rfc9239.xml,https://www.rfc-editor.org/info/rfc4288,200
rfc9239.xml,https://www.rfc-editor.org/info/rfc4329,200
rfc9239.xml,https://www.rfc-editor.org/info/rfc6365,200
rfc9239.xml,https://www.rfc-editor.org/info/rfc6648,200
rfc9239.xml,https://www.rfc-editor.org/info/rfc6838,200
rfc9239.xml,https://www.rfc-editor.org/info/rfc8174,200
rfc9239.xml,https://html.spec.whatwg.org/multipage/scripting.html#prepare-a-script,200
rfc9239.xml,https://www.rfc-editor.org/info/rfc3236,200
rfc9239.xml,https://www.rfc-editor.org/info/rfc3875,200
rfc9239.xml,https://www.rfc-editor.org/info/rfc3986,200
rfc9239.xml,https://www.rfc-editor.org/info/rfc3987,200
rfc9239.xml,https://arxiv.org/abs/1801.01203,200
rfc9239.xml,https://web.archive.org/web/20170814193912/https://github.com/tc39/ecma262/issues/322,200
rfc8867.xml,https://datatracker.ietf.org/doc/draft-ietf-rmcat-eval-test-10,200
rfc8867.xml,https://dx.doi.org/10.17487/rfc8867,200
rfc8867.xml,https://www.rfc-editor.org/info/rfc8867,200
rfc8867.xml,https://trustee.ietf.org/license-info,200
rfc8867.xml,https://www.rfc-editor.org/info/rfc3550,200
rfc8867.xml,https://www.rfc-editor.org/info/rfc3551,200
rfc8867.xml,https://www.rfc-editor.org/info/rfc3611,200
rfc8867.xml,https://www.rfc-editor.org/info/rfc4585,200
rfc8867.xml,https://www.rfc-editor.org/info/rfc5506,200
rfc8867.xml,https://www.rfc-editor.org/info/rfc5681,200
rfc8867.xml,https://www.rfc-editor.org/info/rfc6679,200
rfc8867.xml,https://www.rfc-editor.org/info/rfc8593,200
rfc8867.xml,https://www.rfc-editor.org/info/rfc8836,200
rfc8867.xml,https://www.rfc-editor.org/info/rfc8868,200
rfc8867.xml,https://www.rfc-editor.org/info/rfc8869,200
rfc8867.xml,http://www.netlab.tkk.fi/~varun/test_sequences/,200
rfc8867.xml,https://www.rfc-editor.org/info/rfc2914,200
rfc8867.xml,https://www.rfc-editor.org/info/rfc7567,200
rfc8867.xml,https://www.rfc-editor.org/info/rfc8033,200
rfc8867.xml,https://www.rfc-editor.org/info/rfc8290,200
rfc8867.xml,https://www.rfc-editor.org/info/rfc8699,200
rfc8867.xml,http://media.xiph.org/video/derf/,200
rfc9490.xml,https://datatracker.ietf.org/doc/draft-iab-m-ten-workshop-02,200
rfc9490.xml,https://dx.doi.org/10.17487/rfc9490,200
rfc9490.xml,https://www.rfc-editor.org/info/rfc9490,200
rfc9490.xml,https://trustee.ietf.org/license-info,200
rfc9490.xml,https://www.iab.org/wp-content/IAB-uploads/2023/11/Barnes-Whats-In-It-For-Me-Revisiting-the-reasons-people-collaborate.pdf,Connection error: HTTP Error 403: Forbidden
rfc9490.xml,https://www.iab.org/wp-content/IAB-uploads/2023/11/Casas-AI-driven-real-time-QoE-monitoring-encrypted-traffic.pdf,Connection error: HTTP Error 403: Forbidden
rfc9490.xml,https://www.iab.org/wp-content/IAB-uploads/2023/11/Collins-Improving-Network-Monitoring-Through-Contracts.pdf,Connection error: HTTP Error 403: Forbidden
rfc9490.xml,https://www.iab.org/wp-content/IAB-uploads/2023/11/Deri-nDPI-Research-Proposal.pdf,Connection error: HTTP Error 403: Forbidden
rfc9490.xml,https://doi.org/10.14722/ndss.2022.24056,Connection error: HTTP Error 403: Forbidden
rfc9490.xml,https://www.iab.org/wp-content/IAB-uploads/2023/11/Elkins-Performance-Monitoring-in-Encrypted-Networks-PDMv2.pdf,Connection error: HTTP Error 403: Forbidden
rfc9490.xml,https://www.usenix.org/conference/usenixsecurity22/presentation/grubbs,200
rfc9490.xml,https://www.iab.org/wp-content/IAB-uploads/2023/11/Hardaker-Encrypted-Traffic-Estimation.pdf,Connection error: HTTP Error 403: Forbidden
rfc9490.xml,https://www.iab.org/wp-content/IAB-uploads/2023/11/Jiang-Towards-Designing-Robust-and-Efficient-Classifiers-for-Encrypted-Traffic-in-the-Modern-Internet.pdf,Connection error: HTTP Error 403: Forbidden
rfc9490.xml,https://www.iab.org/wp-content/IAB-uploads/2023/11/Knodel-Guidelines-for-Performing-Safe-Measurement-on-the-Internet.pdf,Connection error: HTTP Error 403: Forbidden
rfc9490.xml,https://www.ericsson.com/en/blog/2022/6/relays-and-online-user-privacy,Connection error: HTTP Error 403: Forbidden
rfc9490.xml,https://datatracker.ietf.org/doc/html/draft-irtf-pearg-safe-internet-measurement-09,200
rfc9490.xml,https://www.iab.org/wp-content/IAB-uploads/2023/11/Lei-Encrypted-Traffic-Classification-Through-Deep-Learning.pdf,Connection error: HTTP Error 403: Forbidden
rfc9490.xml,https://www.iab.org/wp-content/IAB-uploads/2023/11/Pauly-Red-Rover-A-collaborative-approach-to-content-filtering.pdf,Connection error: HTTP Error 403: Forbidden
rfc9490.xml,https://www.rfc-editor.org/info/rfc3168,200
rfc9490.xml,https://www.rfc-editor.org/info/rfc8520,200
rfc9490.xml,https://www.iab.org/wp-content/IAB-uploads/2023/11/Welzl-The-Sidecar-Opting-in-to-PEP-Functions.pdf,Connection error: HTTP Error 403: Forbidden
rfc9490.xml,https://www.iab.org/wp-content/IAB-uploads/2023/11/Wu-mten-taxonomy.pdf,Connection error: HTTP Error 403: Forbidden
rfc9463.xml,https://datatracker.ietf.org/doc/draft-ietf-add-dnr-16,200
rfc9463.xml,https://dx.doi.org/10.17487/rfc9463,200
rfc9463.xml,https://www.rfc-editor.org/info/rfc9463,200
rfc9463.xml,https://trustee.ietf.org/license-info,200
rfc9463.xml,https://www.rfc-editor.org/info/rfc2119,200
rfc9463.xml,https://www.rfc-editor.org/info/rfc2132,200
rfc9463.xml,https://www.rfc-editor.org/info/rfc3396,200
rfc9463.xml,https://www.rfc-editor.org/info/rfc4861,200
rfc9463.xml,https://www.rfc-editor.org/info/rfc8106,200
rfc9463.xml,https://www.rfc-editor.org/info/rfc8174,200
rfc9463.xml,https://www.rfc-editor.org/info/rfc8415,200
rfc9463.xml,https://www.rfc-editor.org/info/rfc9460,200
rfc9463.xml,https://www.rfc-editor.org/info/rfc9461,200
rfc9463.xml,https://www.iana.org/assignments/bootp-dhcp-parameters/,200
rfc9463.xml,https://www.iana.org/assignments/dhcpv6-parameters/,200
rfc9463.xml,https://datatracker.ietf.org/doc/html/draft-pusateri-dhc-dns-driu-00,200
rfc9463.xml,https://openwrt.org/docs/guide-user/network/wifi/wireless.security.8021x,200
rfc9463.xml,https://ieeexplore.ieee.org/document/9152782,Connection error: HTTP Error 418: Unknown Code
rfc9463.xml,https://en.wikipedia.org/wiki/Evil_twin_(wireless_networks),200
rfc9463.xml,https://www.cisco.com/c/en/us/td/docs/wireless/controller/technotes/8-5/b_Identity_PSK_Feature_Deployment_Guide.html,200
rfc9463.xml,https://dl.acm.org/doi/10.1145/3133956.3134027,Connection error: HTTP Error 403: Forbidden
rfc9463.xml,https://datatracker.ietf.org/doc/html/draft-ietf-add-split-horizon-authority-04,200
rfc9463.xml,https://www.iana.org/assignments/icmpv6-parameters/,200
rfc9463.xml,https://www.rfc-editor.org/info/rfc3552,200
rfc9463.xml,https://www.rfc-editor.org/info/rfc3646,200
rfc9463.xml,https://www.rfc-editor.org/info/rfc4786,200
rfc9463.xml,https://www.rfc-editor.org/info/rfc5280,200
rfc9463.xml,https://www.rfc-editor.org/info/rfc6125,200
rfc9463.xml,https://www.rfc-editor.org/info/rfc6731,200
rfc9463.xml,https://www.rfc-editor.org/info/rfc7113,200
rfc9463.xml,https://www.rfc-editor.org/info/rfc7227,200
rfc9463.xml,https://www.rfc-editor.org/info/rfc7513,200
rfc9463.xml,https://www.rfc-editor.org/info/rfc7610,200
rfc9463.xml,https://www.rfc-editor.org/info/rfc7824,200
rfc9463.xml,https://www.rfc-editor.org/info/rfc7844,200
rfc9463.xml,https://www.rfc-editor.org/info/rfc7858,200
rfc9463.xml,https://www.rfc-editor.org/info/rfc7969,200
rfc9463.xml,https://www.rfc-editor.org/info/rfc8146,200
rfc9463.xml,https://www.rfc-editor.org/info/rfc8310,200
rfc9463.xml,https://www.rfc-editor.org/info/rfc8484,200
rfc9463.xml,https://www.rfc-editor.org/info/rfc8499,200
rfc9463.xml,https://www.rfc-editor.org/info/rfc8613,200
rfc9463.xml,https://www.rfc-editor.org/info/rfc8801,200
rfc9463.xml,https://www.rfc-editor.org/info/rfc9076,200
rfc9463.xml,https://www.rfc-editor.org/info/rfc9250,200
rfc9463.xml,https://www.rfc-editor.org/info/rfc9462,200
rfc9463.xml,https://www.3gpp.org/DynaReport/24008.htm,Connection error: HTTP Error 403: Forbidden: Access is denied.
rfc9693.xml,https://datatracker.ietf.org/doc/draft-ietf-bmwg-benchmarking-stateful-09,200
rfc9693.xml,https://dx.doi.org/10.17487/rfc9693,200
rfc9693.xml,https://www.rfc-editor.org/info/rfc9693,200
rfc9693.xml,https://trustee.ietf.org/license-info,200
rfc9693.xml,https://www.rfc-editor.org/info/rfc1918,200
rfc9693.xml,https://www.rfc-editor.org/info/rfc2119,200
rfc9693.xml,https://www.rfc-editor.org/info/rfc2544,200
rfc9693.xml,https://www.rfc-editor.org/info/rfc3022,200
rfc9693.xml,https://www.rfc-editor.org/info/rfc4340,200
rfc9693.xml,https://www.rfc-editor.org/info/rfc4814,200
rfc9693.xml,https://www.rfc-editor.org/info/rfc5180,200
rfc9693.xml,https://www.rfc-editor.org/info/rfc6146,200
rfc9693.xml,https://www.rfc-editor.org/info/rfc7599,200
rfc9693.xml,https://www.rfc-editor.org/info/rfc8174,200
rfc9693.xml,https://www.rfc-editor.org/info/rfc8219,200
rfc9693.xml,https://www.rfc-editor.org/info/rfc9000,200
rfc9693.xml,https://www.rfc-editor.org/info/rfc9260,200
rfc9693.xml,https://www.rfc-editor.org/info/rfc9411,200
rfc9693.xml,https://dl.acm.org/doi/pdf/10.1145/364520.364540,Connection error: HTTP Error 403: Forbidden
rfc9693.xml,https://www.iij.ad.jp/en/dev/iir/pdf/iir_vol49_report_EN.pdf,200
rfc9693.xml,https://www.hit.bme.hu/~lencse/publications/e98-b_8_1580.pdf,200
rfc9693.xml,http://ijates.org/index.php/ijates/article/view/291,200
rfc9693.xml,https://www.sciencedirect.com/science/article/pii/S0140366422001803,Connection error: HTTP Error 403: Forbidden
rfc9693.xml,https://www.sciencedirect.com/science/article/pii/S0140366423002931,Connection error: HTTP Error 403: Forbidden
rfc9693.xml,https://www.sciencedirect.com/science/article/pii/S0140366424000999,Connection error: HTTP Error 403: Forbidden
rfc9693.xml,https://www.sciencedirect.com/science/article/abs/pii/S0140366424001993,Connection error: HTTP Error 403: Forbidden
rfc9693.xml,https://datatracker.ietf.org/doc/html/draft-lencse-v6ops-transition-scalability-05,200
rfc9693.xml,https://github.com/lencsegabor/siitperf,200
rfc8932.xml,https://datatracker.ietf.org/doc/draft-ietf-dprive-bcp-op-14,200
rfc8932.xml,https://dx.doi.org/10.17487/rfc8932,200
rfc8932.xml,https://www.rfc-editor.org/info/rfc8932,200
rfc8932.xml,https://trustee.ietf.org/license-info,200
rfc8932.xml,https://www.rfc-editor.org/info/rfc2119,200
rfc8932.xml,https://www.rfc-editor.org/info/rfc4033,200
rfc8932.xml,https://www.rfc-editor.org/info/rfc5280,200
rfc8932.xml,https://www.rfc-editor.org/info/rfc6973,200
rfc8932.xml,https://www.rfc-editor.org/info/rfc7457,200
rfc8932.xml,https://www.rfc-editor.org/info/rfc7525,200
rfc8932.xml,https://www.rfc-editor.org/info/rfc7766,200
rfc8932.xml,https://www.rfc-editor.org/info/rfc7816,200
rfc8932.xml,https://www.rfc-editor.org/info/rfc7828,200
rfc8932.xml,https://www.rfc-editor.org/info/rfc7830,200
rfc8932.xml,https://www.rfc-editor.org/info/rfc7858,200
rfc8932.xml,https://www.rfc-editor.org/info/rfc7871,200
rfc8932.xml,https://www.rfc-editor.org/info/rfc8020,200
rfc8932.xml,https://www.rfc-editor.org/info/rfc8174,200
rfc8932.xml,https://www.rfc-editor.org/info/rfc8198,200
rfc8932.xml,https://www.rfc-editor.org/info/rfc8310,200
rfc8932.xml,https://www.rfc-editor.org/info/rfc8467,200
rfc8932.xml,https://www.rfc-editor.org/info/rfc8484,200
rfc8932.xml,https://www.rfc-editor.org/info/rfc8490,200
rfc8932.xml,https://www.rfc-editor.org/info/rfc8499,200
rfc8932.xml,https://www.rfc-editor.org/info/rfc8806,200
rfc8932.xml,http://dl.ifip.org/db/conf/im/im2019/189282.pdf,200
rfc8932.xml,https://pdfs.semanticscholar.org/7b34/12c951cebe71cd2cddac5fda164fb2138a44.pdf,202
rfc8932.xml,https://tools.ietf.org/html/draft-ietf-httpbis-bcp56bis-09,200
rfc8932.xml,https://www.ietf.org/internet-drafts/draft-ietf-httpbis-bcp56bis-09.txt,Connection error: HTTP Error 404: Not Found
rfc8932.xml,https://github.com/CESNET/ipfixcol/tree/master/base/src/intermediate/anonymization/Crypto-PAn,200
rfc8932.xml,https://tools.ietf.org/html/draft-ietf-dnsop-dns-tcp-requirements-06,200
rfc8932.xml,https://www.ietf.org/internet-drafts/draft-ietf-dnsop-dns-tcp-requirements-06.txt,Connection error: HTTP Error 404: Not Found
rfc8932.xml,https://petsymposium.org/2018/files/hotpets/4-siby.pdf,200
rfc8932.xml,https://tools.ietf.org/html/draft-bellis-dnsop-xpf-04,200
rfc8932.xml,https://www.ietf.org/internet-drafts/draft-bellis-dnsop-xpf-04.txt,Connection error: HTTP Error 404: Not Found
rfc8932.xml,https://www.dnscrypt.org,Connection error: HTTP Error 404: Not Found
rfc8932.xml,https://dnsdist.org,200
rfc8932.xml,https://dnstap.info,200
rfc8932.xml,https://wiki.mozilla.org/Security/DOH-resolver-policy,Connection error: HTTP Error 403: Forbidden
rfc8932.xml,https://www.iana.org/assignments/tls-extensiontype-values,200
rfc8932.xml,https://www.conversionworks.co.uk/blog/2017/05/19/anonymize-ip-geo-impact-test/,Connection error: <urlopen error [Errno 110] Connection timed out>
rfc8932.xml,https://www.haproxy.org/,200
rfc8932.xml,http://mharvan.net/talks/noms-ip_anon.pdf,200
rfc8932.xml,https://internet.nl,200
rfc8932.xml,https://support.google.com/analytics/answer/2763052?hl=en,200
rfc8932.xml,https://medium.com/@bert.hubert/on-ip-address-encryption-security-analysis-with-respect-for-privacy-dabe1201b476,Connection error: HTTP Error 403: Forbidden
rfc8932.xml,https://github.com/PowerDNS/ipcipher,200
rfc8932.xml,https://github.com/veorq/ipcrypt,200
rfc8932.xml,https://mailarchive.ietf.org/arch/msg/cfrg/cFx5WJo48ZEN-a5cj_LlyrdN8-0/,200
rfc8932.xml,https://kb.isc.org/docs/aa-00482,Connection error: HTTP Error 403: Forbidden
rfc8932.xml,https://lists.dns-oarc.net/pipermail/dns-operations/2016-January/014143.html,200
rfc8932.xml,https://nginx.org/,200
rfc8932.xml,http://tma.ifip.org/2018/wp-content/uploads/sites/3/2018/06/tma2018_paper30.pdf,200
rfc8932.xml,https://www.tcpdump.org/,200
rfc8932.xml,https://dl.acm.org/citation.cfm?id=2665959,Connection error: HTTP Error 403: Forbidden
rfc8932.xml,https://dnsprivacy.org/wiki/display/DP/Comparison+of+policy+and+privacy+statements+2019,200
rfc8932.xml,https://github.com/PowerDNS/pdns/blob/master/pdns/dnswasher.cc,200
rfc8932.xml,http://www.ecs.umass.edu/ece/wolf/pubs/ton2007.pdf,200
rfc8932.xml,https://www.rfc-editor.org/info/rfc4034,200
rfc8932.xml,https://www.rfc-editor.org/info/rfc4035,200
rfc8932.xml,https://www.rfc-editor.org/info/rfc5077,200
rfc8932.xml,https://www.rfc-editor.org/info/rfc6147,200
rfc8932.xml,https://www.rfc-editor.org/info/rfc6235,200
rfc8932.xml,https://www.rfc-editor.org/info/rfc6265,200
rfc8932.xml,https://www.rfc-editor.org/info/rfc7626,200
rfc8932.xml,https://www.rfc-editor.org/info/rfc7873,200
rfc8932.xml,https://www.rfc-editor.org/info/rfc8027,200
rfc8932.xml,https://www.rfc-editor.org/info/rfc8094,200
rfc8932.xml,https://www.rfc-editor.org/info/rfc8404,200
rfc8932.xml,https://www.rfc-editor.org/info/rfc8446,200
rfc8932.xml,https://www.rfc-editor.org/info/rfc8555,200
rfc8932.xml,https://www.rfc-editor.org/info/rfc8618,200
rfc8932.xml,https://www.ssllabs.com/ssltest/,200
rfc8932.xml,https://kb.isc.org/article/AA-01386/0/DNS-over-TLS.html,Connection error: HTTP Error 403: Forbidden
rfc8932.xml,https://surf.nl/datasharing,200
rfc8932.xml,http://fly.isti.cnr.it/software/tcpdpriv/,200
rfc8932.xml,https://doi.org/10.1145/3182660,Connection error: HTTP Error 403: Forbidden
rfc8932.xml,http://an.kaist.ac.kr/~sbmoon/paper/intl-journal/2004-cn-anon.pdf,200
rfc9159.xml,https://datatracker.ietf.org/doc/draft-ietf-6lo-blemesh-10,200
rfc9159.xml,https://dx.doi.org/10.17487/rfc9159,200
rfc9159.xml,https://www.rfc-editor.org/info/rfc9159,200
rfc9159.xml,https://trustee.ietf.org/license-info,200
rfc9159.xml,https://www.bluetooth.com/specifications/specs/core-specification-4-2/,Connection error: HTTP Error 403: Forbidden
rfc9159.xml,https://www.bluetooth.com/specifications/specs/internet-protocol-support-profile-1-0/,Connection error: HTTP Error 403: Forbidden
rfc9159.xml,https://www.rfc-editor.org/info/rfc2119,200
rfc9159.xml,https://www.rfc-editor.org/info/rfc4291,200
rfc9159.xml,https://www.rfc-editor.org/info/rfc4861,200
rfc9159.xml,https://www.rfc-editor.org/info/rfc6282,200
rfc9159.xml,https://www.rfc-editor.org/info/rfc6775,200
rfc9159.xml,https://www.rfc-editor.org/info/rfc7668,200
rfc9159.xml,https://www.rfc-editor.org/info/rfc8174,200
rfc9159.xml,https://www.rfc-editor.org/info/rfc8505,200
rfc9159.xml,https://www.rfc-editor.org/info/rfc8928,200
rfc9159.xml,https://www.bluetooth.com/specifications/specs/core-specification-4-1/,Connection error: HTTP Error 403: Forbidden
rfc9159.xml,https://www.rfc-editor.org/info/rfc4903,200
rfc9159.xml,https://www.rfc-editor.org/info/rfc7416,200
rfc9657.xml,https://datatracker.ietf.org/doc/draft-ietf-tvr-use-cases-09,200
rfc9657.xml,https://dx.doi.org/10.17487/rfc9657,200
rfc9657.xml,https://www.rfc-editor.org/info/rfc9657,200
rfc9657.xml,https://trustee.ietf.org/license-info,200
rfc9657.xml,https://datatracker.ietf.org/doc/html/draft-lhan-problems-requirements-satellite-net-06,200
rfc9657.xml,https://link.springer.com/chapter/10.1007/978-1-4615-0431-3_2,200
rfc9657.xml,https://datatracker.ietf.org/doc/html/draft-zzd-tvr-use-case-tidal-network-02,200
rfc9141.xml,https://datatracker.ietf.org/doc/draft-danyliw-replace-ftp-pointers-06,200
rfc9141.xml,https://dx.doi.org/10.17487/rfc9141,200
rfc9141.xml,https://www.rfc-editor.org/info/rfc9141,200
rfc9141.xml,https://trustee.ietf.org/license-info,200
rfc9141.xml,https://www.rfc-editor.org/info/rfc2077,200
rfc9141.xml,https://www.rfc-editor.org/info/rfc2119,200
rfc9141.xml,https://www.rfc-editor.org/info/rfc2418,200
rfc9141.xml,https://www.rfc-editor.org/info/rfc2648,200
rfc9141.xml,https://www.rfc-editor.org/info/rfc2954,200
rfc9141.xml,https://www.rfc-editor.org/info/rfc2955,200
rfc9141.xml,https://www.rfc-editor.org/info/rfc3020,200
rfc9141.xml,https://www.rfc-editor.org/info/rfc3083,200
rfc9141.xml,https://www.rfc-editor.org/info/rfc3201,200
rfc9141.xml,https://www.rfc-editor.org/info/rfc3202,200
rfc9141.xml,https://www.rfc-editor.org/info/rfc3295,200
rfc9141.xml,https://www.rfc-editor.org/info/rfc3684,200
rfc9141.xml,https://www.rfc-editor.org/info/rfc3962,200
rfc9141.xml,https://www.rfc-editor.org/info/rfc3970,200
rfc9141.xml,https://www.rfc-editor.org/info/rfc4036,200
rfc9141.xml,https://www.rfc-editor.org/info/rfc4131,200
rfc9141.xml,https://www.rfc-editor.org/info/rfc4251,200
rfc9141.xml,https://www.rfc-editor.org/info/rfc4323,200
rfc9141.xml,https://www.rfc-editor.org/info/rfc4546,200
rfc9141.xml,https://www.rfc-editor.org/info/rfc4547,200
rfc9141.xml,https://www.rfc-editor.org/info/rfc4639,200
rfc9141.xml,https://www.rfc-editor.org/info/rfc4682,200
rfc9141.xml,https://www.rfc-editor.org/info/rfc5098,200
rfc9141.xml,https://www.rfc-editor.org/info/rfc5428,200
rfc9141.xml,https://www.rfc-editor.org/info/rfc6756,200
rfc9141.xml,https://www.rfc-editor.org/info/rfc7241,200
rfc9141.xml,https://www.rfc-editor.org/info/rfc8174,200
rfc9141.xml,https://mailarchive.ietf.org/arch/msg/ietf/vi-8bFqlgBFjB2jJ1SIAGHiNRdg/,200
rfc9141.xml,https://www.ietf.org/media/documents/Revised-Retiring-IETF-FTP-Service-2021-03.pdf,200
rfc9552.xml,https://datatracker.ietf.org/doc/draft-ietf-idr-rfc7752bis-17,200
rfc9552.xml,https://dx.doi.org/10.17487/rfc9552,200
rfc9552.xml,https://www.rfc-editor.org/info/rfc9552,200
rfc9552.xml,https://trustee.ietf.org/license-info,200
rfc9552.xml,https://www.iana.org/assignments/bgp-ls-parameters,200
rfc9552.xml,https://www.iana.org/assignments/enterprise-numbers/,200
rfc9552.xml,https://www.rfc-editor.org/info/rfc2119,200
rfc9552.xml,https://www.rfc-editor.org/info/rfc2328,200
rfc9552.xml,https://www.rfc-editor.org/info/rfc2545,200
rfc9552.xml,https://www.rfc-editor.org/info/rfc3209,200
rfc9552.xml,https://www.rfc-editor.org/info/rfc4202,200
rfc9552.xml,https://www.rfc-editor.org/info/rfc4203,200
rfc9552.xml,https://www.rfc-editor.org/info/rfc4271,200
rfc9552.xml,https://www.rfc-editor.org/info/rfc4577,200
rfc9552.xml,https://www.rfc-editor.org/info/rfc4760,200
rfc9552.xml,https://www.rfc-editor.org/info/rfc4915,200
rfc9552.xml,https://www.rfc-editor.org/info/rfc5036,200
rfc9552.xml,https://www.rfc-editor.org/info/rfc5120,200
rfc9552.xml,https://www.rfc-editor.org/info/rfc5130,200
rfc9552.xml,https://www.rfc-editor.org/info/rfc5301,200
rfc9552.xml,https://www.rfc-editor.org/info/rfc5305,200
rfc9552.xml,https://www.rfc-editor.org/info/rfc5307,200
rfc9552.xml,https://www.rfc-editor.org/info/rfc5340,200
rfc9552.xml,https://www.rfc-editor.org/info/rfc5642,200
rfc9552.xml,https://www.rfc-editor.org/info/rfc5890,200
rfc9552.xml,https://www.rfc-editor.org/info/rfc6119,200
rfc9552.xml,https://www.rfc-editor.org/info/rfc6565,200
rfc9552.xml,https://www.rfc-editor.org/info/rfc7606,200
rfc9552.xml,https://www.rfc-editor.org/info/rfc7684,200
rfc9552.xml,https://www.rfc-editor.org/info/rfc7770,200
rfc9552.xml,https://www.rfc-editor.org/info/rfc8126,200
rfc9552.xml,https://www.rfc-editor.org/info/rfc8174,200
rfc9552.xml,https://www.rfc-editor.org/info/rfc8362,200
rfc9552.xml,https://www.rfc-editor.org/info/rfc8654,200
rfc9552.xml,https://www.rfc-editor.org/info/rfc1918,200
rfc9552.xml,https://www.rfc-editor.org/info/rfc4272,200
rfc9552.xml,https://www.rfc-editor.org/info/rfc4364,200
rfc9552.xml,https://www.rfc-editor.org/info/rfc4655,200
rfc9552.xml,https://www.rfc-editor.org/info/rfc5152,200
rfc9552.xml,https://www.rfc-editor.org/info/rfc5392,200
rfc9552.xml,https://www.rfc-editor.org/info/rfc5693,200
rfc9552.xml,https://www.rfc-editor.org/info/rfc5706,200
rfc9552.xml,https://www.rfc-editor.org/info/rfc6549,200
rfc9552.xml,https://www.rfc-editor.org/info/rfc6952,200
rfc9552.xml,https://www.rfc-editor.org/info/rfc7285,200
rfc9552.xml,https://www.rfc-editor.org/info/rfc7752,200
rfc9552.xml,https://www.rfc-editor.org/info/rfc7911,200
rfc9552.xml,https://www.rfc-editor.org/info/rfc8202,200
rfc9552.xml,https://www.rfc-editor.org/info/rfc9029,200
rfc9552.xml,https://www.rfc-editor.org/info/rfc9346,200
rfc8698.xml,https://datatracker.ietf.org/doc/draft-ietf-rmcat-nada-13,200
rfc8698.xml,https://dx.doi.org/10.17487/rfc8698,200
rfc8698.xml,https://www.rfc-editor.org/info/rfc8698,200
rfc8698.xml,https://trustee.ietf.org/license-info,200
rfc8698.xml,https://www.rfc-editor.org/info/rfc2119,200
rfc8698.xml,https://www.rfc-editor.org/info/rfc3168,200
rfc8698.xml,https://www.rfc-editor.org/info/rfc3550,200
rfc8698.xml,https://www.rfc-editor.org/info/rfc5348,200
rfc8698.xml,https://www.rfc-editor.org/info/rfc6679,200
rfc8698.xml,https://www.rfc-editor.org/info/rfc8174,200
rfc8698.xml,https://doi.org/10.1109/TNET.2011.2159736,Connection error: HTTP Error 418: Unknown Code
rfc8698.xml,https://doi.org/10.1145/347057.347397,Connection error: HTTP Error 403: Forbidden
rfc8698.xml,https://datatracker.ietf.org/meeting/103/materials/slides-103-rmcat-nada-implementation-in-mozilla-browser-00,200
rfc8698.xml,https://datatracker.ietf.org/meeting/105/materials/slides-105-rmcat-nada-update-02.pdf,200
rfc8698.xml,https://tools.ietf.org/agenda/90/slides/slides-90-rmcat-6.pdf,200
rfc8698.xml,https://www.ietf.org/proceedings/interim/2014/11/09/rmcat/slides/slides-interim-2014-rmcat-1-2.pdf,200
rfc8698.xml,https://www.ietf.org/proceedings/93/slides/slides-93-rmcat-0.pdf,200
rfc8698.xml,https://www.ietf.org/proceedings/95/slides/slides-95-rmcat-5.pdf,200
rfc8698.xml,http://nsnam.sourceforge.net/wiki/index.php/Main_Page,Connection error: HTTP Error 404: Not Found
rfc8698.xml,https://www.nsnam.org/,200
rfc8698.xml,https://github.com/cisco/ns3-rmcat,200
rfc8698.xml,https://www.rfc-editor.org/info/rfc5450,200
rfc8698.xml,https://www.rfc-editor.org/info/rfc6660,200
rfc8698.xml,https://www.rfc-editor.org/info/rfc6817,200
rfc8698.xml,https://www.rfc-editor.org/info/rfc7567,200
rfc8698.xml,https://www.rfc-editor.org/info/rfc8033,200
rfc8698.xml,https://www.rfc-editor.org/info/rfc8290,200
rfc8698.xml,https://www.rfc-editor.org/info/rfc8593,200
rfc8698.xml,https://tools.ietf.org/html/draft-ietf-rmcat-cc-requirements-09,200
rfc8698.xml,http://www.ietf.org/internet-drafts/draft-ietf-rmcat-cc-requirements-09.txt,Connection error: HTTP Error 404: Not Found
rfc8698.xml,https://tools.ietf.org/html/draft-ietf-rmcat-cc-codec-interactions-02,200
rfc8698.xml,http://www.ietf.org/internet-drafts/draft-ietf-rmcat-cc-codec-interactions-02.txt,Connection error: HTTP Error 404: Not Found
rfc8698.xml,https://tools.ietf.org/html/draft-ietf-rmcat-eval-test-10,200
rfc8698.xml,http://www.ietf.org/internet-drafts/draft-ietf-rmcat-eval-test-10.txt,Connection error: HTTP Error 404: Not Found
rfc8698.xml,https://tools.ietf.org/html/draft-ietf-avtcore-cc-feedback-message-05,200
rfc8698.xml,http://www.ietf.org/internet-drafts/draft-ietf-avtcore-cc-feedback-message-05.txt,Connection error: HTTP Error 404: Not Found
rfc8698.xml,https://tools.ietf.org/html/draft-ietf-rmcat-wireless-tests-08,200
rfc8698.xml,http://www.ietf.org/internet-drafts/draft-ietf-rmcat-wireless-tests-08.txt,Connection error: HTTP Error 404: Not Found
rfc8698.xml,https://doi.org/10.1109/PV.2013.6691448,Connection error: HTTP Error 418: Unknown Code
rfc9536.xml,https://datatracker.ietf.org/doc/draft-ietf-regext-rdap-reverse-search-25,200
rfc9536.xml,https://dx.doi.org/10.17487/rfc9536,200
rfc9536.xml,https://www.rfc-editor.org/info/rfc9536,200
rfc9536.xml,https://trustee.ietf.org/license-info,200
rfc9536.xml,https://www.rfc-editor.org/info/rfc2119,200
rfc9536.xml,https://www.rfc-editor.org/info/rfc6350,200
rfc9536.xml,https://www.rfc-editor.org/info/rfc7095,200
rfc9536.xml,https://www.rfc-editor.org/info/rfc7481,200
rfc9536.xml,https://www.rfc-editor.org/info/rfc8126,200
rfc9536.xml,https://www.rfc-editor.org/info/rfc8174,200
rfc9536.xml,https://www.rfc-editor.org/info/rfc9082,200
rfc9536.xml,https://www.rfc-editor.org/info/rfc9083,200
rfc9536.xml,https://www.rfc-editor.org/info/rfc9110,200
rfc9536.xml,https://www.rfc-editor.org/info/rfc9535,200
rfc9536.xml,https://www.icann.org/en/registry-agreements/base-agreement,Connection error: HTTP Error 403: Forbidden
rfc9536.xml,https://www.icann.org/en/system/files/files/final-report-06jun14-en.pdf,Connection error: HTTP Error 403: Forbidden
rfc9536.xml,http://openid.net/specs/openid-connect-core-1_0.html,200
rfc9536.xml,https://www.rfc-editor.org/info/rfc3912,200
rfc9536.xml,https://www.rfc-editor.org/info/rfc5730,200
rfc9536.xml,https://www.rfc-editor.org/info/rfc6973,200
rfc9536.xml,https://www.rfc-editor.org/info/rfc8977,200
rfc9536.xml,https://www.rfc-editor.org/info/rfc8982,200
rfc9691.xml,https://datatracker.ietf.org/doc/draft-ietf-sidrops-signed-tal-16,200
rfc9691.xml,https://dx.doi.org/10.17487/rfc9691,200
rfc9691.xml,https://www.rfc-editor.org/info/rfc9691,200
rfc9691.xml,https://trustee.ietf.org/license-info,200
rfc9691.xml,https://www.rfc-editor.org/info/rfc2119,200
rfc9691.xml,https://www.rfc-editor.org/info/rfc3629,200
rfc9691.xml,https://www.rfc-editor.org/info/rfc3779,200
rfc9691.xml,https://www.rfc-editor.org/info/rfc5198,200
rfc9691.xml,https://www.rfc-editor.org/info/rfc5280,200
rfc9691.xml,https://www.rfc-editor.org/info/rfc5781,200
rfc9691.xml,https://www.rfc-editor.org/info/rfc6481,200
rfc9691.xml,https://www.rfc-editor.org/info/rfc6487,200
rfc9691.xml,https://www.rfc-editor.org/info/rfc6488,200
rfc9691.xml,https://www.rfc-editor.org/info/rfc8174,200
rfc9691.xml,https://www.rfc-editor.org/info/rfc8181,200
rfc9691.xml,https://www.rfc-editor.org/info/rfc8630,200
rfc9691.xml,https://www.rfc-editor.org/info/rfc9110,200
rfc9691.xml,https://www.rfc-editor.org/info/rfc9286,200
rfc9691.xml,https://www.itu.int/rec/T-REC-X.690-202102-I/en,200
rfc9691.xml,https://www.rfc-editor.org/info/rfc5652,200
rfc9691.xml,https://www.rfc-editor.org/info/rfc5911,200
rfc9691.xml,https://www.rfc-editor.org/info/rfc5912,200
rfc8985.xml,https://datatracker.ietf.org/doc/draft-ietf-tcpm-rack-15,200
rfc8985.xml,https://dx.doi.org/10.17487/rfc8985,200
rfc8985.xml,https://www.rfc-editor.org/info/rfc8985,200
rfc8985.xml,https://trustee.ietf.org/license-info,200
rfc8985.xml,https://www.rfc-editor.org/info/rfc2018,200
rfc8985.xml,https://www.rfc-editor.org/info/rfc2119,200
rfc8985.xml,https://www.rfc-editor.org/info/rfc2883,200
rfc8985.xml,https://www.rfc-editor.org/info/rfc5681,200
rfc8985.xml,https://www.rfc-editor.org/info/rfc6298,200
rfc8985.xml,https://www.rfc-editor.org/info/rfc6675,200
rfc8985.xml,https://www.rfc-editor.org/info/rfc7323,200
rfc8985.xml,https://www.rfc-editor.org/info/rfc793,200
rfc8985.xml,https://www.rfc-editor.org/info/rfc8174,200
rfc8985.xml,https://doi.org/10.1145/2068816.2068832,Connection error: HTTP Error 403: Forbidden
rfc8985.xml,https://doi.org/10.1145/248157.248181,Connection error: HTTP Error 403: Forbidden
rfc8985.xml,https://doi.org/10.1145/2934872.2934873,Connection error: HTTP Error 403: Forbidden
rfc8985.xml,https://tools.ietf.org/html/draft-ietf-quic-recovery-34,200
rfc8985.xml,https://www.ietf.org/internet-drafts/draft-ietf-quic-recovery-34.txt,Connection error: HTTP Error 404: Not Found
rfc8985.xml,https://www.rfc-editor.org/info/rfc3042,200
rfc8985.xml,https://www.rfc-editor.org/info/rfc3522,200
rfc8985.xml,https://www.rfc-editor.org/info/rfc4653,200
rfc8985.xml,https://www.rfc-editor.org/info/rfc5682,200
rfc8985.xml,https://www.rfc-editor.org/info/rfc5827,200
rfc8985.xml,https://www.rfc-editor.org/info/rfc6937,200
rfc8985.xml,https://www.rfc-editor.org/info/rfc7765,200
rfc8985.xml,https://doi.org/10.1145/505696.505704,Connection error: HTTP Error 403: Forbidden
rfc8820.xml,https://datatracker.ietf.org/doc/draft-nottingham-rfc7320bis-03,200
rfc8820.xml,https://dx.doi.org/10.17487/rfc8820,200
rfc8820.xml,https://www.rfc-editor.org/info/rfc8820,200
rfc8820.xml,https://trustee.ietf.org/license-info,200
rfc8820.xml,https://www.rfc-editor.org/info/rfc2119,200
rfc8820.xml,https://www.rfc-editor.org/info/rfc3986,200
rfc8820.xml,https://www.rfc-editor.org/info/rfc8174,200
rfc8820.xml,https://www.w3.org/TR/2004/REC-webarch-20041215,200
rfc8820.xml,https://www.rfc-editor.org/info/bcp35,200
rfc8820.xml,https://html.spec.whatwg.org/#form-submission,200
rfc8820.xml,https://www.rfc-editor.org/info/rfc1034,200
rfc8820.xml,https://www.rfc-editor.org/info/rfc6570,200
rfc8820.xml,https://www.rfc-editor.org/info/rfc6901,200
rfc8820.xml,https://www.rfc-editor.org/info/rfc6943,200
rfc8820.xml,https://www.rfc-editor.org/info/rfc8288,200
rfc8820.xml,https://www.rfc-editor.org/info/rfc8615,200
rfc9180.xml,https://datatracker.ietf.org/doc/draft-irtf-cfrg-hpke-12,200
rfc9180.xml,https://dx.doi.org/10.17487/rfc9180,200
rfc9180.xml,https://www.rfc-editor.org/info/rfc9180,200
rfc9180.xml,https://trustee.ietf.org/license-info,200
rfc9180.xml,https://www.rfc-editor.org/info/rfc2119,200
rfc9180.xml,https://www.rfc-editor.org/info/rfc5116,200
rfc9180.xml,https://www.rfc-editor.org/info/rfc8017,200
rfc9180.xml,https://www.rfc-editor.org/info/rfc8126,200
rfc9180.xml,https://www.rfc-editor.org/info/rfc8174,200
rfc9180.xml,https://eprint.iacr.org/2020/1499,200
rfc9180.xml,https://eprint.iacr.org/2009/418,200
rfc9180.xml,https://doi.org/10.1007/bfb0024447,200
rfc9180.xml,http://dx.doi.org/10.1007/978-3-030-26948-7_9,200
rfc9180.xml,https://eprint.iacr.org/2001/108,200
rfc9180.xml,https://link.springer.com/content/pdf/10.1007/3-540-44586-2_8.pdf,200
rfc9180.xml,https://doi.org/10.6028/nist.sp.800-38d,200
rfc9180.xml,https://eprint.iacr.org/2006/265,200
rfc9180.xml,https://eprint.iacr.org/2020/243,200
rfc9180.xml,https://doi.org/10.1007/bf00124891,200
rfc9180.xml,https://doi.org/10.6028/nist.sp.800-56ar3,200
rfc9180.xml,https://ieeexplore.ieee.org/abstract/document/5604194/,Connection error: HTTP Error 418: Unknown Code
rfc9180.xml,https://datatracker.ietf.org/doc/html/draft-ietf-mls-protocol-12,200
rfc9180.xml,https://www.ietf.org/archive/id/draft-ietf-mls-protocol-12.txt,200
rfc9180.xml,https://nacl.cr.yp.to/box.html,200
rfc9180.xml,https://doi.org/10.6028/nist.fips.186-4,200
rfc9180.xml,https://www.rfc-editor.org/info/rfc1421,200
rfc9180.xml,https://www.rfc-editor.org/info/rfc5869,200
rfc9180.xml,https://www.rfc-editor.org/info/rfc7748,200
rfc9180.xml,https://www.rfc-editor.org/info/rfc8439,200
rfc9180.xml,https://www.rfc-editor.org/info/rfc8446,200
rfc9180.xml,https://www.rfc-editor.org/info/rfc8467,200
rfc9180.xml,https://www.rfc-editor.org/info/rfc8696,200
rfc9180.xml,https://www.rfc-editor.org/info/rfc8937,200
rfc9180.xml,https://secg.org/sec1-v2.pdf,200
rfc9180.xml,https://doi.org/10.1007/978-3-540-89411-7,200
rfc9180.xml,https://github.com/cfrg/draft-irtf-cfrg-hpke/blob/5f503c564da00b0687b3de75f1dfbdfc4079ad31/test-vectors.json,200
rfc9180.xml,https://datatracker.ietf.org/doc/html/draft-ietf-tls-esni-14,200
rfc9180.xml,https://www.ietf.org/archive/id/draft-ietf-tls-esni-14.txt,200
rfc8987.xml,https://datatracker.ietf.org/doc/draft-ietf-dhc-dhcpv6-pd-relay-requirements-05,200
rfc8987.xml,https://dx.doi.org/10.17487/rfc8987,200
rfc8987.xml,https://www.rfc-editor.org/info/rfc8987,200
rfc8987.xml,https://trustee.ietf.org/license-info,200
rfc8987.xml,https://www.rfc-editor.org/info/rfc2119,200
rfc8987.xml,https://www.rfc-editor.org/info/rfc4443,200
rfc8987.xml,https://www.rfc-editor.org/info/rfc4778,200
rfc8987.xml,https://www.rfc-editor.org/info/rfc5460,200
rfc8987.xml,https://www.rfc-editor.org/info/rfc7653,200
rfc8987.xml,https://www.rfc-editor.org/info/rfc8174,200
rfc8987.xml,https://www.rfc-editor.org/info/rfc8213,200
rfc8987.xml,https://www.rfc-editor.org/info/rfc8415,200
rfc8987.xml,https://www.rfc-editor.org/info/bcp38,200
rfc8987.xml,https://www.rfc-editor.org/info/rfc2827,200
rfc8987.xml,https://www.cablelabs.com/specification/CM-SP-MULPIv3.1,Connection error: HTTP Error 404: Not Found
rfc8987.xml,https://www.broadband-forum.org/download/TR-092.pdf,200
rfc8715.xml,https://datatracker.ietf.org/doc/draft-ietf-iasa2-trust-rationale-03,200
rfc8715.xml,https://dx.doi.org/10.17487/rfc8715,200
rfc8715.xml,https://www.rfc-editor.org/info/rfc8715,200
rfc8715.xml,https://trustee.ietf.org/license-info,200
rfc8715.xml,https://www.rfc-editor.org/info/rfc4071,200
rfc8715.xml,https://www.rfc-editor.org/info/rfc4371,200
rfc8715.xml,https://www.rfc-editor.org/info/rfc7979,200
rfc8715.xml,https://www.rfc-editor.org/info/rfc8711,200
rfc8715.xml,https://www.rfc-editor.org/info/rfc8714,200
rfc8715.xml,https://trustee.ietf.org/founding-documents.html,200
rfc8890.xml,https://datatracker.ietf.org/doc/draft-iab-for-the-users-04,200
rfc8890.xml,https://dx.doi.org/10.17487/rfc8890,200
rfc8890.xml,https://www.rfc-editor.org/info/rfc8890,200
rfc8890.xml,https://trustee.ietf.org/license-info,200
rfc8890.xml,https://www.rfc-editor.org/info/rfc1,200
rfc8890.xml,https://www.rfc-editor.org/info/rfc3724,200
rfc8890.xml,https://www.rfc-editor.org/info/rfc3935,200
rfc8890.xml,https://www.rfc-editor.org/info/rfc6973,200
rfc8890.xml,https://www.rfc-editor.org/info/rfc7230,200
rfc8890.xml,https://www.rfc-editor.org/info/rfc7258,200
rfc8890.xml,https://www.rfc-editor.org/info/rfc7288,200
rfc8890.xml,https://www.rfc-editor.org/info/rfc7624,200
rfc8890.xml,https://www.rfc-editor.org/info/rfc7754,200
rfc8890.xml,https://www.rfc-editor.org/info/rfc8752,200
rfc8890.xml,https://groups.csail.mit.edu/ana/Publications/PubPDFs/Tussle2002.pdf,200
rfc9149.xml,https://datatracker.ietf.org/doc/draft-ietf-tls-ticketrequests-07,200
rfc9149.xml,https://dx.doi.org/10.17487/rfc9149,200
rfc9149.xml,https://www.rfc-editor.org/info/rfc9149,200
rfc9149.xml,https://trustee.ietf.org/license-info,200
rfc9149.xml,https://www.rfc-editor.org/info/rfc2119,200
rfc9149.xml,https://www.rfc-editor.org/info/rfc8174,200
rfc9149.xml,https://www.rfc-editor.org/info/rfc8446,200
rfc9149.xml,https://www.rfc-editor.org/info/rfc8447,200
rfc9149.xml,https://www.rfc-editor.org/info/rfc9147,200
rfc9149.xml,https://www.rfc-editor.org/info/rfc8305,200
rfc9149.xml,https://datatracker.ietf.org/doc/html/draft-ietf-taps-impl-12,200
rfc9390.xml,https://datatracker.ietf.org/doc/draft-ietf-dime-group-signaling-14,200
rfc9390.xml,https://dx.doi.org/10.17487/rfc9390,200
rfc9390.xml,https://www.rfc-editor.org/info/rfc9390,200
rfc9390.xml,https://trustee.ietf.org/license-info,200
rfc9390.xml,https://www.rfc-editor.org/info/rfc2119,200
rfc9390.xml,https://www.rfc-editor.org/info/rfc6733,200
rfc9390.xml,https://www.rfc-editor.org/info/rfc7155,200
rfc9390.xml,https://www.rfc-editor.org/info/rfc8174,200
rfc9059.xml,https://datatracker.ietf.org/doc/draft-ietf-pce-association-bidir-14,200
rfc9059.xml,https://dx.doi.org/10.17487/rfc9059,200
rfc9059.xml,https://www.rfc-editor.org/info/rfc9059,200
rfc9059.xml,https://trustee.ietf.org/license-info,200
rfc9059.xml,https://www.rfc-editor.org/info/rfc2119,200
rfc9059.xml,https://www.rfc-editor.org/info/rfc3209,200
rfc9059.xml,https://www.rfc-editor.org/info/rfc5440,200
rfc9059.xml,https://www.rfc-editor.org/info/rfc7551,200
rfc9059.xml,https://www.rfc-editor.org/info/rfc8126,200
rfc9059.xml,https://www.rfc-editor.org/info/rfc8174,200
rfc9059.xml,https://www.rfc-editor.org/info/rfc8231,200
rfc9059.xml,https://www.rfc-editor.org/info/rfc8253,200
rfc9059.xml,https://www.rfc-editor.org/info/rfc8281,200
rfc9059.xml,https://www.rfc-editor.org/info/rfc8537,200
rfc9059.xml,https://www.rfc-editor.org/info/rfc8697,200
rfc9059.xml,https://tools.ietf.org/html/draft-ietf-pce-sr-bidir-path-05,200
rfc9059.xml,https://www.ietf.org/archive/id/draft-ietf-pce-sr-bidir-path-05.txt,200
rfc9059.xml,https://tools.ietf.org/html/draft-ietf-pce-pcep-yang-16,200
rfc9059.xml,http://www.ietf.org/internet-drafts/draft-ietf-pce-pcep-yang-16.txt,Connection error: HTTP Error 404: Not Found
rfc9059.xml,https://www.rfc-editor.org/info/rfc5654,200
rfc9059.xml,https://www.rfc-editor.org/info/rfc7420,200
rfc9059.xml,https://www.rfc-editor.org/info/rfc8051,200
rfc9059.xml,https://www.rfc-editor.org/info/rfc8408,200
rfc9059.xml,https://tools.ietf.org/html/draft-ietf-pce-pcep-stateful-pce-gmpls-14,200
rfc9059.xml,http://www.ietf.org/internet-drafts/draft-ietf-pce-pcep-stateful-pce-gmpls-14.txt,Connection error: HTTP Error 404: Not Found
rfc9192.xml,https://datatracker.ietf.org/doc/draft-mymb-sfc-nsh-allocation-timestamp-12,200
rfc9192.xml,https://dx.doi.org/10.17487/rfc9192,200
rfc9192.xml,https://www.rfc-editor.org/info/rfc9192,200
rfc9192.xml,https://trustee.ietf.org/license-info,200
rfc9192.xml,https://www.rfc-editor.org/info/rfc2119,200
rfc9192.xml,https://www.rfc-editor.org/info/rfc7665,200
rfc9192.xml,https://www.rfc-editor.org/info/rfc8174,200
rfc9192.xml,https://www.rfc-editor.org/info/rfc8300,200
rfc9192.xml,https://www.rfc-editor.org/info/rfc8877,200
rfc9192.xml,https://ieeexplore.ieee.org/document/7562197,Connection error: HTTP Error 418: Unknown Code
rfc9192.xml,https://standards.ieee.org/standard/1588-2008.html,Connection error: HTTP Error 403: Forbidden
rfc9192.xml,https://datatracker.ietf.org/doc/html/draft-ietf-ippm-ioam-data-17,200
rfc9192.xml,https://datatracker.ietf.org/doc/html/draft-ietf-sfc-nsh-broadband-allocation-01,200
rfc9192.xml,https://datatracker.ietf.org/doc/html/draft-ietf-sfc-nsh-dc-allocation-02,200
rfc9192.xml,https://datatracker.ietf.org/doc/html/draft-ietf-sfc-nsh-tlv-13,200
rfc9192.xml,https://www.rfc-editor.org/info/rfc5905,200
rfc9192.xml,https://www.rfc-editor.org/info/rfc7384,200
rfc9192.xml,https://www.rfc-editor.org/info/rfc8321,200
rfc9192.xml,https://www.rfc-editor.org/info/rfc8592,200
rfc9047.xml,https://datatracker.ietf.org/doc/draft-ietf-bess-evpn-na-flags-09,200
rfc9047.xml,https://dx.doi.org/10.17487/rfc9047,200
rfc9047.xml,https://www.rfc-editor.org/info/rfc9047,200
rfc9047.xml,https://trustee.ietf.org/license-info,200
rfc9047.xml,https://www.rfc-editor.org/info/rfc2119,200
rfc9047.xml,https://www.rfc-editor.org/info/rfc4861,200
rfc9047.xml,https://www.rfc-editor.org/info/rfc7432,200
rfc9047.xml,https://www.rfc-editor.org/info/rfc8174,200
rfc9047.xml,https://tools.ietf.org/html/draft-rbickhart-evpn-ip-mac-proxy-adv-01,200
rfc9047.xml,https://www.ietf.org/archive/id/draft-rbickhart-evpn-ip-mac-proxy-adv-01.txt,200
rfc9047.xml,https://tools.ietf.org/html/draft-ietf-bess-evpn-irb-extended-mobility-05,200
rfc9047.xml,http://www.ietf.org/internet-drafts/draft-ietf-bess-evpn-irb-extended-mobility-05.txt,Connection error: HTTP Error 404: Not Found
rfc9047.xml,https://www.iana.org/assignments/bgp-extended-communities,200
rfc9047.xml,https://www.rfc-editor.org/info/rfc8126,200
rfc9502.xml,https://datatracker.ietf.org/doc/draft-ietf-lsr-ip-flexalgo-16,200
rfc9502.xml,https://dx.doi.org/10.17487/rfc9502,200
rfc9502.xml,https://www.rfc-editor.org/info/rfc9502,200
rfc9502.xml,https://trustee.ietf.org/license-info,200
rfc9502.xml,https://www.rfc-editor.org/info/rfc2119,200
rfc9502.xml,https://www.rfc-editor.org/info/rfc2328,200
rfc9502.xml,https://www.rfc-editor.org/info/rfc4552,200
rfc9502.xml,https://www.rfc-editor.org/info/rfc4915,200
rfc9502.xml,https://www.rfc-editor.org/info/rfc5120,200
rfc9502.xml,https://www.rfc-editor.org/info/rfc5304,200
rfc9502.xml,https://www.rfc-editor.org/info/rfc5305,200
rfc9502.xml,https://www.rfc-editor.org/info/rfc5308,200
rfc9502.xml,https://www.rfc-editor.org/info/rfc5310,200
rfc9502.xml,https://www.rfc-editor.org/info/rfc5340,200
rfc9502.xml,https://www.rfc-editor.org/info/rfc7474,200
rfc9502.xml,https://www.rfc-editor.org/info/rfc7770,200
rfc9502.xml,https://www.rfc-editor.org/info/rfc7981,200
rfc9502.xml,https://www.rfc-editor.org/info/rfc8174,200
rfc9502.xml,https://www.rfc-editor.org/info/rfc8362,200
rfc9502.xml,https://www.rfc-editor.org/info/rfc9350,200
rfc9502.xml,https://www.rfc-editor.org/info/rfc9352,200
rfc9502.xml,https://www.iana.org/assignments/igp-parameters,200
rfc9502.xml,https://www.rfc-editor.org/info/rfc5286,200
rfc9502.xml,https://www.rfc-editor.org/info/rfc7490,200
rfc9502.xml,https://www.rfc-editor.org/info/rfc8126,200
rfc9502.xml,https://www.rfc-editor.org/info/rfc8402,200
rfc9502.xml,https://www.rfc-editor.org/info/rfc8986,200
rfc9387.xml,https://datatracker.ietf.org/doc/draft-ietf-dots-telemetry-use-cases-15,200
rfc9387.xml,https://dx.doi.org/10.17487/rfc9387,200
rfc9387.xml,https://www.rfc-editor.org/info/rfc9387,200
rfc9387.xml,https://trustee.ietf.org/license-info,200
rfc9387.xml,https://www.rfc-editor.org/info/rfc9244,200
rfc9387.xml,https://dl.acm.org/doi/10.1145/3297156.3297272,Connection error: HTTP Error 403: Forbidden
rfc9387.xml,https://datatracker.ietf.org/meeting/108/materials/slides-108-saag-dots-overview-00,200
rfc9387.xml,https://www.rfc-editor.org/info/rfc3413,200
rfc9387.xml,https://www.rfc-editor.org/info/rfc4271,200
rfc9387.xml,https://www.rfc-editor.org/info/rfc7011,200
rfc9387.xml,https://www.rfc-editor.org/info/rfc7149,200
rfc9387.xml,https://www.rfc-editor.org/info/rfc7950,200
rfc9387.xml,https://www.rfc-editor.org/info/rfc8612,200
rfc9387.xml,https://www.rfc-editor.org/info/rfc8783,200
rfc9387.xml,https://www.rfc-editor.org/info/rfc8792,200
rfc9387.xml,https://www.rfc-editor.org/info/rfc8903,200
rfc9387.xml,https://www.rfc-editor.org/info/rfc8955,200
rfc9387.xml,https://www.rfc-editor.org/info/rfc9132,200
rfc9325.xml,https://datatracker.ietf.org/doc/draft-ietf-uta-rfc7525bis-11,200
rfc9325.xml,https://dx.doi.org/10.17487/rfc9325,200
rfc9325.xml,https://www.rfc-editor.org/info/rfc9325,200
rfc9325.xml,https://trustee.ietf.org/license-info,200
rfc9325.xml,https://www.rfc-editor.org/info/rfc2119,200
rfc9325.xml,https://www.rfc-editor.org/info/rfc3766,200
rfc9325.xml,https://www.rfc-editor.org/info/rfc5246,200
rfc9325.xml,https://www.rfc-editor.org/info/rfc5288,200
rfc9325.xml,https://www.rfc-editor.org/info/rfc5746,200
rfc9325.xml,https://www.rfc-editor.org/info/rfc6066,200
rfc9325.xml,https://www.rfc-editor.org/info/rfc6125,200
rfc9325.xml,https://www.rfc-editor.org/info/rfc6176,200
rfc9325.xml,https://www.rfc-editor.org/info/rfc6347,200
rfc9325.xml,https://www.rfc-editor.org/info/rfc6979,200
rfc9325.xml,https://www.rfc-editor.org/info/rfc7301,200
rfc9325.xml,https://www.rfc-editor.org/info/rfc7366,200
rfc9325.xml,https://www.rfc-editor.org/info/rfc7465,200
rfc9325.xml,https://www.rfc-editor.org/info/rfc7627,200
rfc9325.xml,https://www.rfc-editor.org/info/rfc7748,200
rfc9325.xml,https://www.rfc-editor.org/info/rfc8174,200
rfc9325.xml,https://www.rfc-editor.org/info/rfc8422,200
rfc9325.xml,https://www.rfc-editor.org/info/rfc8446,200
rfc9325.xml,https://www.rfc-editor.org/info/rfc8996,200
rfc9325.xml,https://www.rfc-editor.org/info/rfc9147,200
rfc9325.xml,https://www.rfc-editor.org/info/rfc9155,200
rfc9325.xml,https://datatracker.ietf.org/doc/html/draft-irtf-cfrg-aead-limits-05,200
rfc9325.xml,https://www.ietf.org/archive/id/draft-irtf-cfrg-aead-limits-05.txt,200
rfc9325.xml,https://www.usenix.org/conference/usenixsecurity21/presentation/brinkmann,200
rfc9325.xml,https://doi.org/10.1007/3-540-36288-6_16,200
rfc9325.xml,https://eprint.iacr.org/2016/475.pdf,200
rfc9325.xml,https://cabforum.org/documents/,200
rfc9325.xml,https://datatracker.ietf.org/doc/html/draft-irtf-cfrg-det-sigs-with-noise-00,200
rfc9325.xml,https://doi.org/10.1145/3278532.3278543,Connection error: HTTP Error 403: Forbidden
rfc9325.xml,https://doi.org/10.1109/sp.2017.17,Connection error: HTTP Error 418: Unknown Code
rfc9325.xml,https://cve.mitre.org,200
rfc9325.xml,https://doi.org/10.1109/sp.2007.8,Connection error: HTTP Error 418: Unknown Code
rfc9325.xml,https://www.usenix.org/conference/usenixsecurity16/technical-sessions/presentation/aviram,200
rfc9325.xml,https://www.iana.org/assignments/tls-parameters,200
rfc9325.xml,https://datatracker.ietf.org/doc/html/draft-ietf-uta-tls13-iot-profile-05,200
rfc9325.xml,https://www.ietf.org/archive/id/draft-ietf-uta-tls13-iot-profile-05.txt,200
rfc9325.xml,https://doi.org/10.1007/978-3-319-24174-6_21,200
rfc9325.xml,https://csrc.nist.gov/csrc/media/projects/block-cipher-techniques/documents/bcm/comments/800-38-series-drafts/gcm/joux_comments.pdf,200
rfc9325.xml,https://users.ece.cmu.edu/~yoonguk/papers/kim-isca14.pdf,200
rfc9325.xml,https://doi.org/10.1007/978-3-642-14623-7_18,200
rfc9325.xml,https://doi.org/10.14722/ndss.2020.24084,Connection error: HTTP Error 403: Forbidden
rfc9325.xml,https://doi.org/10.1145/2810103.2813707,Connection error: HTTP Error 403: Forbidden
rfc9325.xml,https://doi.org/10.1145/358699.358718,Connection error: HTTP Error 403: Forbidden
rfc9325.xml,https://doi.org/10.6028/NIST.SP.800-56Ar3,200
rfc9325.xml,https://doi.org/10.1007/978-3-642-25385-0_20,200
rfc9325.xml,https://eprint.iacr.org/2017/1014.pdf,200
rfc9325.xml,https://www.us-cert.gov/ncas/alerts/TA14-290A,Connection error: HTTP Error 403: Forbidden
rfc9325.xml,https://www.usenix.org/conference/usenixsecurity21/presentation/merget,200
rfc9325.xml,https://www.rfc-editor.org/info/rfc2026,200
rfc9325.xml,https://www.rfc-editor.org/info/rfc2246,200
rfc9325.xml,https://www.rfc-editor.org/info/rfc3261,200
rfc9325.xml,https://www.rfc-editor.org/info/rfc3602,200
rfc9325.xml,https://www.rfc-editor.org/info/rfc4346,200
rfc9325.xml,https://www.rfc-editor.org/info/rfc4347,200
rfc9325.xml,https://www.rfc-editor.org/info/rfc4949,200
rfc9325.xml,https://www.rfc-editor.org/info/rfc5077,200
rfc9325.xml,https://www.rfc-editor.org/info/rfc5116,200
rfc9325.xml,https://www.rfc-editor.org/info/rfc5280,200
rfc9325.xml,https://www.rfc-editor.org/info/rfc5321,200
rfc9325.xml,https://www.rfc-editor.org/info/rfc6101,200
rfc9325.xml,https://www.rfc-editor.org/info/rfc6120,200
rfc9325.xml,https://www.rfc-editor.org/info/rfc6698,200
rfc9325.xml,https://www.rfc-editor.org/info/rfc6797,200
rfc9325.xml,https://www.rfc-editor.org/info/rfc6960,200
rfc9325.xml,https://www.rfc-editor.org/info/rfc6961,200
rfc9325.xml,https://www.rfc-editor.org/info/rfc7228,200
rfc9325.xml,https://www.rfc-editor.org/info/rfc7435,200
rfc9325.xml,https://www.rfc-editor.org/info/rfc7457,200
rfc9325.xml,https://www.rfc-editor.org/info/rfc7507,200
rfc9325.xml,https://www.rfc-editor.org/info/rfc7525,200
rfc9325.xml,https://www.rfc-editor.org/info/rfc7568,200
rfc9325.xml,https://www.rfc-editor.org/info/rfc7590,200
rfc9325.xml,https://www.rfc-editor.org/info/rfc7633,200
rfc9325.xml,https://www.rfc-editor.org/info/rfc7672,200
rfc9325.xml,https://www.rfc-editor.org/info/rfc7673,200
rfc9325.xml,https://www.rfc-editor.org/info/rfc7712,200
rfc9325.xml,https://www.rfc-editor.org/info/rfc7919,200
rfc9325.xml,https://www.rfc-editor.org/info/rfc7924,200
rfc9325.xml,https://www.rfc-editor.org/info/rfc7925,200
rfc9325.xml,https://www.rfc-editor.org/info/rfc8452,200
rfc9325.xml,https://www.rfc-editor.org/info/rfc8461,200
rfc9325.xml,https://www.rfc-editor.org/info/rfc8470,200
rfc9325.xml,https://www.rfc-editor.org/info/rfc8879,200
rfc9325.xml,https://www.rfc-editor.org/info/rfc9000,200
rfc9325.xml,https://www.rfc-editor.org/info/rfc9001,200
rfc9325.xml,https://www.rfc-editor.org/info/rfc9051,200
rfc9325.xml,https://www.rfc-editor.org/info/rfc9110,200
rfc9325.xml,https://www.rfc-editor.org/info/rfc9112,200
rfc9325.xml,https://www.rfc-editor.org/info/rfc9113,200
rfc9325.xml,https://www.rfc-editor.org/info/rfc9162,200
rfc9325.xml,https://www.rfc-editor.org/info/rfc9191,200
rfc9325.xml,https://safecurves.cr.yp.to,200
rfc9325.xml,https://doi.org/10.2139/ssrn.1591033,Connection error: HTTP Error 403: Forbidden
rfc9325.xml,https://doi.org/10.1145/2987443.2987480,Connection error: HTTP Error 403: Forbidden
rfc9325.xml,https://www.rfc-editor.org/info/std53,200
rfc9325.xml,https://www.rfc-editor.org/info/rfc1939,200
rfc9325.xml,https://doi.org/10.1145/3274694.3274708,Connection error: HTTP Error 403: Forbidden
rfc9325.xml,https://datatracker.ietf.org/doc/html/draft-ietf-tls-esni-15,200
rfc9325.xml,https://www.ietf.org/archive/id/draft-ietf-tls-esni-15.txt,200
rfc9325.xml,https://doi.org/10.1109/sp.2014.14,Connection error: HTTP Error 418: Unknown Code
rfc9325.xml,https://cs.tau.ac.il/~tromer/papers/twirl.pdf,200
rfc9399.xml,https://datatracker.ietf.org/doc/draft-ietf-lamps-rfc3709bis-10,200
rfc9399.xml,https://dx.doi.org/10.17487/rfc9399,200
rfc9399.xml,https://www.rfc-editor.org/info/rfc9399,200
rfc9399.xml,https://trustee.ietf.org/license-info,200
rfc9399.xml,https://www.w3.org/Graphics/GIF/spec-gif89a.txt,200
rfc9399.xml,https://www.itu.int/rec/T-REC-X.680,200
rfc9399.xml,https://www.rfc-editor.org/info/rfc1952,200
rfc9399.xml,https://www.rfc-editor.org/info/rfc2046,200
rfc9399.xml,https://www.rfc-editor.org/info/rfc2119,200
rfc9399.xml,https://www.rfc-editor.org/info/rfc2397,200
rfc9399.xml,https://www.rfc-editor.org/info/rfc3003,200
rfc9399.xml,https://www.rfc-editor.org/info/rfc3986,200
rfc9399.xml,https://www.rfc-editor.org/info/rfc5234,200
rfc9399.xml,https://www.rfc-editor.org/info/rfc5280,200
rfc9399.xml,https://www.rfc-editor.org/info/rfc5646,200
rfc9399.xml,https://www.rfc-editor.org/info/rfc5755,200
rfc9399.xml,https://www.rfc-editor.org/info/rfc8174,200
rfc9399.xml,https://www.rfc-editor.org/info/rfc8446,200
rfc9399.xml,https://www.rfc-editor.org/info/rfc9110,200
rfc9399.xml,http://www.w3.org/TR/2008/REC-SVGTiny12-20081222/,200
rfc9399.xml,https://www.itu.int/rec/T-REC-X.208/en,200
rfc9399.xml,https://www.iana.org/assignments/media-types/image/png,200
rfc9399.xml,https://www.rfc-editor.org/info/rfc3709,200
rfc9399.xml,https://www.rfc-editor.org/info/rfc5912,200
rfc9399.xml,https://www.rfc-editor.org/info/rfc6151,200
rfc9399.xml,https://www.rfc-editor.org/info/rfc6170,200
rfc9399.xml,https://www.rfc-editor.org/info/rfc6268,200
rfc9399.xml,https://www.rfc-editor.org/info/rfc7858,200
rfc9399.xml,https://www.rfc-editor.org/info/rfc8118,200
rfc9399.xml,https://www.rfc-editor.org/info/rfc9162,200
rfc9399.xml,https://www.rfc-editor.org/info/rfc9216,200
rfc9399.xml,https://www.rfc-editor.org/info/rfc9230,200
rfc9399.xml,https://www.iana.org/assignments/media-types/image/svg+xml,200
rfc9399.xml,https://github.com/w3c/svgwg/issues/701,200
rfc9213.xml,https://datatracker.ietf.org/doc/draft-ietf-httpbis-targeted-cache-control-04,200
rfc9213.xml,https://dx.doi.org/10.17487/rfc9213,200
rfc9213.xml,https://www.rfc-editor.org/info/rfc9213,200
rfc9213.xml,https://trustee.ietf.org/license-info,200
rfc9213.xml,https://www.iana.org/assignments/http-fields/,200
rfc9213.xml,https://www.rfc-editor.org/info/rfc9110,200
rfc9213.xml,https://www.rfc-editor.org/info/rfc9111,200
rfc9213.xml,https://www.rfc-editor.org/info/rfc2119,200
rfc9213.xml,https://www.rfc-editor.org/info/rfc8174,200
rfc9213.xml,https://www.rfc-editor.org/info/rfc8941,200
rfc9213.xml,https://dl.acm.org/doi/10.5555/1251440.1251447,Connection error: HTTP Error 403: Forbidden
rfc9654.xml,https://datatracker.ietf.org/doc/draft-ietf-lamps-ocsp-nonce-update-11,200
rfc9654.xml,https://dx.doi.org/10.17487/rfc9654,200
rfc9654.xml,https://www.rfc-editor.org/info/rfc9654,200
rfc9654.xml,https://trustee.ietf.org/license-info,200
rfc9654.xml,https://www.rfc-editor.org/info/rfc2119,200
rfc9654.xml,https://www.rfc-editor.org/info/rfc4086,200
rfc9654.xml,https://www.rfc-editor.org/info/rfc5019,200
rfc9654.xml,https://www.rfc-editor.org/info/rfc5280,200
rfc9654.xml,https://www.rfc-editor.org/info/rfc6960,200
rfc9654.xml,https://www.rfc-editor.org/info/rfc8174,200
rfc9654.xml,https://www.rfc-editor.org/info/rfc8954,200
rfc9654.xml,https://www.rfc-editor.org/errata/eid5891,200
rfc9654.xml,https://www.rfc-editor.org/info/rfc5912,200
rfc9580.xml,https://datatracker.ietf.org/doc/draft-ietf-openpgp-crypto-refresh-13,200
rfc9580.xml,https://dx.doi.org/10.17487/rfc9580,200
rfc9580.xml,https://www.rfc-editor.org/info/rfc9580,200
rfc9580.xml,https://trustee.ietf.org/license-info,200
rfc9580.xml,https://www.iana.org/assignments/pgp-parameters,200
rfc9580.xml,https://nvlpubs.nist.gov/nistpubs/FIPS/NIST.FIPS.197-upd1.pdf,200
rfc9580.xml,https://www.schneier.com/academic/archives/1994/09/description_of_a_new.html,200
rfc9580.xml,https://sourceware.org/bzip2/,200
rfc9580.xml,https://seclab.cs.ucdavis.edu/papers/eax.pdf,200
rfc9580.xml,https://doi.org/10.1109/TIT.1985.1057074,Connection error: HTTP Error 418: Unknown Code
rfc9580.xml,https://nvlpubs.nist.gov/nistpubs/fips/nist.fips.180-4.pdf,200
rfc9580.xml,https://nvlpubs.nist.gov/nistpubs/FIPS/NIST.FIPS.186-5.pdf,200
rfc9580.xml,https://nvlpubs.nist.gov/nistpubs/fips/nist.fips.202.pdf,200
rfc9580.xml,https://link.springer.com/chapter/10.1007/3-540-46877-3_35,200
rfc9580.xml,https://www.iso.org/standard/76835.html,200
rfc9580.xml,https://www.itu.int/rec/T-REC-T.871-201105-I,200
rfc9580.xml,https://www.rfc-editor.org/info/rfc1321,200
rfc9580.xml,https://www.rfc-editor.org/info/rfc1950,200
rfc9580.xml,https://www.rfc-editor.org/info/rfc1951,200
rfc9580.xml,https://www.rfc-editor.org/info/rfc2119,200
rfc9580.xml,https://www.rfc-editor.org/info/rfc2144,200
rfc9580.xml,https://www.rfc-editor.org/info/rfc2822,200
rfc9580.xml,https://www.rfc-editor.org/info/rfc3156,200
rfc9580.xml,https://www.rfc-editor.org/info/rfc3394,200
rfc9580.xml,https://www.rfc-editor.org/info/rfc3629,200
rfc9580.xml,https://www.rfc-editor.org/info/rfc3713,200
rfc9580.xml,https://www.rfc-editor.org/info/rfc4086,200
rfc9580.xml,https://www.rfc-editor.org/info/rfc4648,200
rfc9580.xml,https://www.rfc-editor.org/info/rfc5322,200
rfc9580.xml,https://www.rfc-editor.org/info/rfc6234,200
rfc9580.xml,https://www.rfc-editor.org/info/rfc7253,200
rfc9580.xml,https://www.rfc-editor.org/info/rfc7748,200
rfc9580.xml,https://www.rfc-editor.org/info/rfc8017,200
rfc9580.xml,https://www.rfc-editor.org/info/rfc8018,200
rfc9580.xml,https://www.rfc-editor.org/info/rfc8032,200
rfc9580.xml,https://www.rfc-editor.org/info/rfc8126,200
rfc9580.xml,https://www.rfc-editor.org/info/rfc8174,200
rfc9580.xml,https://www.rfc-editor.org/info/rfc9106,200
rfc9580.xml,https://nvlpubs.nist.gov/nistpubs/legacy/sp/nistspecialpublication800-38a.pdf,200
rfc9580.xml,https://nvlpubs.nist.gov/nistpubs/legacy/sp/nistspecialpublication800-38d.pdf,200
rfc9580.xml,https://nvlpubs.nist.gov/nistpubs/SpecialPublications/          nist.sp.800-56Ar3.pdf,Connection error: URL can't contain control characters. '/nistpubs/SpecialPublications/          nist.sp.800-56Ar3.pdf' (found at least ' ')
rfc9580.xml,https://nvlpubs.nist.gov/nistpubs/SpecialPublications/NIST.SP.800-67r2.pdf,200
rfc9580.xml,https://www.schneier.com/wp-content/uploads/2016/02/paper-twofish-paper.pdf,200
rfc9580.xml,http://archiv.infsec.ethz.ch/education/fs08/secsem/Bleichenbacher98.pdf,200
rfc9580.xml,https://www.iso.org/standard/74528.html,200
rfc9580.xml,https://doi.org/10.1145/2976749.2978395,Connection error: HTTP Error 403: Forbidden
rfc9580.xml,https://www.usenix.org/system/files/conference/usenixsecurity18/sec18-poddebniak.pdf,200
rfc9580.xml,https://www.rfc-editor.org/errata/eid2199,200
rfc9580.xml,https://www.rfc-editor.org/errata/eid2200,200
rfc9580.xml,https://www.rfc-editor.org/errata/eid2206,200
rfc9580.xml,https://www.rfc-editor.org/errata/eid2208,200
rfc9580.xml,https://www.rfc-editor.org/errata/eid2214,200
rfc9580.xml,https://www.rfc-editor.org/errata/eid2216,200
rfc9580.xml,https://www.rfc-editor.org/errata/eid2219,200
rfc9580.xml,https://www.rfc-editor.org/errata/eid2222,200
rfc9580.xml,https://www.rfc-editor.org/errata/eid2226,200
rfc9580.xml,https://www.rfc-editor.org/errata/eid2234,200
rfc9580.xml,https://www.rfc-editor.org/errata/eid2235,200
rfc9580.xml,https://www.rfc-editor.org/errata/eid2236,200
rfc9580.xml,https://www.rfc-editor.org/errata/eid2238,200
rfc9580.xml,https://www.rfc-editor.org/errata/eid2240,200
rfc9580.xml,https://www.rfc-editor.org/errata/eid2242,200
rfc9580.xml,https://www.rfc-editor.org/errata/eid2243,200
rfc9580.xml,https://www.rfc-editor.org/errata/eid2270,200
rfc9580.xml,https://www.rfc-editor.org/errata/eid2271,200
rfc9580.xml,https://www.rfc-editor.org/errata/eid3298,200
rfc9580.xml,https://www.rfc-editor.org/errata/eid5491,200
rfc9580.xml,https://www.rfc-editor.org/errata/eid7545,200
rfc9580.xml,https://www.rfc-editor.org/errata/eid7889,200
rfc9580.xml,https://doi.org/10.1137/0217019,Connection error: HTTP Error 403: Forbidden
rfc9580.xml,https://www.schneier.com/academic/archives/2002/01/implementation_of_ch.html,200
rfc9580.xml,https://doi.org/10.2307/3618498,200
rfc9580.xml,https://dl.acm.org/doi/10.1145/3548606.3559363,Connection error: HTTP Error 403: Forbidden
rfc9580.xml,https://eprint.iacr.org/2002/076,200
rfc9580.xml,https://doi.org/10.1007/978-3-319-16715-2_12,200
rfc9580.xml,http://eprint.iacr.org/2005/033,200
rfc9580.xml,https://gnupg.org/ftp/specs/OpenPGP-smart-card-application-3.4.1.pdf,200
rfc9580.xml,https://pubs.opengroup.org/onlinepubs/9699919799/utilities/pax.html,200
rfc9580.xml,https://eprint.iacr.org/2017/1014,200
rfc9580.xml,https://garyhouston.github.io/regex/,200
rfc9580.xml,https://www.rfc-editor.org/info/rfc1991,200
rfc9580.xml,https://www.rfc-editor.org/info/rfc2440,200
rfc9580.xml,https://www.rfc-editor.org/info/rfc2978,200
rfc9580.xml,https://www.rfc-editor.org/info/rfc4880,200
rfc9580.xml,https://www.rfc-editor.org/info/rfc5581,200
rfc9580.xml,https://www.rfc-editor.org/info/rfc5639,200
rfc9580.xml,https://www.rfc-editor.org/info/rfc5869,200
rfc9580.xml,https://www.rfc-editor.org/info/rfc6090,200
rfc9580.xml,https://www.rfc-editor.org/info/rfc6637,200
rfc9580.xml,https://www.secg.org/sec1-v2.pdf,200
rfc9580.xml,https://github.com/cr-marcstevens/sha1collisiondetection,200
rfc9580.xml,https://dl.acm.org/doi/abs/10.5555/3489212.3489316/,Connection error: HTTP Error 403: Forbidden
rfc9580.xml,https://nvlpubs.nist.gov/nistpubs/SpecialPublications/NIST.SP.800-131Ar2.pdf,200
rfc9580.xml,https://nvlpubs.nist.gov/nistpubs/SpecialPublications/NIST.SP.800-57pt1r5.pdf,200
rfc9580.xml,https://eprint.iacr.org/2013/358,200
rfc9580.xml,https://www.gnu.org/software/diffutils/manual/html_node/Detailed-Unified.html,Connection error: <urlopen error [Errno 101] Network is unreachable>
rfc9580.xml,https://www.usenix.org/system/files/conference/usenixsecurity16/sec16_paper_dechand.pdf,200
rfc8849.xml,https://datatracker.ietf.org/doc/draft-ietf-clue-rtp-mapping-14,200
rfc8849.xml,https://dx.doi.org/10.17487/rfc8849,200
rfc8849.xml,https://www.rfc-editor.org/info/rfc8849,200
rfc8849.xml,https://trustee.ietf.org/license-info,200
rfc8849.xml,https://www.rfc-editor.org/info/rfc2119,200
rfc8849.xml,https://www.rfc-editor.org/info/rfc3711,200
rfc8849.xml,https://www.rfc-editor.org/info/rfc5763,200
rfc8849.xml,https://www.rfc-editor.org/info/rfc5764,200
rfc8849.xml,https://www.rfc-editor.org/info/rfc6347,200
rfc8849.xml,https://www.rfc-editor.org/info/rfc6904,200
rfc8849.xml,https://www.rfc-editor.org/info/rfc7941,200
rfc8849.xml,https://www.rfc-editor.org/info/rfc8174,200
rfc8849.xml,https://www.rfc-editor.org/info/rfc8843,200
rfc8849.xml,https://www.rfc-editor.org/info/rfc8845,200
rfc8849.xml,http://www.rfc-editor.org/info/rfc8846,200
rfc8849.xml,https://nvlpubs.nist.gov/nistpubs/FIPS/NIST.FIPS.186-4.pdf,200
rfc8849.xml,https://www.rfc-editor.org/info/rfc3264,200
rfc8849.xml,https://www.rfc-editor.org/info/rfc3550,200
rfc8849.xml,https://www.rfc-editor.org/info/rfc3556,200
rfc8849.xml,https://www.rfc-editor.org/info/rfc4566,200
rfc8849.xml,https://www.rfc-editor.org/info/rfc4575,200
rfc8849.xml,https://www.rfc-editor.org/info/rfc4585,200
rfc8849.xml,https://www.rfc-editor.org/info/rfc4796,200
rfc8849.xml,https://www.rfc-editor.org/info/rfc5124,200
rfc8849.xml,https://www.rfc-editor.org/info/rfc5506,200
rfc8849.xml,https://www.rfc-editor.org/info/rfc6562,200
rfc8849.xml,https://www.rfc-editor.org/info/rfc7022,200
rfc8849.xml,https://www.rfc-editor.org/info/rfc7201,200
rfc8849.xml,https://www.rfc-editor.org/info/rfc7202,200
rfc8849.xml,https://www.rfc-editor.org/info/rfc7205,200
rfc8849.xml,https://www.rfc-editor.org/info/rfc7667,200
rfc8849.xml,https://www.rfc-editor.org/info/rfc8108,200
rfc8849.xml,https://www.rfc-editor.org/info/rfc8285,200
rfc8849.xml,https://www.rfc-editor.org/info/rfc8848,200
rfc9451.xml,https://datatracker.ietf.org/doc/draft-ietf-sfc-oam-packet-03,200
rfc9451.xml,https://dx.doi.org/10.17487/rfc9451,200
rfc9451.xml,https://www.rfc-editor.org/info/rfc9451,200
rfc9451.xml,https://trustee.ietf.org/license-info,200
rfc9451.xml,https://www.rfc-editor.org/info/rfc2119,200
rfc9451.xml,https://www.rfc-editor.org/info/rfc8174,200
rfc9451.xml,https://www.rfc-editor.org/info/rfc8300,200
rfc9451.xml,https://www.rfc-editor.org/info/rfc9145,200
rfc9451.xml,https://www.rfc-editor.org/info/rfc6291,200
rfc9451.xml,https://www.rfc-editor.org/info/rfc7276,200
rfc9451.xml,https://www.rfc-editor.org/info/rfc7665,200
rfc9451.xml,https://www.rfc-editor.org/info/rfc8924,200
rfc9451.xml,https://www.rfc-editor.org/info/rfc8979,200
rfc9451.xml,https://www.rfc-editor.org/info/rfc9263,200
rfc9564.xml,https://datatracker.ietf.org/doc/draft-blanchet-flip-01,200
rfc9564.xml,https://dx.doi.org/10.17487/rfc9564,200
rfc9564.xml,https://www.rfc-editor.org/info/rfc9564,200
rfc9564.xml,https://trustee.ietf.org/license-info,200
rfc9564.xml,https://en.wikipedia.org/w/index.php?title=ChatGPT&oldid=1214732037,200
rfc9564.xml,https://www.iana.org/assignments/protocol-numbers/,200
rfc9564.xml,https://www.iana.org/assignments/service-names-port-numbers/,200
rfc9564.xml,https://datatracker.ietf.org/doc/html/draft-many-deepspace-ip-assessment-01,200
rfc9564.xml,https://www.rfc-editor.org/info/rfc6234,200
rfc9564.xml,https://www.rfc-editor.org/info/rfc6709,200
rfc8755.xml,https://datatracker.ietf.org/doc/draft-jenkins-cnsa-smime-profile-03,200
rfc8755.xml,https://dx.doi.org/10.17487/rfc8755,200
rfc8755.xml,https://www.rfc-editor.org/info/rfc8755,200
rfc8755.xml,https://trustee.ietf.org/license-info,200
rfc8755.xml,https://www.cnss.gov/CNSS/Issuances/Policies.cfm,Connection error: <urlopen error [SSL: CERTIFICATE_VERIFY_FAILED] certificate verify failed: self-signed certificate in certificate chain (_ssl.c:1006)>
rfc8755.xml,https://csrc.nist.gov/publications/detail/fips/180/4/final,200
rfc8755.xml,https://csrc.nist.gov/publications/detail/fips/186/4/final,200
rfc8755.xml,https://csrc.nist.gov/publications/detail/fips/197/final,200
rfc8755.xml,https://www.rfc-editor.org/info/rfc2119,200
rfc8755.xml,https://www.rfc-editor.org/info/rfc2631,200
rfc8755.xml,https://www.rfc-editor.org/info/rfc3370,200
rfc8755.xml,https://www.rfc-editor.org/info/rfc3560,200
rfc8755.xml,https://www.rfc-editor.org/info/rfc3565,200
rfc8755.xml,https://www.rfc-editor.org/info/rfc4055,200
rfc8755.xml,https://www.rfc-editor.org/info/rfc4056,200
rfc8755.xml,https://www.rfc-editor.org/info/rfc5083,200
rfc8755.xml,https://www.rfc-editor.org/info/rfc5084,200
rfc8755.xml,https://www.rfc-editor.org/info/rfc5480,200
rfc8755.xml,https://www.rfc-editor.org/info/rfc5649,200
rfc8755.xml,https://www.rfc-editor.org/info/rfc5652,200
rfc8755.xml,https://www.rfc-editor.org/info/rfc5753,200
rfc8755.xml,https://www.rfc-editor.org/info/rfc5754,200
rfc8755.xml,https://www.rfc-editor.org/info/rfc8017,200
rfc8755.xml,https://www.rfc-editor.org/info/rfc8174,200
rfc8755.xml,https://www.rfc-editor.org/info/rfc8551,200
rfc8755.xml,https://www.rfc-editor.org/info/rfc8603,200
rfc8755.xml,https://www.secg.org/sec1-v2.pdf,200
rfc8755.xml,https://csrc.nist.gov/publications/detail/sp/800-38a/final,200
rfc8755.xml,https://csrc.nist.gov/publications/detail/sp/800-38d/final,200
rfc8755.xml,https://csrc.nist.gov/publications/detail/sp/800-38f/final,200
rfc8755.xml,https://www.itu.int/rec/T-REC-X.208-198811-W/en,200
rfc8755.xml,https://www.itu.int/rec/T-REC-X.209-198811-W/en,200
rfc8755.xml,https://www.itu.int/rec/T-REC-X.509-198811-S,200
rfc8755.xml,https://www.rfc-editor.org/info/rfc4086,200
rfc8755.xml,https://csrc.nist.gov/publications/detail/sp/800-59/final,200
rfc8667.xml,https://datatracker.ietf.org/doc/draft-ietf-pce-segment-routing-16,200
rfc8667.xml,https://dx.doi.org/10.17487/rfc8667,200
rfc8667.xml,https://www.rfc-editor.org/info/rfc8667,200
rfc8667.xml,https://trustee.ietf.org/license-info,200
rfc8667.xml,https://www.rfc-editor.org/info/rfc2119,200
rfc8667.xml,https://www.rfc-editor.org/info/rfc3031,200
rfc8667.xml,https://www.rfc-editor.org/info/rfc5120,200
rfc8667.xml,https://www.rfc-editor.org/info/rfc5304,200
rfc8667.xml,https://www.rfc-editor.org/info/rfc5310,200
rfc8667.xml,https://www.rfc-editor.org/info/rfc7794,200
rfc8667.xml,https://www.rfc-editor.org/info/rfc7981,200
rfc8667.xml,https://www.rfc-editor.org/info/rfc8174,200
rfc8667.xml,https://www.rfc-editor.org/info/rfc8402,200
rfc8667.xml,https://www.rfc-editor.org/info/rfc8660,200
rfc8667.xml,https://www.rfc-editor.org/info/rfc8661,200
rfc8667.xml,https://www.rfc-editor.org/info/rfc8665,200
rfc8667.xml,https://www.rfc-editor.org/info/rfc5305,200
rfc8667.xml,https://www.rfc-editor.org/info/rfc5308,200
rfc8667.xml,https://www.rfc-editor.org/info/rfc5311,200
rfc8667.xml,https://www.rfc-editor.org/info/rfc5316,200
rfc8667.xml,https://www.rfc-editor.org/info/rfc7855,200
rfc8667.xml,https://www.rfc-editor.org/info/rfc8126,200
rfc9671.xml,https://datatracker.ietf.org/doc/draft-ietf-extra-processimip-09,200
rfc9671.xml,https://dx.doi.org/10.17487/rfc9671,200
rfc9671.xml,https://www.rfc-editor.org/info/rfc9671,200
rfc9671.xml,https://trustee.ietf.org/license-info,200
rfc9671.xml,https://www.iana.org/assignments/sieve-extensions,200
rfc9671.xml,https://www.iana.org/assignments/sieve-extensions,200
rfc9671.xml,https://standards.calconnect.org/csd/cc-18003.html,Connection error: HTTP Error 404: Not Found
rfc9671.xml,https://www.rfc-editor.org/info/rfc2119,200
rfc9671.xml,https://www.rfc-editor.org/info/rfc5228,200
rfc9671.xml,https://www.rfc-editor.org/info/rfc5229,200
rfc9671.xml,https://www.rfc-editor.org/info/rfc6047,200
rfc9671.xml,https://www.rfc-editor.org/info/rfc6134,200
rfc9671.xml,https://www.rfc-editor.org/info/rfc8174,200
rfc9671.xml,https://www.rfc-editor.org/info/rfc9122,200
rfc9671.xml,https://www.rfc-editor.org/info/rfc2045,200
rfc9671.xml,https://www.rfc-editor.org/info/rfc5235,200
rfc9671.xml,https://www.rfc-editor.org/info/rfc5429,200
rfc9671.xml,https://www.rfc-editor.org/info/rfc5545,200
rfc9671.xml,https://www.rfc-editor.org/info/rfc5546,200
rfc9671.xml,https://www.rfc-editor.org/info/rfc6376,200
rfc9671.xml,https://www.rfc-editor.org/info/rfc7208,200
rfc9671.xml,https://www.rfc-editor.org/info/rfc7489,200
rfc9671.xml,https://www.rfc-editor.org/info/rfc8551,200
rfc9671.xml,https://www.rfc-editor.org/info/rfc8984,200
rfc9189.xml,https://datatracker.ietf.org/doc/draft-smyshlyaev-tls12-gost-suites-18,200
rfc9189.xml,https://dx.doi.org/10.17487/rfc9189,200
rfc9189.xml,https://www.rfc-editor.org/info/rfc9189,200
rfc9189.xml,https://trustee.ietf.org/license-info,200
rfc9189.xml,https://www.rfc-editor.org/info/rfc2119,200
rfc9189.xml,https://www.rfc-editor.org/info/rfc4357,200
rfc9189.xml,https://www.rfc-editor.org/info/rfc4490,200
rfc9189.xml,https://www.rfc-editor.org/info/rfc5246,200
rfc9189.xml,https://www.rfc-editor.org/info/rfc5746,200
rfc9189.xml,https://www.rfc-editor.org/info/rfc5830,200
rfc9189.xml,https://www.rfc-editor.org/info/rfc6986,200
rfc9189.xml,https://www.rfc-editor.org/info/rfc7091,200
rfc9189.xml,https://www.rfc-editor.org/info/rfc7366,200
rfc9189.xml,https://www.rfc-editor.org/info/rfc7627,200
rfc9189.xml,https://www.rfc-editor.org/info/rfc7801,200
rfc9189.xml,https://www.rfc-editor.org/info/rfc7836,200
rfc9189.xml,https://www.rfc-editor.org/info/rfc7919,200
rfc9189.xml,https://www.rfc-editor.org/info/rfc8174,200
rfc9189.xml,https://www.rfc-editor.org/info/rfc8422,200
rfc9189.xml,https://www.rfc-editor.org/info/rfc8446,200
rfc9189.xml,https://www.rfc-editor.org/info/rfc8645,200
rfc9189.xml,https://www.rfc-editor.org/info/rfc8891,200
rfc9189.xml,https://www.nist.gov/publications/recommendation-block-cipher-modes-operation-cmac-mode-authentication-0,200
rfc9189.xml,https://datatracker.ietf.org/doc/html/draft-smyshlyaev-tls13-gost-suites-05,200
rfc9189.xml,https://www.ietf.org/archive/id/draft-smyshlyaev-tls13-gost-suites-05.txt,200
rfc9189.xml,https://doi.org/10.1007/978-3-540-39887-5_11,200
rfc9189.xml,https://csrc.nist.gov/publications/detail/sp/800-38a/final,200
rfc9189.xml,https://datatracker.ietf.org/doc/html/draft-ietf-tls-rfc8446bis-04,200
rfc9189.xml,https://www.ietf.org/archive/id/draft-ietf-tls-rfc8446bis-04.txt,200
rfc9591.xml,https://datatracker.ietf.org/doc/draft-irtf-cfrg-frost-15,200
rfc9591.xml,https://dx.doi.org/10.17487/rfc9591,200
rfc9591.xml,https://www.rfc-editor.org/info/rfc9591,200
rfc9591.xml,https://trustee.ietf.org/license-info,200
rfc9591.xml,https://www.rfc-editor.org/info/rfc9380,200
rfc9591.xml,https://www.rfc-editor.org/info/rfc2119,200
rfc9591.xml,https://www.rfc-editor.org/info/rfc8032,200
rfc9591.xml,https://www.rfc-editor.org/info/rfc8174,200
rfc9591.xml,https://www.rfc-editor.org/info/rfc9496,200
rfc9591.xml,https://secg.org/sec1-v2.pdf,200
rfc9591.xml,https://secg.org/sec2-v2.pdf,200
rfc9591.xml,https://doi.org/10.1109/sfcs.1987.4,Connection error: HTTP Error 418: Unknown Code
rfc9591.xml,https://eprint.iacr.org/2020/852.pdf,200
rfc9591.xml,https://zfnd.org/speeding-up-frost-with-multi-scalar-multiplication/,200
rfc9591.xml,https://eprint.iacr.org/2022/1164.pdf,200
rfc9591.xml,https://www.rfc-editor.org/info/rfc4086,200
rfc9591.xml,https://www.rfc-editor.org/info/rfc7748,200
rfc9591.xml,https://eprint.iacr.org/2022/550,200
rfc9591.xml,https://doi.org/10.1145/359168.359176,Connection error: HTTP Error 403: Forbidden
rfc9591.xml,https://crypto.iacr.org/2022/papers/538806_1_En_18_Chapter_OnlinePDF.pdf,200
rfc9591.xml,https://www.rfc-editor.org/info/rfc8446,200
rfc9523.xml,https://datatracker.ietf.org/doc/draft-ietf-ntp-chronos-25,200
rfc9523.xml,https://dx.doi.org/10.17487/rfc9523,200
rfc9523.xml,https://www.rfc-editor.org/info/rfc9523,200
rfc9523.xml,https://trustee.ietf.org/license-info,200
rfc9523.xml,https://www.rfc-editor.org/info/rfc5905,200
rfc9523.xml,https://www.rfc-editor.org/info/rfc7384,200
rfc9523.xml,https://www.rfc-editor.org/info/rfc8033,200
rfc9523.xml,https://www.rfc-editor.org/info/rfc8915,200
rfc9523.xml,https://www.ndss-symposium.org/wp-content/uploads/ndss2021_1A-2_24302_paper.pdf,Connection error: HTTP Error 403: Forbidden
rfc9523.xml,https://www.ndss-symposium.org/wp-content/uploads/2018/02/ndss2018_02A-2_Deutsch_paper.pdf,Connection error: HTTP Error 403: Forbidden
rfc8763.xml,https://datatracker.ietf.org/doc/draft-irtf-icnrg-deployment-guidelines-07,200
rfc8763.xml,https://dx.doi.org/10.17487/rfc8763,200
rfc8763.xml,https://www.rfc-editor.org/info/rfc8763,200
rfc8763.xml,https://trustee.ietf.org/license-info,200
rfc8763.xml,http://boris.unibe.ch/83683/1/16anastasiades_c.pdf,200
rfc8763.xml,http://conferences2.sigcomm.org/acm-icn/2014/papers/p77.pdf,200
rfc8763.xml,https://tools.ietf.org/html/draft-ietf-bier-multicast-http-response-03,200
rfc8763.xml,http://www.ietf.org/internet-drafts/draft-ietf-bier-multicast-http-response-03.txt,Connection error: HTTP Error 404: Not Found
rfc8763.xml,https://www.ietf.org/proceedings/interim-2015-icnrg-04/slides/slides-interim-2015-icnrg-4-5.pdf,200
rfc8763.xml,https://doi.org/10.1109/HOTICN.2018.8605980,Connection error: HTTP Error 418: Unknown Code
rfc8763.xml,https://wiki.fd.io/view/Cicn,200
rfc8763.xml,https://tools.ietf.org/html/draft-irtf-icnrg-ccninfo-04,200
rfc8763.xml,http://www.ietf.org/internet-drafts/draft-irtf-icnrg-ccninfo-04.txt,Connection error: HTTP Error 404: Not Found
rfc8763.xml,http://netgroup.uniroma2.it/Stefano_Salsano/papers/salsano-icc12-wshop-sdn.pdf,200
rfc8763.xml,https://doi.org/10.1109/MCOM.2015.7060502,Connection error: HTTP Error 418: Unknown Code
rfc8763.xml,https://doi.org/10.1109/MNET.2014.6963806,Connection error: HTTP Error 418: Unknown Code
rfc8763.xml,https://ieeexplore.ieee.org/document/6799480,Connection error: HTTP Error 418: Unknown Code
rfc8763.xml,https://tools.ietf.org/html/draft-mendes-icnrg-dabber-04,200
rfc8763.xml,http://www.ietf.org/internet-drafts/draft-mendes-icnrg-dabber-04.txt,Connection error: HTTP Error 404: Not Found
rfc8763.xml,http://www.ietf.org/internet-drafts/draft-mendes-icnrg-dabber-04.pdf,Connection error: HTTP Error 404: Not Found
rfc8763.xml,http://dashif.org/,200
rfc8763.xml,http://www.doctor-project.org/index.htm,Connection error: <urlopen error [Errno 110] Connection timed out>
rfc8763.xml,https://tools.ietf.org/html/draft-moiseenko-icnrg-flowclass-05,200
rfc8763.xml,http://www.ietf.org/internet-drafts/draft-moiseenko-icnrg-flowclass-05.txt,Connection error: HTTP Error 404: Not Found
rfc8763.xml,https://www.geant.org/,Connection error: HTTP Error 403: Forbidden
rfc8763.xml,http://blogs.cisco.com/sp/cisco-announces-important-steps-toward-adoption-of-information-centric-networking,200
rfc8763.xml,https://www.cisco.com/c/dam/en/us/solutions/collateral/service-provider/ultra-services-platform/mwc17-hicn-video-wp.pdf,200
rfc8763.xml,https://datatracker.ietf.org/meeting/interim-2018-icnrg-01/materials/slides-interim-2018-icnrg-01-sessa-hybrid-icn-hicn-luca-muscariello,200
rfc8763.xml,https://tools.ietf.org/html/draft-ravi-icnrg-5gc-icn-04,200
rfc8763.xml,https://tools.ietf.org/html/draft-paik-icn-deployment-considerations-00,200
rfc8763.xml,https://tools.ietf.org/html/draft-irtf-icnrg-icniot-03,200
rfc8763.xml,http://www.ietf.org/internet-drafts/draft-irtf-icnrg-icniot-03.txt,Connection error: HTTP Error 404: Not Found
rfc8763.xml,https://tools.ietf.org/html/draft-irtf-icnrg-icn-lte-4g-05,200
rfc8763.xml,http://www.ietf.org/internet-drafts/draft-irtf-icnrg-icn-lte-4g-05.txt,Connection error: HTTP Error 404: Not Found
rfc8763.xml,https://tools.ietf.org/html/draft-anilj-icnrg-icn-qos-00,200
rfc8763.xml,https://tools.ietf.org/html/draft-irtf-icnrg-terminology-08,200
rfc8763.xml,http://www.ietf.org/internet-drafts/draft-irtf-icnrg-terminology-08.txt,Connection error: HTTP Error 404: Not Found
rfc8763.xml,https://projects.gwdg.de/attachments/6840/D4.1-PU.pdf,Connection error: <urlopen error [Errno 110] Connection timed out>
rfc8763.xml,http://www.icn2020.org/,200
rfc8763.xml,https://datatracker.ietf.org/doc/charter-irtf-icnrg/,200
rfc8763.xml,https://doi.org/10.1109/MCOM.2012.6231280,Connection error: HTTP Error 418: Unknown Code
rfc8763.xml,https://doi.org/10.1145/1921233.1921235,Connection error: HTTP Error 403: Forbidden
rfc8763.xml,https://doi.org/10.1145/1658939.1658941,Connection error: HTTP Error 403: Forbidden
rfc8763.xml,https://dl.acm.org/citation.cfm?id=3132351,Connection error: HTTP Error 403: Forbidden
rfc8763.xml,https://ieeexplore.ieee.org/document/8401591,Connection error: HTTP Error 418: Unknown Code
rfc8763.xml,https://doi.org/10.1109/NOMS.2018.8406246,Connection error: HTTP Error 418: Unknown Code
rfc8763.xml,http://www.mallouli.com/recherche/publications/noms2018-1.pdf,200
rfc8763.xml,http://conferences2.sigcomm.org/acm-icn/2016/proceedings/p112-moiseenko.pdf,200
rfc8763.xml,http://www.interdigital.com/download/56d5c71bd616f892ba001861,Connection error: HTTP Error 404: Not Found
rfc8763.xml,https://named-data.net/ndn-testbed/,200
rfc8763.xml,https://tools.ietf.org/html/draft-kutscher-icnrg-netinf-proto-01,200
rfc8763.xml,http://www.ietf.org/internet-drafts/draft-kutscher-icnrg-netinf-proto-01.txt,Connection error: HTTP Error 404: Not Found
rfc8763.xml,https://named-data.net/doc/NFD/current/,200
rfc8763.xml,https://www.ngmn.org/wp-content/uploads/NGMN_5G_White_Paper_V1_0.pdf,200
rfc8763.xml,https://www.ngmn.org/wp-content/uploads/160113_NGMN_Network_Slicing_v1_0.pdf,200
rfc8763.xml,https://doi.org/10.23919/INM.2017.7987266,Connection error: HTTP Error 418: Unknown Code
rfc8763.xml,https://doi.org/10.1109/INM.2015.7140299,Connection error: HTTP Error 418: Unknown Code
rfc8763.xml,https://doi.org/10.1109/MCOM.2018.1701135,Connection error: HTTP Error 418: Unknown Code
rfc8763.xml,https://www.onap.org/,200
rfc8763.xml,http://www.onem2m.org/,200
rfc8763.xml,https://www.researchgate.net/publication/282779666_A_novel_overlay_architecture_for_Information_Centric_Networking,Connection error: HTTP Error 403: Forbidden
rfc8763.xml,https://doi.org/10.1109/EuCNC.2015.7194109,Connection error: HTTP Error 418: Unknown Code
rfc8763.xml,https://arxiv.org/abs/1610.01182,200
rfc8763.xml,https://doi.org/10.1109/ICC.2016.7511036,Connection error: HTTP Error 418: Unknown Code
rfc8763.xml,https://www.rfc-editor.org/info/rfc6920,200
rfc8763.xml,https://www.rfc-editor.org/info/rfc7252,200
rfc8763.xml,https://www.rfc-editor.org/info/rfc7426,200
rfc8763.xml,https://www.rfc-editor.org/info/rfc7665,200
rfc8763.xml,https://www.rfc-editor.org/info/rfc7927,200
rfc8763.xml,https://www.rfc-editor.org/info/rfc7945,200
rfc8763.xml,https://www.rfc-editor.org/info/rfc8075,200
rfc8763.xml,https://www.rfc-editor.org/info/rfc8568,200
rfc8763.xml,https://www.rfc-editor.org/info/rfc8569,200
rfc8763.xml,https://www.rfc-editor.org/info/rfc8609,200
rfc8763.xml,https://www.rfc-editor.org/info/rfc8613,200
rfc8763.xml,http://www.sail-project.eu/,200
rfc8763.xml,https://sail-project.eu/wp-content/uploads/2012/06/SAIL_DB2_v1_0_final-Public.pdf,"Connection error: <urlopen error [SSL: CERTIFICATE_VERIFY_FAILED] certificate verify failed: Hostname mismatch, certificate is not valid for 'sail-project.eu'. (_ssl.c:1006)>"
rfc8763.xml,http://www.sail-project.eu/wp-content/uploads/2013/05/SAIL_DB4_v1.1_Final_Public.pdf,200
rfc8763.xml,http://www.psirp.org/files/Deliverables/FP7-INFSO-ICT-216173-PSIRP-D4.6_FinalReportOnDeplIncBusinessModels.pdf,200
rfc8763.xml,https://doi.org/10.5325/jinfopoli.2.2012.0026,Connection error: HTTP Error 403: Forbidden
rfc8763.xml,https://doi.org/10.1109/MCOM.2018.1700325,Connection error: HTTP Error 418: Unknown Code
rfc8763.xml,https://doi.org/10.1145/3210240.3210809,Connection error: HTTP Error 403: Forbidden
rfc8763.xml,https://doi.org/10.1109/INFCOMW.2016.7562142,Connection error: HTTP Error 418: Unknown Code
rfc8763.xml,https://doi.org/10.1145/3125719.3132107,Connection error: HTTP Error 403: Forbidden
rfc8763.xml,https://doi.org/10.1145/3267955.3269011,Connection error: HTTP Error 403: Forbidden
rfc8763.xml,https://doi.org/10.1145/3125719.3132096,Connection error: HTTP Error 403: Forbidden
rfc8763.xml,https://doi.org/10.1145/3209811.3209867,Connection error: HTTP Error 403: Forbidden
rfc8763.xml,http://www.umobile-project.eu/,200
rfc8763.xml,https://doi.org/10.1109/CloudNet.2013.6710583,Connection error: HTTP Error 418: Unknown Code
rfc8763.xml,https://doi.org/10.1145/2984356.2988521,Connection error: HTTP Error 403: Forbidden
rfc8763.xml,http://www.cablelabs.com/wp-content/uploads/2016/02/Content-Delivery-with-Content-Centric-Networking-Feb-2016.pdf,200
rfc8831.xml,https://datatracker.ietf.org/doc/draft-ietf-rtcweb-data-channel-13,200
rfc8831.xml,https://dx.doi.org/10.17487/rfc8831,200
rfc8831.xml,https://www.rfc-editor.org/info/rfc8831,200
rfc8831.xml,https://trustee.ietf.org/license-info,200
rfc8831.xml,https://www.rfc-editor.org/info/rfc2119,200
rfc8831.xml,https://www.rfc-editor.org/info/rfc3758,200
rfc8831.xml,https://www.rfc-editor.org/info/rfc4820,200
rfc8831.xml,https://www.rfc-editor.org/info/rfc4821,200
rfc8831.xml,https://www.rfc-editor.org/info/rfc4960,200
rfc8831.xml,https://www.rfc-editor.org/info/rfc5061,200
rfc8831.xml,https://www.rfc-editor.org/info/rfc6525,200
rfc8831.xml,https://www.rfc-editor.org/info/rfc7496,200
rfc8831.xml,https://www.rfc-editor.org/info/rfc8174,200
rfc8831.xml,https://www.rfc-editor.org/info/rfc8260,200
rfc8831.xml,https://www.rfc-editor.org/info/rfc8261,200
rfc8831.xml,https://www.rfc-editor.org/info/rfc8445,200
rfc8831.xml,https://www.rfc-editor.org/info/rfc8826,200
rfc8831.xml,https://www.rfc-editor.org/info/rfc8827,200
rfc8831.xml,https://www.rfc-editor.org/info/rfc8829,200
rfc8831.xml,https://www.rfc-editor.org/info/rfc8832,200
rfc8831.xml,https://www.rfc-editor.org/info/rfc8841,200
rfc8831.xml,https://www.rfc-editor.org/info/rfc1122,200
rfc8831.xml,https://www.rfc-editor.org/info/rfc4347,200
rfc8831.xml,https://www.rfc-editor.org/info/rfc5389,200
rfc8831.xml,https://www.rfc-editor.org/info/rfc5764,200
rfc8831.xml,https://www.rfc-editor.org/info/rfc6083,200
rfc8831.xml,https://www.rfc-editor.org/info/rfc6347,200
rfc8831.xml,https://www.rfc-editor.org/info/rfc6951,200
rfc8831.xml,https://tools.ietf.org/html/draft-ietf-tls-dtls13-39,200
rfc8831.xml,https://www.ietf.org/internet-drafts/draft-ietf-tls-dtls13-39.txt,Connection error: HTTP Error 404: Not Found
rfc9110.xml,https://datatracker.ietf.org/doc/draft-ietf-httpbis-semantics-19,200
rfc9110.xml,https://dx.doi.org/10.17487/rfc9110,200
rfc9110.xml,https://www.rfc-editor.org/info/rfc9110,200
rfc9110.xml,https://trustee.ietf.org/license-info,200
rfc9110.xml,https://www.iana.org/assignments/uri-schemes/,200
rfc9110.xml,https://www.iana.org/assignments/character-sets,200
rfc9110.xml,https://www.iana.org/assignments/http-methods,200
rfc9110.xml,https://www.iana.org/assignments/http-status-codes,200
rfc9110.xml,https://www.iana.org/assignments/http-fields/,200
rfc9110.xml,https://www.iana.org/assignments/http-authschemes,200
rfc9110.xml,https://www.iana.org/assignments/http-parameters,200
rfc9110.xml,https://www.iana.org/assignments/http-parameters/,200
rfc9110.xml,https://www.iana.org/assignments/http-parameters/,200
rfc9110.xml,https://www.iana.org/assignments/http-upgrade-tokens,200
rfc9110.xml,https://www.iana.org/assignments/uri-schemes/,200
rfc9110.xml,https://www.iana.org/assignments/http-methods,200
rfc9110.xml,https://www.iana.org/assignments/http-status-codes,200
rfc9110.xml,https://www.iana.org/assignments/message-headers/,200
rfc9110.xml,https://www.iana.org/assignments/http-fields,200
rfc9110.xml,https://www.iana.org/assignments/http-authschemes,200
rfc9110.xml,https://www.iana.org/assignments/http-parameters/,200
rfc9110.xml,https://www.iana.org/assignments/http-parameters/,200
rfc9110.xml,https://www.iana.org/assignments/media-types,200
rfc9110.xml,https://www.iana.org/assignments/service-names-port-numbers/,200
rfc9110.xml,https://www.iana.org/assignments/http-upgrade-tokens,200
rfc9110.xml,https://www.rfc-editor.org/info/rfc9111,200
rfc9110.xml,https://www.rfc-editor.org/info/rfc1950,200
rfc9110.xml,https://www.rfc-editor.org/info/rfc1951,200
rfc9110.xml,https://www.rfc-editor.org/info/rfc1952,200
rfc9110.xml,https://www.rfc-editor.org/info/rfc2046,200
rfc9110.xml,https://www.rfc-editor.org/info/rfc2119,200
rfc9110.xml,https://www.rfc-editor.org/info/rfc4647,200
rfc9110.xml,https://www.rfc-editor.org/info/rfc4648,200
rfc9110.xml,https://www.rfc-editor.org/info/rfc5234,200
rfc9110.xml,https://www.rfc-editor.org/info/rfc5280,200
rfc9110.xml,https://www.rfc-editor.org/info/rfc5322,200
rfc9110.xml,https://www.rfc-editor.org/info/rfc5646,200
rfc9110.xml,https://www.rfc-editor.org/info/rfc6125,200
rfc9110.xml,https://www.rfc-editor.org/info/rfc6365,200
rfc9110.xml,https://www.rfc-editor.org/info/rfc7405,200
rfc9110.xml,https://www.rfc-editor.org/info/rfc8174,200
rfc9110.xml,https://www.rfc-editor.org/info/rfc793,200
rfc9110.xml,https://www.rfc-editor.org/info/rfc8446,200
rfc9110.xml,https://www.rfc-editor.org/info/rfc3986,200
rfc9110.xml,https://ieeexplore.ieee.org/document/1659158/,Connection error: HTTP Error 418: Unknown Code
rfc9110.xml,https://www.rfc-editor.org/info/rfc7838,200
rfc9110.xml,https://www.rfc-editor.org/info/bcp13,200
rfc9110.xml,https://www.rfc-editor.org/info/rfc4289,200
rfc9110.xml,https://www.rfc-editor.org/info/rfc6838,200
rfc9110.xml,https://www.rfc-editor.org/info/bcp178,200
rfc9110.xml,https://www.rfc-editor.org/info/rfc6648,200
rfc9110.xml,https://www.rfc-editor.org/info/bcp35,200
rfc9110.xml,https://www.rfc-editor.org/info/rfc7595,200
rfc9110.xml,"http://breachattack.com/resources/BREACH%20-%20SSL,%20gone%20in%2030%20seconds.pdf",200
rfc9110.xml,https://doi.org/10.1109/JPROC.2016.2637878,Connection error: HTTP Error 418: Unknown Code
rfc9110.xml,https://www.rfc-editor.org/info/rfc6265,200
rfc9110.xml,https://www.rfc-editor.org/errata/eid1912,200
rfc9110.xml,https://www.rfc-editor.org/errata/eid5433,200
rfc9110.xml,https://doi.org/10.1145/2382196.2382204,Connection error: HTTP Error 403: Forbidden
rfc9110.xml,https://www.rfc-editor.org/info/rfc7541,200
rfc9110.xml,https://www.rfc-editor.org/info/rfc1945,200
rfc9110.xml,https://www.rfc-editor.org/info/rfc9112,200
rfc9110.xml,https://www.rfc-editor.org/info/rfc9113,200
rfc9110.xml,https://www.rfc-editor.org/info/rfc9114,200
rfc9110.xml,http://arxiv.org/abs/cs.SE/0105018,200
rfc9110.xml,https://www.owasp.org/,Connection error: HTTP Error 403: Forbidden
rfc9110.xml,https://roy.gbiv.com/pubs/dissertation/top.htm,200
rfc9110.xml,https://www.rfc-editor.org/info/rfc1919,200
rfc9110.xml,https://www.rfc-editor.org/info/rfc2047,200
rfc9110.xml,https://www.rfc-editor.org/info/rfc2068,200
rfc9110.xml,https://www.rfc-editor.org/info/rfc2145,200
rfc9110.xml,https://www.rfc-editor.org/info/rfc2295,200
rfc9110.xml,https://www.rfc-editor.org/info/rfc2324,200
rfc9110.xml,https://www.rfc-editor.org/info/rfc2557,200
rfc9110.xml,https://www.rfc-editor.org/info/rfc2616,200
rfc9110.xml,https://www.rfc-editor.org/info/rfc2617,200
rfc9110.xml,https://www.rfc-editor.org/info/rfc2774,200
rfc9110.xml,https://www.rfc-editor.org/info/rfc2818,200
rfc9110.xml,https://www.rfc-editor.org/info/rfc2978,200
rfc9110.xml,https://www.rfc-editor.org/info/rfc3040,200
rfc9110.xml,https://www.rfc-editor.org/info/rfc3864,200
rfc9110.xml,https://www.rfc-editor.org/info/rfc3875,200
rfc9110.xml,https://www.rfc-editor.org/info/rfc4033,200
rfc9110.xml,https://www.rfc-editor.org/info/rfc4559,200
rfc9110.xml,https://www.rfc-editor.org/info/rfc5789,200
rfc9110.xml,https://www.rfc-editor.org/info/rfc5905,200
rfc9110.xml,https://www.rfc-editor.org/info/rfc6454,200
rfc9110.xml,https://www.rfc-editor.org/info/rfc6585,200
rfc9110.xml,https://www.rfc-editor.org/info/rfc7230,200
rfc9110.xml,https://www.rfc-editor.org/info/rfc7231,200
rfc9110.xml,https://www.rfc-editor.org/info/rfc7232,200
rfc9110.xml,https://www.rfc-editor.org/info/rfc7233,200
rfc9110.xml,https://www.rfc-editor.org/info/rfc7234,200
rfc9110.xml,https://www.rfc-editor.org/info/rfc7235,200
rfc9110.xml,https://www.rfc-editor.org/info/rfc7538,200
rfc9110.xml,https://www.rfc-editor.org/info/rfc7540,200
rfc9110.xml,https://www.rfc-editor.org/info/rfc7578,200
rfc9110.xml,https://www.rfc-editor.org/info/rfc7615,200
rfc9110.xml,https://www.rfc-editor.org/info/rfc7616,200
rfc9110.xml,https://www.rfc-editor.org/info/rfc7617,200
rfc9110.xml,https://www.rfc-editor.org/info/rfc7694,200
rfc9110.xml,https://www.rfc-editor.org/info/rfc8126,200
rfc9110.xml,https://www.rfc-editor.org/info/rfc8187,200
rfc9110.xml,https://www.rfc-editor.org/info/rfc8246,200
rfc9110.xml,https://www.rfc-editor.org/info/rfc8288,200
rfc9110.xml,https://www.rfc-editor.org/info/rfc8336,200
rfc9110.xml,https://www.rfc-editor.org/info/rfc8615,200
rfc9110.xml,https://www.rfc-editor.org/info/rfc8941,200
rfc9110.xml,https://mimesniff.spec.whatwg.org,200
rfc9110.xml,https://www.rfc-editor.org/info/rfc4918,200
rfc9263.xml,https://datatracker.ietf.org/doc/draft-ietf-sfc-nsh-tlv-15,200
rfc9263.xml,https://dx.doi.org/10.17487/rfc9263,200
rfc9263.xml,https://www.rfc-editor.org/info/rfc9263,200
rfc9263.xml,https://trustee.ietf.org/license-info,200
rfc9263.xml,https://www.iana.org/assignments/nsh,200
rfc9263.xml,https://ieeexplore.ieee.org/document/8403927,Connection error: HTTP Error 418: Unknown Code
rfc9263.xml,https://www.rfc-editor.org/info/rfc2119,200
rfc9263.xml,https://www.rfc-editor.org/info/rfc3931,200
rfc9263.xml,https://www.rfc-editor.org/info/rfc8174,200
rfc9263.xml,https://www.rfc-editor.org/info/rfc8300,200
rfc9263.xml,https://www.rfc-editor.org/info/rfc9145,200
rfc9263.xml,https://www.iana.org/assignments/ianaiftype-mib,200
rfc9263.xml,https://docs.opendaylight.org/en/stable-fluorine/user-guide/group-based-policy-user-guide.html?highlight=group%20policy#,200
rfc9263.xml,https://nexus.opendaylight.org/content/sites/site/org.opendaylight.docs/master/userguide/manuals/userguide/bk-user-guide/content/_vtn.html,200
rfc9263.xml,https://wiki.openstack.org/wiki/GroupBasedPolicy,200
rfc9263.xml,https://www.rfc-editor.org/info/rfc2890,200
rfc9263.xml,https://www.rfc-editor.org/info/rfc3032,200
rfc9263.xml,https://www.rfc-editor.org/info/rfc4364,200
rfc9263.xml,https://www.rfc-editor.org/info/rfc6790,200
rfc9263.xml,https://www.rfc-editor.org/info/rfc7665,200
rfc9263.xml,https://www.rfc-editor.org/info/rfc8200,200
rfc9263.xml,https://www.rfc-editor.org/info/rfc8926,200
rfc9263.xml,https://www.rfc-editor.org/info/rfc8979,200
rfc8859.xml,https://datatracker.ietf.org/doc/draft-ietf-mmusic-sdp-mux-attributes-17,200
rfc8859.xml,https://dx.doi.org/10.17487/rfc8859,200
rfc8859.xml,https://www.rfc-editor.org/info/rfc8859,200
rfc8859.xml,https://trustee.ietf.org/license-info,200
rfc8859.xml,https://www.3gpp.org,200
rfc8859.xml,https://www.rfc-editor.org/info/rfc2119,200
rfc8859.xml,https://www.rfc-editor.org/info/rfc4566,200
rfc8859.xml,https://www.rfc-editor.org/info/rfc8126,200
rfc8859.xml,https://www.rfc-editor.org/info/rfc8174,200
rfc8859.xml,https://www.rfc-editor.org/info/rfc8843,200
rfc8859.xml,https://tools.ietf.org/html/draft-ietf-rmt-flute-sdp-03,200
rfc8859.xml,https://www.ietf.org/internet-drafts/draft-ietf-rmt-flute-sdp-03.txt,Connection error: HTTP Error 404: Not Found
rfc8859.xml,https://www.itu.int/rec/T-REC-H.248.15,200
rfc8859.xml,https://www.iana.org/assignments/sdp-parameters,200
rfc8859.xml,https://www.3gpp.org/ftp/Specs/html-info/24182.htm,Connection error: HTTP Error 403: Forbidden: Access is denied.
rfc8859.xml,https://www.3gpp.org/ftp/Specs/html-info/24183.htm,Connection error: HTTP Error 403: Forbidden: Access is denied.
rfc8859.xml,https://www.3gpp.org/ftp/Specs/html-info/24229.htm,Connection error: HTTP Error 403: Forbidden: Access is denied.
rfc8859.xml,https://www.itu.int/rec/T-REC-Q.1970-200609-I/en,200
rfc8859.xml,https://www.rfc-editor.org/info/rfc2326,200
rfc8859.xml,https://www.rfc-editor.org/info/rfc3108,200
rfc8859.xml,https://www.rfc-editor.org/info/rfc3264,200
rfc8859.xml,https://www.rfc-editor.org/info/rfc3312,200
rfc8859.xml,https://www.rfc-editor.org/info/rfc3407,200
rfc8859.xml,https://www.rfc-editor.org/info/rfc3524,200
rfc8859.xml,https://www.rfc-editor.org/info/rfc3550,200
rfc8859.xml,https://www.rfc-editor.org/info/rfc3556,200
rfc8859.xml,https://www.rfc-editor.org/info/rfc3605,200
rfc8859.xml,https://www.rfc-editor.org/info/rfc3611,200
rfc8859.xml,https://www.rfc-editor.org/info/rfc3711,200
rfc8859.xml,https://www.rfc-editor.org/info/rfc3890,200
rfc8859.xml,https://www.rfc-editor.org/info/rfc4091,200
rfc8859.xml,https://www.rfc-editor.org/info/rfc4145,200
rfc8859.xml,https://www.rfc-editor.org/info/rfc4567,200
rfc8859.xml,https://www.rfc-editor.org/info/rfc4568,200
rfc8859.xml,https://www.rfc-editor.org/info/rfc4570,200
rfc8859.xml,https://www.rfc-editor.org/info/rfc4572,200
rfc8859.xml,https://www.rfc-editor.org/info/rfc4574,200
rfc8859.xml,https://www.rfc-editor.org/info/rfc4583,200
rfc8859.xml,https://www.rfc-editor.org/info/rfc4585,200
rfc8859.xml,https://www.rfc-editor.org/info/rfc4796,200
rfc8859.xml,https://www.rfc-editor.org/info/rfc4975,200
rfc8859.xml,https://www.rfc-editor.org/info/rfc5104,200
rfc8859.xml,https://www.rfc-editor.org/info/rfc5109,200
rfc8859.xml,https://www.rfc-editor.org/info/rfc5159,200
rfc8859.xml,https://www.rfc-editor.org/info/rfc5285,200
rfc8859.xml,https://www.rfc-editor.org/info/rfc5432,200
rfc8859.xml,https://www.rfc-editor.org/info/rfc5506,200
rfc8859.xml,https://www.rfc-editor.org/info/rfc5547,200
rfc8859.xml,https://www.rfc-editor.org/info/rfc5576,200
rfc8859.xml,https://www.rfc-editor.org/info/rfc5583,200
rfc8859.xml,https://www.rfc-editor.org/info/rfc5760,200
rfc8859.xml,https://www.rfc-editor.org/info/rfc5761,200
rfc8859.xml,https://www.rfc-editor.org/info/rfc5762,200
rfc8859.xml,https://www.rfc-editor.org/info/rfc5763,200
rfc8859.xml,https://www.rfc-editor.org/info/rfc5888,200
rfc8859.xml,https://www.rfc-editor.org/info/rfc5939,200
rfc8859.xml,https://www.rfc-editor.org/info/rfc5956,200
rfc8859.xml,https://www.rfc-editor.org/info/rfc6064,200
rfc8859.xml,https://www.rfc-editor.org/info/rfc6128,200
rfc8859.xml,https://www.rfc-editor.org/info/rfc6189,200
rfc8859.xml,https://www.rfc-editor.org/info/rfc6193,200
rfc8859.xml,https://www.rfc-editor.org/info/rfc6230,200
rfc8859.xml,https://www.rfc-editor.org/info/rfc6236,200
rfc8859.xml,https://www.rfc-editor.org/info/rfc6284,200
rfc8859.xml,https://www.rfc-editor.org/info/rfc6285,200
rfc8859.xml,https://www.rfc-editor.org/info/rfc6364,200
rfc8859.xml,https://www.rfc-editor.org/info/rfc6642,200
rfc8859.xml,https://www.rfc-editor.org/info/rfc6679,200
rfc8859.xml,https://www.rfc-editor.org/info/rfc6714,200
rfc8859.xml,https://www.rfc-editor.org/info/rfc6773,200
rfc8859.xml,https://www.rfc-editor.org/info/rfc6787,200
rfc8859.xml,https://www.rfc-editor.org/info/rfc6849,200
rfc8859.xml,https://www.rfc-editor.org/info/rfc6871,200
rfc8859.xml,https://www.rfc-editor.org/info/rfc6947,200
rfc8859.xml,https://www.rfc-editor.org/info/rfc7006,200
rfc8859.xml,https://www.rfc-editor.org/info/rfc7104,200
rfc8859.xml,https://www.rfc-editor.org/info/rfc7195,200
rfc8859.xml,https://www.rfc-editor.org/info/rfc7197,200
rfc8859.xml,https://www.rfc-editor.org/info/rfc7266,200
rfc8859.xml,https://www.rfc-editor.org/info/rfc7272,200
rfc8859.xml,https://www.rfc-editor.org/info/rfc7273,200
rfc8859.xml,https://www.rfc-editor.org/info/rfc7657,200
rfc8859.xml,https://www.rfc-editor.org/info/rfc7826,200
rfc8859.xml,https://www.rfc-editor.org/info/rfc8122,200
rfc8859.xml,https://www.rfc-editor.org/info/rfc8285,200
rfc8859.xml,https://www.rfc-editor.org/info/rfc8445,200
rfc8859.xml,https://www.rfc-editor.org/info/rfc8856,200
rfc8859.xml,https://www.rfc-editor.org/info/rfc8866,200
rfc8859.xml,https://www.itu.int/rec/T-REC-T.38/e,200
rfc8859.xml,https://www.etsi.org/deliver/etsi_ts/183000_183099/183063/02.01.00_60/ts_183063v020100p.pdf,200
rfc8738.xml,https://datatracker.ietf.org/doc/draft-ietf-acme-ip-08,200
rfc8738.xml,https://dx.doi.org/10.17487/rfc8738,200
rfc8738.xml,https://www.rfc-editor.org/info/rfc8738,200
rfc8738.xml,https://trustee.ietf.org/license-info,200
rfc8738.xml,https://www.rfc-editor.org/info/rfc1034,200
rfc8738.xml,https://www.rfc-editor.org/info/rfc1123,200
rfc8738.xml,https://www.rfc-editor.org/info/rfc2119,200
rfc8738.xml,https://www.rfc-editor.org/info/rfc3596,200
rfc8738.xml,https://www.rfc-editor.org/info/rfc5952,200
rfc8738.xml,https://www.rfc-editor.org/info/rfc6066,200
rfc8738.xml,https://www.rfc-editor.org/info/rfc7230,200
rfc8738.xml,https://www.rfc-editor.org/info/rfc8174,200
rfc8738.xml,https://www.rfc-editor.org/info/rfc8555,200
rfc8738.xml,https://www.rfc-editor.org/info/rfc8737,200
rfc9279.xml,https://datatracker.ietf.org/doc/draft-ietf-pim-igmp-mld-extension-08,200
rfc9279.xml,https://dx.doi.org/10.17487/rfc9279,200
rfc9279.xml,https://www.rfc-editor.org/info/rfc9279,200
rfc9279.xml,https://trustee.ietf.org/license-info,200
rfc9279.xml,https://www.rfc-editor.org/info/rfc2119,200
rfc9279.xml,https://www.rfc-editor.org/info/rfc3376,200
rfc9279.xml,https://www.rfc-editor.org/info/rfc3810,200
rfc9279.xml,https://www.rfc-editor.org/info/rfc8126,200
rfc9279.xml,https://www.rfc-editor.org/info/rfc8174,200
rfc9279.xml,https://www.rfc-editor.org/info/rfc3692,200
rfc9279.xml,https://www.rfc-editor.org/info/rfc5790,200
rfc9501.xml,https://datatracker.ietf.org/doc/draft-ietf-shmoo-remote-fee-09,200
rfc9501.xml,https://dx.doi.org/10.17487/rfc9501,200
rfc9501.xml,https://www.rfc-editor.org/info/rfc9501,200
rfc9501.xml,https://trustee.ietf.org/license-info,200
rfc9501.xml,https://www.rfc-editor.org/info/rfc3935,200
rfc9501.xml,https://www.rfc-editor.org/info/rfc8711,200
rfc9397.xml,https://datatracker.ietf.org/doc/draft-ietf-teep-architecture-19,200
rfc9397.xml,https://dx.doi.org/10.17487/rfc9397,200
rfc9397.xml,https://www.rfc-editor.org/info/rfc9397,200
rfc9397.xml,https://trustee.ietf.org/license-info,200
rfc9397.xml,https://confidentialcomputing.io/wp-content/uploads/sites/85/2021/03/confidentialcomputing_outreach_whitepaper-8-5x11-1.pdf,200
rfc9397.xml,https://confidentialcomputing.io/wp-content/uploads/sites/10/2023/03/CCC-A-Technical-Analysis-of-Confidential-Computing-v1.3_unlocked.pdf,200
rfc9397.xml,https://datatracker.ietf.org/doc/html/draft-ietf-rats-eat-21,200
rfc9397.xml,https://globalplatform.org/specs-library/tee-system-architecture/,Connection error: HTTP Error 403: Forbidden
rfc9397.xml,https://www.gsma.com/esim/wp-content/uploads/2020/06/SGP.22-v2.2.2.pdf,Connection error: HTTP Error 403: Forbidden
rfc9397.xml,https://optee.readthedocs.io/en/latest/,200
rfc9397.xml,https://globalplatform.org/specs-library/tee-management-framework-open-trust-protocol/,Connection error: HTTP Error 403: Forbidden
rfc9397.xml,https://datatracker.ietf.org/doc/html/draft-ietf-rats-daa-03,200
rfc9397.xml,https://www.rfc-editor.org/info/rfc4949,200
rfc9397.xml,https://www.rfc-editor.org/info/rfc5280,200
rfc9397.xml,https://www.rfc-editor.org/info/rfc6024,200
rfc9397.xml,https://www.rfc-editor.org/info/rfc7696,200
rfc9397.xml,https://www.rfc-editor.org/info/rfc9019,200
rfc9397.xml,https://www.rfc-editor.org/info/rfc9334,200
rfc9397.xml,https://www.intel.com/content/www/us/en/architecture-and-technology/software-guard-extensions.html,200
rfc9397.xml,https://datatracker.ietf.org/doc/html/draft-ietf-suit-manifest-22,200
rfc9397.xml,https://datatracker.ietf.org/doc/html/draft-ietf-teep-protocol-15,200
rfc9397.xml,https://datatracker.ietf.org/doc/html/draft-ietf-teep-otrp-over-http-15,200
rfc9397.xml,https://www.arm.com/technologies/trustzone-for-cortex-a,200
rfc8663.xml,https://datatracker.ietf.org/doc/draft-ietf-mpls-sr-over-ip-07,200
rfc8663.xml,https://dx.doi.org/10.17487/rfc8663,200
rfc8663.xml,https://www.rfc-editor.org/info/rfc8663,200
rfc8663.xml,https://trustee.ietf.org/license-info,200
rfc8663.xml,https://www.rfc-editor.org/info/rfc2119,200
rfc8663.xml,https://www.rfc-editor.org/info/rfc3031,200
rfc8663.xml,https://www.rfc-editor.org/info/rfc3032,200
rfc8663.xml,https://www.rfc-editor.org/info/rfc4023,200
rfc8663.xml,https://www.rfc-editor.org/info/rfc5095,200
rfc8663.xml,https://www.rfc-editor.org/info/rfc6040,200
rfc8663.xml,https://www.rfc-editor.org/info/rfc6347,200
rfc8663.xml,https://www.rfc-editor.org/info/rfc7510,200
rfc8663.xml,https://www.rfc-editor.org/info/rfc7684,200
rfc8663.xml,https://www.rfc-editor.org/info/rfc7794,200
rfc8663.xml,https://www.rfc-editor.org/info/rfc7981,200
rfc8663.xml,https://www.rfc-editor.org/info/rfc8174,200
rfc8663.xml,https://www.rfc-editor.org/info/rfc8402,200
rfc8663.xml,https://www.rfc-editor.org/info/rfc8660,200
rfc8663.xml,https://tools.ietf.org/html/draft-ietf-bess-datacenter-gateway-04,200
rfc8663.xml,http://www.ietf.org/internet-drafts/draft-ietf-bess-datacenter-gateway-04.txt,Connection error: HTTP Error 404: Not Found
rfc8663.xml,https://tools.ietf.org/html/draft-ietf-6man-segment-routing-header-26,200
rfc8663.xml,http://www.ietf.org/internet-drafts/draft-ietf-6man-segment-routing-header-26.txt,Connection error: HTTP Error 404: Not Found
rfc8663.xml,https://tools.ietf.org/html/draft-ietf-isis-encapsulation-cap-01,200
rfc8663.xml,http://www.ietf.org/internet-drafts/draft-ietf-isis-encapsulation-cap-01.txt,Connection error: HTTP Error 404: Not Found
rfc8663.xml,https://tools.ietf.org/html/draft-ietf-ospf-encapsulation-cap-09,200
rfc8663.xml,http://www.ietf.org/internet-drafts/draft-ietf-ospf-encapsulation-cap-09.txt,Connection error: HTTP Error 404: Not Found
rfc8663.xml,https://www.rfc-editor.org/info/rfc2983,200
rfc8663.xml,https://www.rfc-editor.org/info/rfc5920,200
rfc8663.xml,https://www.rfc-editor.org/info/rfc6790,200
rfc8663.xml,https://www.rfc-editor.org/info/rfc6862,200
rfc8663.xml,https://www.rfc-editor.org/info/rfc8085,200
rfc8663.xml,https://www.rfc-editor.org/info/rfc8354,200
rfc8663.xml,https://www.rfc-editor.org/info/rfc8662,200
rfc8663.xml,https://www.rfc-editor.org/info/rfc8665,200
rfc8663.xml,https://www.rfc-editor.org/info/rfc8667,200
rfc9199.xml,https://datatracker.ietf.org/doc/draft-moura-dnsop-authoritative-recommendations-11,200
rfc9199.xml,https://dx.doi.org/10.17487/rfc9199,200
rfc9199.xml,https://www.rfc-editor.org/info/rfc9199,200
rfc9199.xml,https://trustee.ietf.org/license-info,200
rfc9199.xml,https://www.rfc-editor.org/info/rfc1034,200
rfc9199.xml,https://www.rfc-editor.org/info/rfc1035,200
rfc9199.xml,https://www.rfc-editor.org/info/rfc1546,200
rfc9199.xml,https://www.rfc-editor.org/info/rfc1995,200
rfc9199.xml,https://www.rfc-editor.org/info/rfc1997,200
rfc9199.xml,https://www.rfc-editor.org/info/rfc2181,200
rfc9199.xml,https://www.rfc-editor.org/info/rfc4786,200
rfc9199.xml,https://www.rfc-editor.org/info/rfc5936,200
rfc9199.xml,https://www.rfc-editor.org/info/rfc7094,200
rfc9199.xml,https://www.rfc-editor.org/info/rfc8499,200
rfc9199.xml,https://www.rfc-editor.org/info/rfc8783,200
rfc9199.xml,https://www.rfc-editor.org/info/rfc8955,200
rfc9199.xml,https://www.rfc-editor.org/info/rfc9132,200
rfc9199.xml,https://meetings.icann.org/en/marrakech55/schedule/mon-tech/presentation-dns-service-provision-07mar16-en.pdf,Connection error: HTTP Error 404: Not Found
rfc9199.xml,https://archive.nanog.org/meetings/nanog27/presentations/suzanne.pdf,Connection error: HTTP Error 403: Forbidden
rfc9199.xml,http://www.anycast-testbed.com/,Connection error: HTTP Error 404: Not Found
rfc9199.xml,https://www.dns-oarc.net/oarc/data/ditl/2017,200
rfc9199.xml,https://github.com/dns-stats/hedgehog,200
rfc9199.xml,http://www.ieee-infocom.org/2003/papers/11_01.PDF,Connection error: HTTP Error 418: Unknown Code
rfc9199.xml,https://www.isi.edu/~johnh/PAPERS/Moura16b.pdf,Connection error: HTTP Error 403: Forbidden
rfc9199.xml,https://www.isi.edu/~johnh/PAPERS/Moura18b.pdf,Connection error: HTTP Error 403: Forbidden
rfc9199.xml,https://www.isi.edu/~hardaker/papers/2019-10-cache-me-ttls.pdf,Connection error: HTTP Error 403: Forbidden
rfc9199.xml,https://www.isi.edu/%7ejohnh/PAPERS/Mueller17b.pdf,Connection error: HTTP Error 403: Forbidden
rfc9199.xml,https://www.nytimes.com/2016/10/22/business/internet-problems-attack.html,Connection error: HTTP Error 403: Forbidden
rfc9199.xml,https://www.rfc-editor.org/info/rfc4033,200
rfc9199.xml,https://www.rfc-editor.org/info/rfc4034,200
rfc9199.xml,https://www.rfc-editor.org/info/rfc4035,200
rfc9199.xml,https://www.rfc-editor.org/info/rfc4509,200
rfc9199.xml,https://www.rfc-editor.org/info/rfc8811,200
rfc9199.xml,http://ipj.dreamhosters.com/wp-content/uploads/issues/2015/ipj18-3.pdf,200
rfc9199.xml,https://atlas.ripe.net,200
rfc9199.xml,https://www.isi.edu/%7ejohnh/PAPERS/Schmidt17a.pdf,Connection error: HTTP Error 403: Forbidden
rfc9199.xml,http://speedierweb.web.engr.illinois.edu/cspeed/papers/hotnets14.pdf,200
rfc9199.xml,https://github.com/Woutifier/verfploeter,200
rfc9199.xml,https://www.isi.edu/%7ejohnh/PAPERS/Vries17b.pdf,Connection error: HTTP Error 403: Forbidden
rfc9589.xml,https://datatracker.ietf.org/doc/draft-ietf-sidrops-cms-signing-time-07,200
rfc9589.xml,https://dx.doi.org/10.17487/rfc9589,200
rfc9589.xml,https://www.rfc-editor.org/info/rfc9589,200
rfc9589.xml,https://trustee.ietf.org/license-info,200
rfc9589.xml,https://www.openrsync.org/,200
rfc9589.xml,https://www.rfc-editor.org/info/rfc2119,200
rfc9589.xml,https://www.rfc-editor.org/info/rfc5652,200
rfc9589.xml,https://www.rfc-editor.org/info/rfc6268,200
rfc9589.xml,https://www.rfc-editor.org/info/rfc6480,200
rfc9589.xml,https://www.rfc-editor.org/info/rfc6481,200
rfc9589.xml,https://www.rfc-editor.org/info/rfc6488,200
rfc9589.xml,https://www.rfc-editor.org/info/rfc8174,200
rfc9589.xml,https://www.rfc-editor.org/info/rfc8182,200
rfc9589.xml,https://rsync.samba.org/,200
rfc9589.xml,https://www.rfc-editor.org/info/rfc6019,200
rfc9589.xml,https://datatracker.ietf.org/doc/html/draft-timbru-sidrops-publication-server-bcp-02,200
rfc9589.xml,https://datatracker.ietf.org/doc/html/draft-ietf-sidrops-prefer-rrdp-02,200
rfc9589.xml,https://www.rpkiviews.org/,200
rfc8884.xml,https://datatracker.ietf.org/doc/draft-irtf-icnrg-disaster-10,200
rfc8884.xml,https://dx.doi.org/10.17487/rfc8884,200
rfc8884.xml,https://www.rfc-editor.org/info/rfc8884,200
rfc8884.xml,https://trustee.ietf.org/license-info,200
rfc8884.xml,https://www.rfc-editor.org/info/rfc5050,200
rfc8884.xml,https://www.rfc-editor.org/info/rfc6920,200
rfc8884.xml,https://www.rfc-editor.org/info/rfc7476,200
rfc8884.xml,https://www.rfc-editor.org/info/rfc7945,200
rfc8884.xml,https://en.wikipedia.org/w/index.php?title=Cell_Broadcast&oldid=972614007,200
rfc8884.xml,https://doi.org/10.1109/ANCS.2011.27,Connection error: HTTP Error 418: Unknown Code
rfc8884.xml,https://irtf.org/dtnrg,Connection error: HTTP Error 403: Forbidden
rfc8884.xml,https://datatracker.ietf.org/wg/dtn/about/,200
rfc8884.xml,https://doi.org/10.1109/WAINA.2008.255,Connection error: HTTP Error 418: Unknown Code
rfc8884.xml,https://doi.org/10.1145/2810156.2810176,Connection error: HTTP Error 403: Forbidden
rfc8884.xml,https://doi.org/10.1109/INFCOMW.2014.6849271,Connection error: HTTP Error 418: Unknown Code
rfc8884.xml,https://doi.org/10.1109/INFCOMW.2014.6849268,Connection error: HTTP Error 418: Unknown Code
rfc8884.xml,https://doi.org/10.1109/GLOCOMW.2016.7848869,Connection error: HTTP Error 418: Unknown Code
rfc8884.xml,https://doi.org/10.1109/IFIPNetworking.2015.7145301,Connection error: HTTP Error 418: Unknown Code
rfc8884.xml,https://doi.org/10.1109/LANMAN.2016.7548855,Connection error: HTTP Error 418: Unknown Code
rfc8884.xml,https://doi.org/10.1109/EuCNC.2015.7194109,Connection error: HTTP Error 418: Unknown Code
rfc8884.xml,https://doi.org/10.1145/1298126.1298166,Connection error: HTTP Error 403: Forbidden
rfc8884.xml,http://www.greenicn.org/,200
rfc8884.xml,https://standict.eu/,200
rfc9443.xml,https://datatracker.ietf.org/doc/draft-ietf-avtcore-rfc7983bis-09,200
rfc9443.xml,https://dx.doi.org/10.17487/rfc9443,200
rfc9443.xml,https://www.rfc-editor.org/info/rfc9443,200
rfc9443.xml,https://trustee.ietf.org/license-info,200
rfc9443.xml,https://www.rfc-editor.org/info/rfc2119,200
rfc9443.xml,https://www.rfc-editor.org/info/rfc3550,200
rfc9443.xml,https://www.rfc-editor.org/info/rfc3711,200
rfc9443.xml,https://www.rfc-editor.org/info/rfc5764,200
rfc9443.xml,https://www.rfc-editor.org/info/rfc7983,200
rfc9443.xml,https://www.rfc-editor.org/info/rfc8174,200
rfc9443.xml,https://www.rfc-editor.org/info/rfc8489,200
rfc9443.xml,https://www.rfc-editor.org/info/rfc8656,200
rfc9443.xml,https://www.rfc-editor.org/info/rfc9000,200
rfc9443.xml,https://www.rfc-editor.org/info/rfc9001,200
rfc9443.xml,https://www.rfc-editor.org/info/rfc9147,200
rfc9443.xml,https://www.rfc-editor.org/info/rfc9287,200
rfc9443.xml,https://www.w3.org/p2p-webtransport/,Connection error: HTTP Error 404: Not Found
rfc9443.xml,https://developer.chrome.com/blog/rtcquictransport-api/,200
rfc9443.xml,https://www.rfc-editor.org/info/rfc6189,200
rfc9443.xml,https://www.rfc-editor.org/info/rfc9369,200
rfc9443.xml,https://datatracker.ietf.org/doc/html/draft-ietf-avtcore-rtp-over-quic-04,200
rfc9364.xml,https://datatracker.ietf.org/doc/draft-ietf-dnsop-dnssec-bcp-06,200
rfc9364.xml,https://dx.doi.org/10.17487/rfc9364,200
rfc9364.xml,https://www.rfc-editor.org/info/rfc9364,200
rfc9364.xml,https://trustee.ietf.org/license-info,200
rfc9364.xml,https://www.iana.org/assignments/dns-sec-alg-numbers,200
rfc9364.xml,https://www.iana.org/assignments/dnssec-nsec3-parameters,200
rfc9364.xml,https://www.iana.org/assignments/ds-rr-types,200
rfc9364.xml,https://www.rfc-editor.org/info/rfc3110,200
rfc9364.xml,https://www.rfc-editor.org/info/rfc4033,200
rfc9364.xml,https://www.rfc-editor.org/info/rfc4034,200
rfc9364.xml,https://www.rfc-editor.org/info/rfc4035,200
rfc9364.xml,https://www.rfc-editor.org/info/rfc4509,200
rfc9364.xml,https://www.rfc-editor.org/info/rfc5155,200
rfc9364.xml,https://www.rfc-editor.org/info/rfc5702,200
rfc9364.xml,https://www.rfc-editor.org/info/rfc6840,200
rfc9364.xml,https://datatracker.ietf.org/doc/html/draft-ietf-dnsop-rfc5933-bis-13,200
rfc9364.xml,https://www.rfc-editor.org/info/rfc2065,200
rfc9364.xml,https://www.rfc-editor.org/info/rfc2535,200
rfc9364.xml,https://www.rfc-editor.org/info/rfc2536,200
rfc9364.xml,https://www.rfc-editor.org/info/rfc4470,200
rfc9364.xml,https://www.rfc-editor.org/info/rfc5011,200
rfc9364.xml,https://www.rfc-editor.org/info/rfc6014,200
rfc9364.xml,https://www.rfc-editor.org/info/rfc6605,200
rfc9364.xml,https://www.rfc-editor.org/info/rfc6698,200
rfc9364.xml,https://www.rfc-editor.org/info/rfc6725,200
rfc9364.xml,https://www.rfc-editor.org/info/rfc6781,200
rfc9364.xml,https://www.rfc-editor.org/info/rfc6975,200
rfc9364.xml,https://www.rfc-editor.org/info/rfc7129,200
rfc9364.xml,https://www.rfc-editor.org/info/rfc7344,200
rfc9364.xml,https://www.rfc-editor.org/info/rfc7583,200
rfc9364.xml,https://www.rfc-editor.org/info/rfc7646,200
rfc9364.xml,https://www.rfc-editor.org/info/rfc7958,200
rfc9364.xml,https://www.rfc-editor.org/info/rfc8027,200
rfc9364.xml,https://www.rfc-editor.org/info/rfc8078,200
rfc9364.xml,https://www.rfc-editor.org/info/rfc8080,200
rfc9364.xml,https://www.rfc-editor.org/info/rfc8145,200
rfc9364.xml,https://www.rfc-editor.org/info/rfc8198,200
rfc9364.xml,https://www.rfc-editor.org/info/rfc8499,200
rfc9364.xml,https://www.rfc-editor.org/info/rfc8509,200
rfc9364.xml,https://www.rfc-editor.org/info/rfc8624,200
rfc9364.xml,https://www.rfc-editor.org/info/rfc8901,200
rfc9364.xml,https://www.rfc-editor.org/info/rfc9077,200
rfc9364.xml,https://www.rfc-editor.org/info/rfc9157,200
rfc9364.xml,https://www.rfc-editor.org/info/rfc9276,200
rfc8914.xml,https://datatracker.ietf.org/doc/draft-ietf-dnsop-extended-error-16,200
rfc8914.xml,https://dx.doi.org/10.17487/rfc8914,200
rfc8914.xml,https://www.rfc-editor.org/info/rfc8914,200
rfc8914.xml,https://trustee.ietf.org/license-info,200
rfc8914.xml,https://www.rfc-editor.org/info/rfc2119,200
rfc8914.xml,https://www.rfc-editor.org/info/rfc4035,200
rfc8914.xml,https://www.rfc-editor.org/info/rfc5198,200
rfc8914.xml,https://www.rfc-editor.org/info/rfc6891,200
rfc8914.xml,https://www.rfc-editor.org/info/rfc8174,200
rfc8914.xml,https://www.rfc-editor.org/info/rfc8499,200
rfc8914.xml,https://www.rfc-editor.org/info/rfc8767,200
rfc8914.xml,http://www.potaroo.net/presentations/2016-06-27-dnssec.pdf,200
rfc8914.xml,https://www.rfc-editor.org/info/rfc2845,200
rfc8914.xml,https://www.rfc-editor.org/info/rfc2931,200
rfc8914.xml,https://www.rfc-editor.org/info/rfc8094,200
rfc8914.xml,https://www.rfc-editor.org/info/rfc8484,200
rfc9435.xml,https://datatracker.ietf.org/doc/draft-ietf-tsvwg-dscp-considerations-13,200
rfc9435.xml,https://dx.doi.org/10.17487/rfc9435,200
rfc9435.xml,https://www.rfc-editor.org/info/rfc9435,200
rfc9435.xml,https://trustee.ietf.org/license-info,200
rfc9435.xml,https://www.iana.org/assignments/dscp-registry/,200
rfc9435.xml,https://www.rfc-editor.org/info/rfc2119,200
rfc9435.xml,https://www.rfc-editor.org/info/rfc2474,200
rfc9435.xml,https://www.rfc-editor.org/info/rfc2475,200
rfc9435.xml,https://www.rfc-editor.org/info/rfc3260,200
rfc9435.xml,https://www.rfc-editor.org/info/rfc3290,200
rfc9435.xml,https://www.rfc-editor.org/info/rfc4594,200
rfc9435.xml,https://www.rfc-editor.org/info/rfc5129,200
rfc9435.xml,https://www.rfc-editor.org/info/rfc8100,200
rfc9435.xml,https://www.rfc-editor.org/info/rfc8436,200
rfc9435.xml,https://datatracker.ietf.org/doc/html/draft-learmonth-intarea-rfc1226-bis-03,200
rfc9435.xml,https://doi.org/10.1109/ITC30.2018.00034,Connection error: HTTP Error 418: Unknown Code
rfc9435.xml,https://doi.org/10.23919/TMA.2017.8002923,Connection error: HTTP Error 418: Unknown Code
rfc9435.xml,https://www.gsma.com/newsroom/wp-content/uploads/IR.34-v17.0.pdf,Connection error: HTTP Error 403: Forbidden
rfc9435.xml,https://standards.ieee.org/ieee/802.11/7028/,Connection error: HTTP Error 403: Forbidden
rfc9435.xml,https://doi.org/10.1109/IEEESTD.2004.94569,Connection error: HTTP Error 418: Unknown Code
rfc9435.xml,https://doi.org/10.1109/IEEESTD.2018.8403927,Connection error: HTTP Error 418: Unknown Code
rfc9435.xml,https://datatracker.ietf.org/meeting/115/materials/slides-115-iepg-sessa-considerations-for-assigning-dscps-01,200
rfc9435.xml,https://www.itu.int/rec/T-REC-Y.1566/en,200
rfc9435.xml,https://lists.freebsd.org/pipermail/freebsd-stable/2010-July/057710.html,200
rfc9435.xml,https://mef.net/Assets/Technical_Specifications/PDF/MEF_23.1.pdf,200
rfc9435.xml,https://datatracker.ietf.org/doc/html/draft-ietf-tsvwg-nqb-18,200
rfc9435.xml,https://www.rfc-editor.org/info/rfc791,200
rfc9435.xml,https://www.rfc-editor.org/info/rfc1122,200
rfc9435.xml,https://www.rfc-editor.org/info/rfc1349,200
rfc9435.xml,https://www.rfc-editor.org/info/rfc2597,200
rfc9435.xml,https://www.rfc-editor.org/info/rfc3086,200
rfc9435.xml,https://www.rfc-editor.org/info/rfc3246,200
rfc9435.xml,https://www.rfc-editor.org/info/rfc3270,200
rfc9435.xml,https://www.rfc-editor.org/info/rfc3662,200
rfc9435.xml,https://www.rfc-editor.org/info/rfc5127,200
rfc9435.xml,https://www.rfc-editor.org/info/rfc5160,200
rfc9435.xml,https://www.rfc-editor.org/info/rfc5415,200
rfc9435.xml,https://www.rfc-editor.org/info/rfc5865,200
rfc9435.xml,https://www.rfc-editor.org/info/rfc8126,200
rfc9435.xml,https://www.rfc-editor.org/info/rfc8174,200
rfc9435.xml,https://www.rfc-editor.org/info/rfc8325,200
rfc9435.xml,https://www.rfc-editor.org/info/rfc8622,200
rfc8844.xml,https://datatracker.ietf.org/doc/draft-ietf-mmusic-sdp-uks-07,200
rfc8844.xml,https://dx.doi.org/10.17487/rfc8844,200
rfc8844.xml,https://www.rfc-editor.org/info/rfc8844,200
rfc8844.xml,https://trustee.ietf.org/license-info,200
rfc8844.xml,https://www.rfc-editor.org/info/rfc20,200
rfc8844.xml,https://www.rfc-editor.org/info/rfc4648,200
rfc8844.xml,https://www.rfc-editor.org/info/rfc6347,200
rfc8844.xml,https://www.rfc-editor.org/info/rfc8842,200
rfc8844.xml,https://www.rfc-editor.org/info/rfc5763,200
rfc8844.xml,https://www.rfc-editor.org/info/rfc8122,200
rfc8844.xml,https://www.rfc-editor.org/info/rfc8259,200
rfc8844.xml,https://www.rfc-editor.org/info/rfc8225,200
rfc8844.xml,https://www.rfc-editor.org/info/rfc2119,200
rfc8844.xml,https://www.rfc-editor.org/info/rfc8174,200
rfc8844.xml,https://www.rfc-editor.org/info/rfc4566,200
rfc8844.xml,https://www.rfc-editor.org/info/rfc6234,200
rfc8844.xml,https://www.rfc-editor.org/info/rfc8224,200
rfc8844.xml,https://www.rfc-editor.org/info/rfc3711,200
rfc8844.xml,https://www.rfc-editor.org/info/rfc8446,200
rfc8844.xml,https://www.rfc-editor.org/info/rfc3629,200
rfc8844.xml,https://www.rfc-editor.org/info/rfc8827,200
rfc8844.xml,https://www.rfc-editor.org/info/rfc7696,200
rfc8844.xml,https://www.rfc-editor.org/info/rfc8445,200
rfc8844.xml,https://www.rfc-editor.org/info/rfc3725,200
rfc8844.xml,https://www.rfc-editor.org/info/rfc5761,200
rfc8844.xml,https://www.rfc-editor.org/info/rfc3550,200
rfc8844.xml,https://doi.org/10.1007/978-3-540-45146-4_24,200
rfc8844.xml,https://doi.org/10.1007/3-540-49162-7_12,200
rfc8844.xml,https://www.w3.org/TR/webrtc/,200
rfc8844.xml,https://www.rfc-editor.org/info/rfc6189,200
rfc8909.xml,https://datatracker.ietf.org/doc/draft-ietf-regext-data-escrow-10,200
rfc8909.xml,https://dx.doi.org/10.17487/rfc8909,200
rfc8909.xml,https://www.rfc-editor.org/info/rfc8909,200
rfc8909.xml,https://trustee.ietf.org/license-info,200
rfc8909.xml,https://www.rfc-editor.org/info/rfc2119,200
rfc8909.xml,https://www.rfc-editor.org/info/rfc3339,200
rfc8909.xml,https://www.rfc-editor.org/info/rfc8174,200
rfc8909.xml,https://www.rfc-editor.org/info/rfc8499,200
rfc8909.xml,https://www.w3.org/TR/2008/REC-xml-20081126/,200
rfc8909.xml,https://www.w3.org/TR/2004/REC-xmlschema-1-20041028/,200
rfc8909.xml,https://www.w3.org/TR/2004/REC-xmlschema-2-20041028/,200
rfc8909.xml,https://newgtlds.icann.org/sites/default/files/agreements/agreement-approved-31jul17-en.pdf,200
rfc8909.xml,https://www.rfc-editor.org/info/rfc3688,200
rfc8909.xml,https://www.rfc-editor.org/info/rfc7525,200
rfc9497.xml,https://datatracker.ietf.org/doc/draft-irtf-cfrg-voprf-21,200
rfc9497.xml,https://dx.doi.org/10.17487/rfc9497,200
rfc9497.xml,https://www.rfc-editor.org/info/rfc9497,200
rfc9497.xml,https://trustee.ietf.org/license-info,200
rfc9497.xml,https://doi.org/10.6028/nist.sp.800-56ar3,200
rfc9497.xml,https://www.rfc-editor.org/info/rfc2119,200
rfc9497.xml,https://www.rfc-editor.org/info/rfc8017,200
rfc9497.xml,https://www.rfc-editor.org/info/rfc8174,200
rfc9497.xml,https://www.rfc-editor.org/info/rfc9380,200
rfc9497.xml,https://www.rfc-editor.org/info/rfc9496,200
rfc9497.xml,https://eprint.iacr.org/2004/306,200
rfc9497.xml,https://doi.org/10.1007/3-540-48071-4_7,200
rfc9497.xml,https://doi.org/10.1007/11761679_1,200
rfc9497.xml,https://doi.org/10.1515/popets-2018-0026,200
rfc9497.xml,https://doi.org/10.1007/3-540-47721-7_12,200
rfc9497.xml,https://doi.org/10.1007/978-3-662-45608-8_13,200
rfc9497.xml,https://doi.org/10.1109/eurosp.2016.30,Connection error: HTTP Error 418: Unknown Code
rfc9497.xml,https://doi.org/10.6028/NIST.FIPS.186-5,200
rfc9497.xml,https://datatracker.ietf.org/doc/html/draft-irtf-cfrg-opaque-13,200
rfc9497.xml,https://datatracker.ietf.org/doc/html/draft-ietf-privacypass-protocol-16,200
rfc9497.xml,https://github.com/privacypass/team,200
rfc9497.xml,https://www.rfc-editor.org/info/rfc7748,200
rfc9497.xml,https://www.secg.org/sec1-v2.pdf,200
rfc9497.xml,https://doi.org/10.1109/ICDCS.2017.64,Connection error: HTTP Error 418: Unknown Code
rfc9497.xml,https://doi.org/10.1007/978-3-031-07085-3_23,200
rfc9064.xml,https://datatracker.ietf.org/doc/draft-oran-icnrg-qosarch-06,200
rfc9064.xml,https://dx.doi.org/10.17487/rfc9064,200
rfc9064.xml,https://www.rfc-editor.org/info/rfc9064,200
rfc9064.xml,https://trustee.ietf.org/license-info,200
rfc9064.xml,https://www.rfc-editor.org/info/rfc2119,200
rfc9064.xml,https://www.rfc-editor.org/info/rfc8174,200
rfc9064.xml,https://www.rfc-editor.org/info/rfc8569,200
rfc9064.xml,https://www.rfc-editor.org/info/rfc8609,200
rfc9064.xml,https://en.wikipedia.org/w/index.php?title=Autonomous_system_(Internet)&oldid=1025244754,200
rfc9064.xml,https://ieeexplore.ieee.org/document/8267132,Connection error: HTTP Error 418: Unknown Code
rfc9064.xml,https://www.hpl.hp.com/techreports/Compaq-DEC/SRC-RR-59.pdf,Connection error: <urlopen error [Errno 111] Connection refused>
rfc9064.xml,https://conferences.sigcomm.org/acm-icn/2018/proceedings/icn18-final31.pdf,200
rfc9064.xml,http://conferences.sigcomm.org/sigcomm/2012/paper/icn/p37.pdf,200
rfc9064.xml,https://doi.org/10.1016/j.comnet.2016.09.012,200
rfc9064.xml,https://datatracker.ietf.org/doc/html/draft-irtf-icnrg-ccninfo-06,200
rfc9064.xml,https://www.ietf.org/archive/id/draft-irtf-icnrg-ccninfo-06.txt,200
rfc9064.xml,https://datatracker.ietf.org/doc/html/draft-anilj-icnrg-dnc-qos-icn-02,200
rfc9064.xml,https://datatracker.ietf.org/doc/html/draft-oran-icnrg-flowbalance-05,200
rfc9064.xml,https://www.ietf.org/archive/id/draft-oran-icnrg-flowbalance-05.txt,200
rfc9064.xml,https://datatracker.ietf.org/doc/html/draft-moiseenko-icnrg-flowclass-07,200
rfc9064.xml,https://datatracker.ietf.org/doc/html/draft-muscariello-intarea-hicn-04,200
rfc9064.xml,https://www.ietf.org/archive/id/draft-muscariello-intarea-hicn-04.txt,200
rfc9064.xml,https://datatracker.ietf.org/doc/html/draft-irtf-icnrg-icntraceroute-02,200
rfc9064.xml,https://datatracker.ietf.org/doc/html/draft-gundogan-icnrg-iotqos-01,200
rfc9064.xml,https://conferences.sigcomm.org/acm-icn/2018/proceedings/icn18-final9.pdf,200
rfc9064.xml,http://conferences2.sigcomm.org/acm-icn/2016/proceedings/p1-mahdian.pdf,200
rfc9064.xml,https://en.wikipedia.org/w/index.php?title=Max-min_fairness&oldid=1028246910,200
rfc9064.xml,https://conferences.sigcomm.org/acm-icn/2017/proceedings/icn17-2.pdf,200
rfc9064.xml,https://named-data.net/project/execsummary/,200
rfc9064.xml,https://named-data.net/publications/tutorials/,200
rfc9064.xml,https://datatracker.ietf.org/doc/html/draft-irtf-nwcrg-nwc-ccn-reqs-05,200
rfc9064.xml,https://www.ietf.org/archive/id/draft-irtf-nwcrg-nwc-ccn-reqs-05.txt,200
rfc9064.xml,https://datatracker.ietf.org/meeting/interim-2018-icnrg-03/materials/slides-interim-2018-icnrg-03-sessa-thoughts-on-qos-for-ndnccn-style-icn-protocol-architectures,200
rfc9064.xml,https://en.wikipedia.org/w/index.php?title=Proportional-fair_scheduling&oldid=1027073289,200
rfc9064.xml,https://www.rfc-editor.org/info/rfc793,200
rfc9064.xml,https://www.rfc-editor.org/info/rfc2205,200
rfc9064.xml,https://www.rfc-editor.org/info/rfc2474,200
rfc9064.xml,https://www.rfc-editor.org/info/rfc2998,200
rfc9064.xml,https://www.rfc-editor.org/info/rfc3170,200
rfc9064.xml,https://www.rfc-editor.org/info/rfc3209,200
rfc9064.xml,https://www.rfc-editor.org/info/rfc4340,200
rfc9064.xml,https://www.rfc-editor.org/info/rfc4594,200
rfc9064.xml,https://www.rfc-editor.org/info/rfc4960,200
rfc9064.xml,https://www.rfc-editor.org/info/rfc9000,200
rfc9064.xml,http://conferences2.sigcomm.org/acm-icn/2016/proceedings/p21-schneider.pdf,200
rfc9064.xml,https://dl.acm.org/doi/10.1109/49.414637,Connection error: HTTP Error 403: Forbidden
rfc9064.xml,https://conferences.sigcomm.org/acm-icn/2018/proceedings/icn18-final62.pdf,200
rfc9064.xml,https://onlinelibrary.wiley.com/doi/abs/10.1002/net.10084,Connection error: HTTP Error 403: Forbidden
rfc9064.xml,https://ieeexplore.ieee.org/document/819168,Connection error: HTTP Error 418: Unknown Code
rfc9064.xml,https://conferences.sigcomm.org/sigcomm/2013/papers/icn/p55.pdf,200
rfc9139.xml,https://datatracker.ietf.org/doc/draft-irtf-icnrg-icnlowpan-11,200
rfc9139.xml,https://dx.doi.org/10.17487/rfc9139,200
rfc9139.xml,https://www.rfc-editor.org/info/rfc9139,200
rfc9139.xml,https://trustee.ietf.org/license-info,200
rfc9139.xml,https://standards.ieee.org/content/ieee-standards/en/standard/754-2019.html,Connection error: HTTP Error 403: Forbidden
rfc9139.xml,https://standards.ieee.org/standard/802_15_4-2020.html,Connection error: HTTP Error 403: Forbidden
rfc9139.xml,https://www.rfc-editor.org/info/rfc2119,200
rfc9139.xml,https://www.rfc-editor.org/info/rfc4944,200
rfc9139.xml,https://www.rfc-editor.org/info/rfc5497,200
rfc9139.xml,https://www.rfc-editor.org/info/rfc6256,200
rfc9139.xml,https://www.rfc-editor.org/info/rfc6282,200
rfc9139.xml,https://www.rfc-editor.org/info/rfc6775,200
rfc9139.xml,https://www.rfc-editor.org/info/rfc8174,200
rfc9139.xml,https://github.com/cn-uofbasel/ccn-lite,200
rfc9139.xml,https://doi.org/10.1016/j.comcom.2020.10.002,200
rfc9139.xml,https://datatracker.ietf.org/doc/html/draft-irtf-icnrg-flic-02,200
rfc9139.xml,https://www.ietf.org/archive/id/draft-irtf-icnrg-flic-02.txt,200
rfc9139.xml,https://doi.org/10.1145/1658939.1658941,Connection error: HTTP Error 403: Forbidden
rfc9139.xml,http://dx.doi.org/10.1145/2660129.2660144,Connection error: HTTP Error 403: Forbidden
rfc9139.xml,https://doi.org/10.1145/3267955.3267967,Connection error: HTTP Error 403: Forbidden
rfc9139.xml,https://doi.org/10.1145/3125719.3125737,Connection error: HTTP Error 403: Forbidden
rfc9139.xml,https://named-data.net/doc/NDN-packet-spec/0.3/,200
rfc9139.xml,https://www.rfc-editor.org/info/rfc7228,200
rfc9139.xml,https://www.rfc-editor.org/info/rfc7252,200
rfc9139.xml,https://www.rfc-editor.org/info/rfc7476,200
rfc9139.xml,https://www.rfc-editor.org/info/rfc7927,200
rfc9139.xml,https://www.rfc-editor.org/info/rfc7945,200
rfc9139.xml,https://www.rfc-editor.org/info/rfc8025,200
rfc9139.xml,https://www.rfc-editor.org/info/rfc8569,200
rfc9139.xml,https://www.rfc-editor.org/info/rfc8609,200
rfc9139.xml,https://www.rfc-editor.org/info/rfc8930,200
rfc9139.xml,https://www.rfc-editor.org/info/rfc8931,200
rfc9139.xml,https://doi.org/10.1109/JIOT.2018.2815038,Connection error: HTTP Error 418: Unknown Code
rfc9139.xml,https://doi.org/10.1145/3405656.3418719,Connection error: HTTP Error 403: Forbidden
rfc9139.xml,https://datatracker.ietf.org/meeting/interim-2015-icnrg-01/materials/slides-interim-2015-icnrg-1-2,200
rfc9139.xml,https://datatracker.ietf.org/meeting/interim-2015-icnrg-01/materials/slides-interim-2015-icnrg-1-8,200
rfc9600.xml,https://datatracker.ietf.org/doc/draft-ietf-trill-ecn-support-07,200
rfc9600.xml,https://dx.doi.org/10.17487/rfc9600,200
rfc9600.xml,https://www.rfc-editor.org/info/rfc9600,200
rfc9600.xml,https://trustee.ietf.org/license-info,200
rfc9600.xml,https://www.rfc-editor.org/info/rfc2119,200
rfc9600.xml,https://www.rfc-editor.org/info/rfc3168,200
rfc9600.xml,https://www.rfc-editor.org/info/rfc4774,200
rfc9600.xml,https://www.rfc-editor.org/info/rfc6325,200
rfc9600.xml,https://www.rfc-editor.org/info/rfc7179,200
rfc9600.xml,https://www.rfc-editor.org/info/rfc7567,200
rfc9600.xml,https://www.rfc-editor.org/info/rfc7780,200
rfc9600.xml,https://www.rfc-editor.org/info/rfc8174,200
rfc9600.xml,https://www.rfc-editor.org/info/rfc8311,200
rfc9600.xml,https://www.rfc-editor.org/info/rfc9599,200
rfc9600.xml,http://www.iana.org/assignments/trill-parameters/,200
rfc9600.xml,https://www.rfc-editor.org/info/rfc6040,200
rfc9600.xml,https://www.rfc-editor.org/info/rfc6660,200
rfc9600.xml,https://www.rfc-editor.org/info/rfc9331,200
rfc8842.xml,https://datatracker.ietf.org/doc/draft-ietf-mmusic-dtls-sdp-32,200
rfc8842.xml,https://dx.doi.org/10.17487/rfc8842,200
rfc8842.xml,https://www.rfc-editor.org/info/rfc8842,200
rfc8842.xml,https://trustee.ietf.org/license-info,200
rfc8842.xml,https://www.rfc-editor.org/info/rfc8122,200
rfc8842.xml,https://www.rfc-editor.org/info/rfc2119,200
rfc8842.xml,https://www.rfc-editor.org/info/rfc3261,200
rfc8842.xml,https://www.rfc-editor.org/info/rfc3264,200
rfc8842.xml,https://www.rfc-editor.org/info/rfc4145,200
rfc8842.xml,https://www.rfc-editor.org/info/rfc4566,200
rfc8842.xml,https://www.rfc-editor.org/info/rfc5763,200
rfc8842.xml,https://www.rfc-editor.org/info/rfc6347,200
rfc8842.xml,https://www.rfc-editor.org/info/rfc7345,200
rfc8842.xml,https://www.rfc-editor.org/info/rfc8122,200
rfc8842.xml,https://www.rfc-editor.org/info/rfc8174,200
rfc8842.xml,https://www.rfc-editor.org/info/rfc8445,200
rfc8842.xml,https://www.rfc-editor.org/info/rfc8843,200
rfc8842.xml,https://www.rfc-editor.org/info/rfc8859,200
rfc8842.xml,https://www.itu.int/rec/T-REC-T.38/en,200
rfc8842.xml,https://www.rfc-editor.org/info/rfc4474,200
rfc8842.xml,https://www.rfc-editor.org/info/rfc4572,200
rfc8842.xml,https://www.rfc-editor.org/info/rfc5576,200
rfc8842.xml,https://www.rfc-editor.org/info/rfc6083,200
rfc8842.xml,https://www.rfc-editor.org/info/rfc7983,200
rfc8842.xml,https://www.rfc-editor.org/info/rfc8224,200
rfc8842.xml,https://www.rfc-editor.org/info/rfc8839,200
rfc8842.xml,https://www.rfc-editor.org/info/rfc8844,200
rfc9607.xml,https://datatracker.ietf.org/doc/draft-ietf-avtcore-rtp-scip-09,200
rfc9607.xml,https://dx.doi.org/10.17487/rfc9607,200
rfc9607.xml,https://www.rfc-editor.org/info/rfc9607,200
rfc9607.xml,https://trustee.ietf.org/license-info,200
rfc9607.xml,https://www.iad.gov/SecurePhone/index.cfm,Connection error: <urlopen error [SSL: CERTIFICATE_VERIFY_FAILED] certificate verify failed: self-signed certificate in certificate chain (_ssl.c:1006)>
rfc9607.xml,https://www.rfc-editor.org/info/rfc2119,200
rfc9607.xml,https://www.rfc-editor.org/info/rfc2736,200
rfc9607.xml,https://www.rfc-editor.org/info/rfc3264,200
rfc9607.xml,https://www.rfc-editor.org/info/rfc3550,200
rfc9607.xml,https://www.rfc-editor.org/info/rfc3551,200
rfc9607.xml,https://www.rfc-editor.org/info/rfc3711,200
rfc9607.xml,https://www.rfc-editor.org/info/rfc4585,200
rfc9607.xml,https://www.rfc-editor.org/info/rfc5124,200
rfc9607.xml,https://www.rfc-editor.org/info/rfc8174,200
rfc9607.xml,https://www.rfc-editor.org/info/rfc8866,200
rfc9607.xml,https://www.iana.org/assignments/media-types,200
rfc9607.xml,https://www.rfc-editor.org/info/rfc4040,200
rfc9607.xml,https://www.rfc-editor.org/info/rfc4855,200
rfc9607.xml,https://www.rfc-editor.org/info/rfc4961,200
rfc9607.xml,https://www.rfc-editor.org/info/rfc5109,200
rfc9607.xml,https://www.rfc-editor.org/info/rfc5761,200
rfc9607.xml,https://www.rfc-editor.org/info/rfc6184,200
rfc9607.xml,https://www.rfc-editor.org/info/rfc6838,200
rfc9607.xml,https://www.rfc-editor.org/info/rfc7201,200
rfc9607.xml,https://www.rfc-editor.org/info/rfc7202,200
rfc9607.xml,https://www.rfc-editor.org/info/rfc8083,200
rfc9607.xml,https://www.rfc-editor.org/info/rfc8085,200
rfc9607.xml,https://www.rfc-editor.org/info/rfc8088,200
rfc9607.xml,https://www.rfc-editor.org/info/rfc8130,200
rfc9607.xml,https://www.rfc-editor.org/info/rfc9143,200
rfc9607.xml,https://www.rfc-editor.org/info/rfc9170,200
rfc9607.xml,https://datatracker.ietf.org/wg/rmcat/about,200
rfc8760.xml,https://datatracker.ietf.org/doc/draft-ietf-sipcore-digest-scheme-15,200
rfc8760.xml,https://dx.doi.org/10.17487/rfc8760,200
rfc8760.xml,https://www.rfc-editor.org/info/rfc8760,200
rfc8760.xml,https://trustee.ietf.org/license-info,200
rfc8760.xml,https://www.rfc-editor.org/info/rfc2119,200
rfc8760.xml,https://www.rfc-editor.org/info/rfc3261,200
rfc8760.xml,https://www.rfc-editor.org/info/rfc7234,200
rfc8760.xml,https://www.rfc-editor.org/info/rfc7616,200
rfc8760.xml,https://www.rfc-editor.org/info/rfc8174,200
rfc8760.xml,https://doi.org/10.6028/NIST.FIPS.180-4,200
rfc8760.xml,https://www.rfc-editor.org/info/rfc2617,200
rfc8760.xml,https://www.rfc-editor.org/info/rfc5234,200
rfc8760.xml,https://www.rfc-editor.org/info/rfc6151,200
rfc9748.xml,https://datatracker.ietf.org/doc/draft-ietf-ntp-update-registries-16,200
rfc9748.xml,https://dx.doi.org/10.17487/rfc9748,200
rfc9748.xml,https://www.rfc-editor.org/info/rfc9748,200
rfc9748.xml,https://trustee.ietf.org/license-info,200
rfc9748.xml,https://www.iana.org/assignments/ntp-parameters,200
rfc9748.xml,https://www.iana.org/assignments/nts,200
rfc9748.xml,https://www.rfc-editor.org/info/rfc5905,200
rfc9748.xml,https://www.rfc-editor.org/info/rfc5906,200
rfc9748.xml,https://www.rfc-editor.org/info/rfc7821,200
rfc9748.xml,https://www.rfc-editor.org/info/rfc7822,200
rfc9748.xml,https://www.rfc-editor.org/info/rfc8126,200
rfc9748.xml,https://www.rfc-editor.org/info/rfc8573,200
rfc9748.xml,https://www.rfc-editor.org/info/rfc8915,200
rfc9268.xml,https://datatracker.ietf.org/doc/draft-ietf-6man-mtu-option-15,200
rfc9268.xml,https://dx.doi.org/10.17487/rfc9268,200
rfc9268.xml,https://www.rfc-editor.org/info/rfc9268,200
rfc9268.xml,https://trustee.ietf.org/license-info,200
rfc9268.xml,https://www.iana.org/assignments/ipv6-parameters/,200
rfc9268.xml,https://www.rfc-editor.org/info/rfc2119,200
rfc9268.xml,https://www.rfc-editor.org/info/rfc8174,200
rfc9268.xml,https://www.rfc-editor.org/info/rfc8200,200
rfc9268.xml,https://www.rfc-editor.org/info/rfc8201,200
rfc9268.xml,https://www.rfc-editor.org/info/rfc1063,200
rfc9268.xml,https://www.rfc-editor.org/info/rfc1191,200
rfc9268.xml,https://www.rfc-editor.org/info/rfc2460,200
rfc9268.xml,https://www.rfc-editor.org/info/rfc4301,200
rfc9268.xml,https://www.rfc-editor.org/info/rfc4302,200
rfc9268.xml,https://www.rfc-editor.org/info/rfc4443,200
rfc9268.xml,https://www.rfc-editor.org/info/rfc4821,200
rfc9268.xml,https://www.rfc-editor.org/info/rfc4861,200
rfc9268.xml,https://www.rfc-editor.org/info/rfc6438,200
rfc9268.xml,https://www.rfc-editor.org/info/rfc7637,200
rfc9268.xml,https://www.rfc-editor.org/info/rfc8085,200
rfc9268.xml,https://www.rfc-editor.org/info/rfc8446,200
rfc9268.xml,https://www.rfc-editor.org/info/rfc8899,200
rfc9268.xml,https://www.rfc-editor.org/info/rfc8900,200
rfc9268.xml,https://www.rfc-editor.org/info/rfc9000,200
rfc9268.xml,https://www.rfc-editor.org/info/rfc9099,200
rfc9268.xml,https://datatracker.ietf.org/doc/bibxml3/draft-ietf-taps-arch.xml,200
rfc9268.xml,https://wiki.fd.io/view/VPP/What_is_VPP%3F,200
rfc9268.xml,https://gerrit.fd.io/r/c/vpp/+/21948,200
rfc9268.xml,https://www.wireshark.org,200
rfc9484.xml,https://datatracker.ietf.org/doc/draft-ietf-masque-connect-ip-13,200
rfc9484.xml,https://dx.doi.org/10.17487/rfc9484,200
rfc9484.xml,https://www.rfc-editor.org/info/rfc9484,200
rfc9484.xml,https://trustee.ietf.org/license-info,200
rfc9484.xml,https://www.iana.org/assignments/http-upgrade-tokens,200
rfc9484.xml,https://www.iana.org/assignments/masque,200
rfc9484.xml,https://www.iana.org/assignments/well-known-uris,200
rfc9484.xml,https://www.iana.org/assignments/well-known-uris,200
rfc9484.xml,https://www.iana.org/assignments/masque,200
rfc9484.xml,https://www.iana.org/assignments/masque,200
rfc9484.xml,https://www.rfc-editor.org/info/rfc5234,200
rfc9484.xml,https://www.rfc-editor.org/info/rfc2827,200
rfc9484.xml,https://www.rfc-editor.org/info/rfc9221,200
rfc9484.xml,https://www.rfc-editor.org/info/rfc2474,200
rfc9484.xml,https://www.rfc-editor.org/info/rfc3168,200
rfc9484.xml,https://www.rfc-editor.org/info/rfc8441,200
rfc9484.xml,https://www.rfc-editor.org/info/rfc9220,200
rfc9484.xml,https://www.rfc-editor.org/info/rfc9110,200
rfc9484.xml,https://www.rfc-editor.org/info/rfc9297,200
rfc9484.xml,https://www.rfc-editor.org/info/rfc9112,200
rfc9484.xml,https://www.rfc-editor.org/info/rfc9113,200
rfc9484.xml,https://www.rfc-editor.org/info/rfc9114,200
rfc9484.xml,https://www.rfc-editor.org/info/rfc8126,200
rfc9484.xml,https://www.rfc-editor.org/info/rfc792,200
rfc9484.xml,https://www.rfc-editor.org/info/rfc4443,200
rfc9484.xml,https://www.rfc-editor.org/info/rfc8200,200
rfc9484.xml,https://www.rfc-editor.org/info/rfc6874,200
rfc9484.xml,https://www.rfc-editor.org/info/rfc9209,200
rfc9484.xml,https://www.rfc-editor.org/info/rfc9000,200
rfc9484.xml,https://www.rfc-editor.org/info/rfc2119,200
rfc9484.xml,https://www.rfc-editor.org/info/rfc8174,200
rfc9484.xml,https://www.rfc-editor.org/info/rfc9293,200
rfc9484.xml,https://www.rfc-editor.org/info/rfc6570,200
rfc9484.xml,https://www.rfc-editor.org/info/rfc3986,200
rfc9484.xml,https://www.rfc-editor.org/info/rfc9298,200
rfc9484.xml,https://www.rfc-editor.org/info/rfc8899,200
rfc9484.xml,https://www.rfc-editor.org/info/rfc6040,200
rfc9484.xml,https://www.rfc-editor.org/info/rfc8305,200
rfc9484.xml,https://www.iana.org/assignments/protocol-numbers,200
rfc9484.xml,https://www.rfc-editor.org/info/rfc4301,200
rfc9484.xml,https://www.rfc-editor.org/info/rfc4291,200
rfc9484.xml,https://datatracker.ietf.org/doc/html/draft-schwartz-httpbis-optimistic-upgrade-00,200
rfc9484.xml,https://datatracker.ietf.org/doc/html/draft-ietf-masque-ip-proxy-reqs-03,200
rfc9484.xml,https://www.rfc-editor.org/info/rfc5095,200
rfc9484.xml,https://www.rfc-editor.org/info/rfc6169,200
rfc9484.xml,https://www.rfc-editor.org/info/rfc8085,200
rfc8696.xml,https://datatracker.ietf.org/doc/draft-ietf-lamps-cms-mix-with-psk-07,200
rfc8696.xml,https://dx.doi.org/10.17487/rfc8696,200
rfc8696.xml,https://www.rfc-editor.org/info/rfc8696,200
rfc8696.xml,https://trustee.ietf.org/license-info,200
rfc8696.xml,https://www.rfc-editor.org/info/rfc2119,200
rfc8696.xml,https://www.rfc-editor.org/info/rfc5083,200
rfc8696.xml,https://www.rfc-editor.org/info/rfc5652,200
rfc8696.xml,https://www.rfc-editor.org/info/rfc5912,200
rfc8696.xml,https://www.rfc-editor.org/info/rfc6268,200
rfc8696.xml,https://www.rfc-editor.org/info/rfc8126,200
rfc8696.xml,https://www.rfc-editor.org/info/rfc8174,200
rfc8696.xml,https://doi.org/10.6028/NIST.FIPS.197,200
rfc8696.xml,https://tools.ietf.org/html/draft-hoffman-c2pq-06,200
rfc8696.xml,http://www.ietf.org/internet-drafts/draft-hoffman-c2pq-06.txt,Connection error: HTTP Error 404: Not Found
rfc8696.xml,https://eprint.iacr.org/2016/961.pdf,200
rfc8696.xml,https://mailarchive.ietf.org/arch/msg/spasm/_6d_4jp3sOprAnbU2fp_yp_-6-k,200
rfc8696.xml,https://www.iana.org/assignments/smi-numbers,200
rfc8696.xml,https://doi.org/10.17226/25196,200
rfc8696.xml,https://nvlpubs.nist.gov/nistpubs/SpecialPublications/NIST.SP.800-56Cr1.pdf,200
rfc8696.xml,https://www.rfc-editor.org/info/rfc2631,200
rfc8696.xml,https://www.rfc-editor.org/info/rfc4086,200
rfc8696.xml,https://www.rfc-editor.org/info/rfc5280,200
rfc8696.xml,https://www.rfc-editor.org/info/rfc5753,200
rfc8696.xml,https://www.rfc-editor.org/info/rfc5869,200
rfc8696.xml,https://www.rfc-editor.org/info/rfc8017,200
rfc8696.xml,https://www.rfc-editor.org/info/rfc8619,200
rfc8862.xml,https://datatracker.ietf.org/doc/draft-ietf-sipbrandy-rtpsec-08,200
rfc8862.xml,https://dx.doi.org/10.17487/rfc8862,200
rfc8862.xml,https://www.rfc-editor.org/info/rfc8862,200
rfc8862.xml,https://trustee.ietf.org/license-info,200
rfc8862.xml,https://www.rfc-editor.org/info/rfc2119,200
rfc8862.xml,https://www.rfc-editor.org/info/rfc3261,200
rfc8862.xml,https://www.rfc-editor.org/info/rfc3264,200
rfc8862.xml,https://www.rfc-editor.org/info/rfc3323,200
rfc8862.xml,https://www.rfc-editor.org/info/rfc3550,200
rfc8862.xml,https://www.rfc-editor.org/info/rfc3711,200
rfc8862.xml,https://www.rfc-editor.org/info/rfc4566,200
rfc8862.xml,https://www.rfc-editor.org/info/rfc4568,200
rfc8862.xml,https://www.rfc-editor.org/info/rfc4916,200
rfc8862.xml,https://www.rfc-editor.org/info/rfc5763,200
rfc8862.xml,https://www.rfc-editor.org/info/rfc7258,200
rfc8862.xml,https://www.rfc-editor.org/info/rfc7675,200
rfc8862.xml,https://www.rfc-editor.org/info/rfc7879,200
rfc8862.xml,https://www.rfc-editor.org/info/rfc8174,200
rfc8862.xml,https://www.rfc-editor.org/info/rfc8224,200
rfc8862.xml,https://www.rfc-editor.org/info/rfc8225,200
rfc8862.xml,https://www.rfc-editor.org/info/rfc8226,200
rfc8862.xml,https://www.rfc-editor.org/info/rfc8445,200
rfc8862.xml,https://www.rfc-editor.org/info/rfc8446,200
rfc8862.xml,https://www.rfc-editor.org/info/rfc8838,200
rfc8862.xml,https://www.rfc-editor.org/info/rfc8839,200
rfc8862.xml,https://www.rfc-editor.org/info/rfc8840,200
rfc8862.xml,https://tools.ietf.org/html/draft-ietf-acme-authority-token-05,200
rfc8862.xml,http://www.ietf.org/internet-drafts/draft-ietf-acme-authority-token-05.txt,Connection error: HTTP Error 404: Not Found
rfc8862.xml,https://tools.ietf.org/html/draft-kaplan-mmusic-best-effort-srtp-01,200
rfc8862.xml,http://www.ietf.org/internet-drafts/draft-kaplan-mmusic-best-effort-srtp-01.txt,Connection error: HTTP Error 404: Not Found
rfc8862.xml,https://www.rfc-editor.org/info/rfc4474,200
rfc8862.xml,https://www.rfc-editor.org/info/rfc6189,200
rfc8862.xml,https://www.rfc-editor.org/info/rfc6962,200
rfc8862.xml,https://www.rfc-editor.org/info/rfc7245,200
rfc8862.xml,https://www.rfc-editor.org/info/rfc7435,200
rfc8862.xml,https://www.rfc-editor.org/info/rfc7616,200
rfc8862.xml,https://www.rfc-editor.org/info/rfc8551,200
rfc8862.xml,https://www.rfc-editor.org/info/rfc8643,200
rfc9344.xml,https://datatracker.ietf.org/doc/draft-irtf-icnrg-ccninfo-15,200
rfc9344.xml,https://dx.doi.org/10.17487/rfc9344,200
rfc9344.xml,https://www.rfc-editor.org/info/rfc9344,200
rfc9344.xml,https://trustee.ietf.org/license-info,200
rfc9344.xml,https://www.rfc-editor.org/info/rfc2119,200
rfc9344.xml,https://www.rfc-editor.org/info/rfc8126,200
rfc9344.xml,https://www.rfc-editor.org/info/rfc8174,200
rfc9344.xml,https://www.rfc-editor.org/info/rfc8569,200
rfc9344.xml,https://www.rfc-editor.org/info/rfc8609,200
rfc9344.xml,https://doi.org/10.1587/transcom.2018EII0001,200
rfc9344.xml,https://cefore.net/,200
rfc9344.xml,https://doi.org/10.1109/ICC.2018.8422233,Connection error: HTTP Error 418: Unknown Code
rfc9344.xml,https://doi.org/10.1109/MCOM.2015.7060502,Connection error: HTTP Error 418: Unknown Code
rfc9344.xml,https://doi.org/10.1109/TNSE.2018.2872049,Connection error: HTTP Error 418: Unknown Code
rfc9344.xml,https://datatracker.ietf.org/doc/html/draft-irtf-icnrg-icnping-07,200
rfc9344.xml,https://datatracker.ietf.org/doc/html/draft-irtf-icnrg-icntraceroute-07,200
rfc9344.xml,https://www.rfc-editor.org/info/rfc8487,200
rfc9344.xml,https://www.rfc-editor.org/info/rfc8793,200
rfc9458.xml,https://datatracker.ietf.org/doc/draft-ietf-ohai-ohttp-10,200
rfc9458.xml,https://dx.doi.org/10.17487/rfc9458,200
rfc9458.xml,https://www.rfc-editor.org/info/rfc9458,200
rfc9458.xml,https://trustee.ietf.org/license-info,200
rfc9458.xml,https://www.iana.org/assignments/hpke,200
rfc9458.xml,https://www.iana.org/assignments/hpke,200
rfc9458.xml,https://www.iana.org/assignments/hpke,200
rfc9458.xml,https://www.iana.org/assignments/hpke,200
rfc9458.xml,https://iana.org/assignments/media-types,200
rfc9458.xml,https://iana.org/assignments/http-problem-types,200
rfc9458.xml,https://www.rfc-editor.org/info/rfc20,200
rfc9458.xml,https://www.rfc-editor.org/info/rfc9292,200
rfc9458.xml,https://www.rfc-editor.org/info/rfc9180,200
rfc9458.xml,https://www.rfc-editor.org/info/rfc9110,200
rfc9458.xml,https://www.rfc-editor.org/info/rfc9111,200
rfc9458.xml,https://www.rfc-editor.org/info/rfc9457,200
rfc9458.xml,https://www.rfc-editor.org/info/rfc9000,200
rfc9458.xml,https://www.rfc-editor.org/info/rfc2119,200
rfc9458.xml,https://www.rfc-editor.org/info/rfc6838,200
rfc9458.xml,https://www.rfc-editor.org/info/rfc8174,200
rfc9458.xml,https://www.rfc-editor.org/info/rfc8470,200
rfc9458.xml,https://www.rfc-editor.org/info/rfc8446,200
rfc9458.xml,https://doi.org/10.1145/3133956.3134007,Connection error: HTTP Error 403: Forbidden
rfc9458.xml,https://datatracker.ietf.org/doc/html/draft-ietf-privacypass-key-consistency-01,200
rfc9458.xml,https://www.rfc-editor.org/info/rfc6265,200
rfc9458.xml,https://svn.torproject.org/svn/projects/design-paper/tor-design.html,200
rfc9458.xml,https://www.ics.uci.edu/~fielding/pubs/dissertation/fielding_dissertation.pdf,200
rfc9458.xml,https://www.rfc-editor.org/info/rfc7239,200
rfc9458.xml,https://www.rfc-editor.org/info/rfc9112,200
rfc9458.xml,https://www.rfc-editor.org/info/rfc9113,200
rfc9458.xml,https://www.rfc-editor.org/info/rfc9114,200
rfc9458.xml,https://www.rfc-editor.org/info/rfc5905,200
rfc9458.xml,https://www.rfc-editor.org/info/rfc9230,200
rfc9458.xml,https://www.petsymposium.org/2021/files/papers/issue4/popets-2021-0085.pdf,200
rfc9458.xml,https://github.com/cloudflare/ohttp-analysis,200
rfc9458.xml,https://crypto.stanford.edu/prio/paper.pdf,200
rfc9458.xml,https://www.rfc-editor.org/info/rfc4086,200
rfc9458.xml,https://www.rfc-editor.org/info/rfc7838,200
rfc9458.xml,https://www.rfc-editor.org/info/rfc8484,200
rfc9458.xml,https://www.rfc-editor.org/info/rfc6570,200
rfc9458.xml,https://www.w3.org/2001/tag/doc/unsanctioned-tracking/,200
rfc9458.xml,https://www.rfc-editor.org/info/rfc7748,200
rfc8819.xml,https://datatracker.ietf.org/doc/draft-ietf-netmod-module-tags-10,200
rfc8819.xml,https://dx.doi.org/10.17487/rfc8819,200
rfc8819.xml,https://www.rfc-editor.org/info/rfc8819,200
rfc8819.xml,https://trustee.ietf.org/license-info,200
rfc8819.xml,https://www.rfc-editor.org/info/rfc2119,200
rfc8819.xml,https://www.rfc-editor.org/info/rfc7950,200
rfc8819.xml,https://www.rfc-editor.org/info/rfc8126,200
rfc8819.xml,https://www.rfc-editor.org/info/rfc8174,200
rfc8819.xml,https://www.rfc-editor.org/info/rfc8199,200
rfc8819.xml,https://www.rfc-editor.org/info/rfc8342,200
rfc8819.xml,https://www.rfc-editor.org/info/rfc8407,200
rfc8819.xml,https://www.rfc-editor.org/info/rfc3688,200
rfc8819.xml,https://www.rfc-editor.org/info/rfc5198,200
rfc8819.xml,https://www.rfc-editor.org/info/rfc6020,200
rfc8819.xml,https://www.rfc-editor.org/info/rfc6241,200
rfc8819.xml,https://www.rfc-editor.org/info/rfc6242,200
rfc8819.xml,https://www.rfc-editor.org/info/rfc8340,200
rfc9161.xml,https://datatracker.ietf.org/doc/draft-ietf-bess-evpn-proxy-arp-nd-16,200
rfc9161.xml,https://dx.doi.org/10.17487/rfc9161,200
rfc9161.xml,https://www.rfc-editor.org/info/rfc9161,200
rfc9161.xml,https://trustee.ietf.org/license-info,200
rfc9161.xml,https://www.rfc-editor.org/info/rfc826,200
rfc9161.xml,https://www.rfc-editor.org/info/rfc2119,200
rfc9161.xml,https://www.rfc-editor.org/info/rfc4861,200
rfc9161.xml,https://www.rfc-editor.org/info/rfc5227,200
rfc9161.xml,https://www.rfc-editor.org/info/rfc7432,200
rfc9161.xml,https://www.rfc-editor.org/info/rfc8174,200
rfc9161.xml,https://www.rfc-editor.org/info/rfc9047,200
rfc9161.xml,https://www.euro-ix.net/en/forixps/set-ixp/ixp-bcops,200
rfc9161.xml,https://www.rfc-editor.org/info/rfc4862,200
rfc9161.xml,https://www.rfc-editor.org/info/rfc6820,200
rfc9161.xml,https://www.rfc-editor.org/info/rfc6957,200
rfc8685.xml,https://datatracker.ietf.org/doc/draft-ietf-pce-hierarchy-extensions-11,200
rfc8685.xml,https://dx.doi.org/10.17487/rfc8685,200
rfc8685.xml,https://www.rfc-editor.org/info/rfc8685,200
rfc8685.xml,https://trustee.ietf.org/license-info,200
rfc8685.xml,https://www.rfc-editor.org/info/rfc2119,200
rfc8685.xml,https://www.rfc-editor.org/info/rfc5440,200
rfc8685.xml,https://www.rfc-editor.org/info/rfc5541,200
rfc8685.xml,https://www.rfc-editor.org/info/rfc8174,200
rfc8685.xml,https://www.rfc-editor.org/info/rfc4105,200
rfc8685.xml,https://www.rfc-editor.org/info/rfc4216,200
rfc8685.xml,https://www.rfc-editor.org/info/rfc4655,200
rfc8685.xml,https://www.rfc-editor.org/info/rfc4726,200
rfc8685.xml,https://www.rfc-editor.org/info/rfc5152,200
rfc8685.xml,https://www.rfc-editor.org/info/rfc5376,200
rfc8685.xml,https://www.rfc-editor.org/info/rfc5394,200
rfc8685.xml,https://www.rfc-editor.org/info/rfc5520,200
rfc8685.xml,https://www.rfc-editor.org/info/rfc5441,200
rfc8685.xml,https://www.rfc-editor.org/info/rfc5925,200
rfc8685.xml,https://www.rfc-editor.org/info/rfc6805,200
rfc8685.xml,https://www.rfc-editor.org/info/rfc7399,200
rfc8685.xml,https://www.rfc-editor.org/info/rfc7420,200
rfc8685.xml,https://www.rfc-editor.org/info/rfc7752,200
rfc8685.xml,https://www.rfc-editor.org/info/rfc7897,200
rfc8685.xml,https://www.rfc-editor.org/info/rfc8126,200
rfc8685.xml,https://www.rfc-editor.org/info/rfc8253,200
rfc8685.xml,https://www.rfc-editor.org/info/rfc8446,200
rfc8685.xml,https://tools.ietf.org/html/draft-ietf-pce-pcep-yang-13,200
rfc8685.xml,https://tools.ietf.org/html/draft-ietf-pce-stateful-hpce-15,200
rfc8685.xml,http://www.ietf.org/internet-drafts/draft-ietf-pce-stateful-hpce-15.txt,Connection error: HTTP Error 404: Not Found
rfc8685.xml,https://tools.ietf.org/html/draft-dhodylee-pce-pcep-ls-14,200
rfc8685.xml,http://www.ietf.org/internet-drafts/draft-dhodylee-pce-pcep-ls-14.txt,Connection error: HTTP Error 404: Not Found
rfc8779.xml,https://datatracker.ietf.org/doc/draft-ietf-pce-gmpls-pcep-extensions-16,200
rfc8779.xml,https://dx.doi.org/10.17487/rfc8779,200
rfc8779.xml,https://www.rfc-editor.org/info/rfc8779,200
rfc8779.xml,https://trustee.ietf.org/license-info,200
rfc8779.xml,https://www.itu.int/rec/T-REC-G.709-201606-I/en,200
rfc8779.xml,https://www.rfc-editor.org/info/rfc2119,200
rfc8779.xml,https://www.rfc-editor.org/info/rfc2210,200
rfc8779.xml,https://www.rfc-editor.org/info/rfc3209,200
rfc8779.xml,https://www.rfc-editor.org/info/rfc3471,200
rfc8779.xml,https://www.rfc-editor.org/info/rfc3473,200
rfc8779.xml,https://www.rfc-editor.org/info/rfc3477,200
rfc8779.xml,https://www.rfc-editor.org/info/rfc3630,200
rfc8779.xml,https://www.rfc-editor.org/info/rfc4003,200
rfc8779.xml,https://www.rfc-editor.org/info/rfc4328,200
rfc8779.xml,https://www.rfc-editor.org/info/rfc4606,200
rfc8779.xml,https://www.rfc-editor.org/info/rfc4802,200
rfc8779.xml,https://www.rfc-editor.org/info/rfc4872,200
rfc8779.xml,https://www.rfc-editor.org/info/rfc4873,200
rfc8779.xml,https://www.rfc-editor.org/info/rfc5088,200
rfc8779.xml,https://www.rfc-editor.org/info/rfc5089,200
rfc8779.xml,https://www.rfc-editor.org/info/rfc5440,200
rfc8779.xml,https://www.rfc-editor.org/info/rfc5511,200
rfc8779.xml,https://www.rfc-editor.org/info/rfc5520,200
rfc8779.xml,https://www.rfc-editor.org/info/rfc5521,200
rfc8779.xml,https://www.rfc-editor.org/info/rfc5541,200
rfc8779.xml,https://www.rfc-editor.org/info/rfc6001,200
rfc8779.xml,https://www.rfc-editor.org/info/rfc6003,200
rfc8779.xml,https://www.rfc-editor.org/info/rfc6205,200
rfc8779.xml,https://www.rfc-editor.org/info/rfc6387,200
rfc8779.xml,https://www.rfc-editor.org/info/rfc7139,200
rfc8779.xml,https://www.rfc-editor.org/info/rfc7570,200
rfc8779.xml,https://www.rfc-editor.org/info/rfc7792,200
rfc8779.xml,https://www.rfc-editor.org/info/rfc8126,200
rfc8779.xml,https://www.rfc-editor.org/info/rfc8174,200
rfc8779.xml,https://www.rfc-editor.org/info/rfc8253,200
rfc8779.xml,https://www.rfc-editor.org/info/rfc8282,200
rfc8779.xml,https://www.rfc-editor.org/info/rfc8306,200
rfc8779.xml,https://www.rfc-editor.org/info/rfc4655,200
rfc8779.xml,https://www.rfc-editor.org/info/rfc4657,200
rfc8779.xml,https://www.rfc-editor.org/info/rfc5920,200
rfc8779.xml,https://www.rfc-editor.org/info/rfc6123,200
rfc8779.xml,https://www.rfc-editor.org/info/rfc6163,200
rfc8779.xml,https://www.rfc-editor.org/info/rfc7025,200
rfc8779.xml,https://www.rfc-editor.org/info/rfc7449,200
rfc9648.xml,https://datatracker.ietf.org/doc/draft-ietf-tcpm-yang-tcp-09,200
rfc9648.xml,https://dx.doi.org/10.17487/rfc9648,200
rfc9648.xml,https://www.rfc-editor.org/info/rfc9648,200
rfc9648.xml,https://trustee.ietf.org/license-info,200
rfc9648.xml,https://www.rfc-editor.org/info/rfc2119,200
rfc9648.xml,https://www.rfc-editor.org/info/rfc2385,200
rfc9648.xml,https://www.rfc-editor.org/info/rfc3688,200
rfc9648.xml,https://www.rfc-editor.org/info/rfc4252,200
rfc9648.xml,https://www.rfc-editor.org/info/rfc5925,200
rfc9648.xml,https://www.rfc-editor.org/info/rfc5926,200
rfc9648.xml,https://www.rfc-editor.org/info/rfc6020,200
rfc9648.xml,https://www.rfc-editor.org/info/rfc6241,200
rfc9648.xml,https://www.rfc-editor.org/info/rfc6991,200
rfc9648.xml,https://www.rfc-editor.org/info/rfc7950,200
rfc9648.xml,https://www.rfc-editor.org/info/rfc8040,200
rfc9648.xml,https://www.rfc-editor.org/info/rfc8174,200
rfc9648.xml,https://www.rfc-editor.org/info/rfc8177,200
rfc9648.xml,https://www.rfc-editor.org/info/rfc8340,200
rfc9648.xml,https://www.rfc-editor.org/info/rfc8341,200
rfc9648.xml,https://www.rfc-editor.org/info/rfc8342,200
rfc9648.xml,https://www.rfc-editor.org/info/rfc8446,200
rfc9648.xml,https://www.rfc-editor.org/info/rfc9000,200
rfc9648.xml,https://www.rfc-editor.org/info/rfc9293,200
rfc9648.xml,https://www.rfc-editor.org/info/rfc9643,200
rfc9648.xml,https://datatracker.ietf.org/doc/html/draft-ietf-idr-bgp-model-17,200
rfc9648.xml,https://datatracker.ietf.org/doc/html/draft-ietf-i2nsf-capability-data-model-32,200
rfc9648.xml,https://datatracker.ietf.org/doc/html/draft-ietf-i2nsf-nsf-facing-interface-dm-29,200
rfc9648.xml,https://www.rfc-editor.org/info/rfc4022,200
rfc9648.xml,https://www.rfc-editor.org/info/rfc4364,200
rfc9648.xml,https://www.rfc-editor.org/info/rfc4898,200
rfc9648.xml,https://www.rfc-editor.org/info/rfc6151,200
rfc9648.xml,https://www.rfc-editor.org/info/rfc6643,200
rfc9648.xml,https://www.rfc-editor.org/info/rfc6952,200
rfc9648.xml,https://www.rfc-editor.org/info/rfc8259,200
rfc9648.xml,https://www.rfc-editor.org/info/rfc8407,200
rfc9648.xml,https://www.rfc-editor.org/info/rfc8512,200
rfc9648.xml,https://www.rfc-editor.org/info/rfc8513,200
rfc9648.xml,https://www.rfc-editor.org/info/rfc8519,200
rfc9648.xml,https://www.rfc-editor.org/info/rfc8684,200
rfc9648.xml,https://www.rfc-editor.org/info/rfc8783,200
rfc9648.xml,https://www.rfc-editor.org/info/rfc8792,200
rfc9648.xml,https://www.rfc-editor.org/info/rfc9182,200
rfc9648.xml,https://www.rfc-editor.org/info/rfc9235,200
rfc9648.xml,https://datatracker.ietf.org/doc/html/draft-ietf-taps-interface-26,200
rfc9648.xml,https://www.w3.org/TR/2008/REC-xml-20081126/,200
rfc9233.xml,https://datatracker.ietf.org/doc/draft-faltstrom-unicode12-07,200
rfc9233.xml,https://dx.doi.org/10.17487/rfc9233,200
rfc9233.xml,https://www.rfc-editor.org/info/rfc9233,200
rfc9233.xml,https://trustee.ietf.org/license-info,200
rfc9233.xml,https://www.iana.org/assignments/idna-tables/,200
rfc9233.xml,https://www.rfc-editor.org/info/rfc3491,200
rfc9233.xml,https://www.rfc-editor.org/info/rfc5890,200
rfc9233.xml,https://www.rfc-editor.org/info/rfc5891,200
rfc9233.xml,https://www.rfc-editor.org/info/rfc5892,200
rfc9233.xml,https://www.rfc-editor.org/info/rfc5893,200
rfc9233.xml,https://www.rfc-editor.org/info/rfc6452,200
rfc9233.xml,https://www.iab.org/documents/correspondence-reports-documents/2015-2/iab-statement-on-identifiers-and-unicode-7-0-0/archive/,Connection error: HTTP Error 403: Forbidden
rfc9233.xml,https://www.iab.org/documents/correspondence-reports-documents/2015-2/iab-statement-on-identifiers-and-unicode-7-0-0/,Connection error: HTTP Error 403: Forbidden
rfc9233.xml,https://www.iana.org/assignments/idna-tables-12.0.0/,200
rfc9233.xml,https://datatracker.ietf.org/doc/html/draft-klensin-idna-5892upd-unicode70-05,200
rfc9233.xml,https://www.ietf.org/archive/id/draft-klensin-idna-5892upd-unicode70-05.txt,200
rfc9233.xml,https://www.rfc-editor.org/info/rfc3454,200
rfc9233.xml,https://www.rfc-editor.org/info/rfc3490,200
rfc9233.xml,https://www.rfc-editor.org/info/rfc5894,200
rfc9233.xml,https://www.rfc-editor.org/info/rfc5895,200
rfc9233.xml,https://www.rfc-editor.org/info/rfc6912,200
rfc9233.xml,https://www.rfc-editor.org/info/rfc8753,200
rfc9233.xml,https://www.icann.org/en/system/files/files/sac-084-en.pdf,Connection error: HTTP Error 403: Forbidden
rfc9233.xml,https://www.unicode.org/versions/Unicode3.2.0/,200
rfc9233.xml,https://www.unicode.org/versions/Unicode5.2.0/,200
rfc9233.xml,https://www.unicode.org/versions/Unicode6.0.0/,200
rfc9233.xml,https://www.unicode.org/versions/Unicode7.0.0/,200
rfc9233.xml,https://www.unicode.org/versions/Unicode8.0.0/,200
rfc9233.xml,https://www.unicode.org/versions/Unicode10.0.0/,200
rfc9233.xml,https://www.unicode.org/versions/Unicode11.0.0/,200
rfc9233.xml,https://www.unicode.org/versions/Unicode12.0.0/,200
rfc9233.xml,https://www.unicode.org/reports/tr46/tr46-23.html,200
rfc9376.xml,https://datatracker.ietf.org/doc/draft-ietf-ccamp-gmpls-otn-b100g-applicability-15,200
rfc9376.xml,https://dx.doi.org/10.17487/rfc9376,200
rfc9376.xml,https://www.rfc-editor.org/info/rfc9376,200
rfc9376.xml,https://trustee.ietf.org/license-info,200
rfc9376.xml,https://www.rfc-editor.org/info/rfc5920,200
rfc9376.xml,https://www.rfc-editor.org/info/rfc7138,200
rfc9376.xml,https://www.rfc-editor.org/info/rfc7139,200
rfc9376.xml,https://www.rfc-editor.org/info/rfc7062,200
rfc9376.xml,https://www.rfc-editor.org/info/rfc7096,200
rfc9391.xml,https://datatracker.ietf.org/doc/draft-ietf-lpwan-schc-over-nbiot-15,200
rfc9391.xml,https://dx.doi.org/10.17487/rfc9391,200
rfc9391.xml,https://www.rfc-editor.org/info/rfc9391,200
rfc9391.xml,https://trustee.ietf.org/license-info,200
rfc9391.xml,https://www.rfc-editor.org/info/rfc2119,200
rfc9391.xml,https://www.rfc-editor.org/info/rfc8174,200
rfc9391.xml,https://www.rfc-editor.org/info/rfc8724,200
rfc9391.xml,https://www.rfc-editor.org/info/rfc8824,200
rfc9391.xml,https://www.openmobilealliance.org/release/REST_NetAPI_Common/V1_0-20180116-A/OMA-TS-REST_NetAPI_Common-V1_0-20180116-A.pdf,Connection error: HTTP Error 403: Forbidden
rfc9391.xml,https://www.3gpp.org/specifications-technologies/releases/release-15,200
rfc9391.xml,https://www.rfc-editor.org/info/rfc5795,200
rfc9391.xml,https://www.rfc-editor.org/info/rfc8376,200
rfc9391.xml,https://ftp.onem2m.org/work%20programme/WI-0037/TR-0024-3GPP_Interworking-V4_3_0.DOCX,200
rfc9391.xml,https://www.3gpp.org/ftp/Specs/archive/23_series/23.720/23720-d00.zip,200
rfc9391.xml,https://www.3gpp.org/ftp//Specs/archive/24_series/24.301/24301-f80.zip,200
rfc9391.xml,https://www.3gpp.org/ftp/Specs/archive/36_series/36.321/36321-d20.zip,200
rfc9391.xml,https://www.3gpp.org/ftp/Specs/archive/23_series/23.222/23222-f60.zip,200
rfc9391.xml,https://www.3gpp.org/ftp//Specs/archive/24_series/24.008/24008-f50.zip,200
rfc9391.xml,https://www.3gpp.org/ftp//Specs/archive/33_series/33.122/33122-f30.zip,200
rfc9391.xml,https://www.3gpp.org/ftp/Specs/archive/36_series/36.201/36201-f10.zip,200
rfc9391.xml,https://www.3gpp.org/ftp/Specs/archive/36_series/36.322/36322-f01.zip,200
rfc9391.xml,https://www.3gpp.org/ftp/Specs/archive/36_series/36.323/36323-d20.zip,200
rfc9391.xml,https://www.3gpp.org/ftp//Specs/archive/36_series/36.331/36331-f51.zip,200
rfc9595.xml,https://datatracker.ietf.org/doc/draft-ietf-core-sid-24,200
rfc9595.xml,https://dx.doi.org/10.17487/rfc9595,200
rfc9595.xml,https://www.rfc-editor.org/info/rfc9595,200
rfc9595.xml,https://trustee.ietf.org/license-info,200
rfc9595.xml,https://www.iana.org/,200
rfc9595.xml,https://www.rfc-editor.org/info/bcp100,200
rfc9595.xml,https://www.rfc-editor.org/info/rfc7120,200
rfc9595.xml,https://www.rfc-editor.org/info/bcp14,200
rfc9595.xml,https://www.rfc-editor.org/info/rfc2119,200
rfc9595.xml,https://www.rfc-editor.org/info/rfc8174,200
rfc9595.xml,https://www.rfc-editor.org/info/bcp81,200
rfc9595.xml,https://www.rfc-editor.org/info/rfc3688,200
rfc9595.xml,https://www.rfc-editor.org/info/rfc6991,200
rfc9595.xml,https://www.rfc-editor.org/info/rfc7950,200
rfc9595.xml,https://www.rfc-editor.org/info/rfc7951,200
rfc9595.xml,https://www.rfc-editor.org/info/rfc8040,200
rfc9595.xml,https://www.rfc-editor.org/info/rfc8791,200
rfc9595.xml,https://www.rfc-editor.org/info/std68,200
rfc9595.xml,https://www.rfc-editor.org/info/rfc5234,200
rfc9595.xml,https://www.rfc-editor.org/info/std90,200
rfc9595.xml,https://www.rfc-editor.org/info/rfc8259,200
rfc9595.xml,https://www.rfc-editor.org/info/bcp215,200
rfc9595.xml,https://www.rfc-editor.org/info/rfc8340,200
rfc9595.xml,https://www.rfc-editor.org/info/bcp216,200
rfc9595.xml,https://www.rfc-editor.org/info/rfc8407,200
rfc9595.xml,https://www.rfc-editor.org/info/bcp26,200
rfc9595.xml,https://www.rfc-editor.org/info/rfc8126,200
rfc9595.xml,https://datatracker.ietf.org/doc/html/draft-ietf-core-comi-18,200
rfc9595.xml,https://datatracker.ietf.org/doc/html/draft-bormann-t2trg-deref-id-03,200
rfc9595.xml,https://github.com/mbj4668/pyang,200
rfc9595.xml,https://www.rfc-editor.org/info/rfc6020,200
rfc9595.xml,https://www.rfc-editor.org/info/rfc6241,200
rfc9595.xml,https://www.rfc-editor.org/info/rfc7224,200
rfc9595.xml,https://www.rfc-editor.org/info/rfc7228,200
rfc9595.xml,https://www.rfc-editor.org/info/rfc7317,200
rfc9595.xml,https://www.rfc-editor.org/info/rfc8343,200
rfc9595.xml,https://www.rfc-editor.org/info/rfc8344,200
rfc9595.xml,https://www.rfc-editor.org/info/rfc8792,200
rfc9595.xml,https://www.rfc-editor.org/info/rfc9195,200
rfc9595.xml,https://www.rfc-editor.org/info/rfc9254,200
rfc9595.xml,https://www.rfc-editor.org/info/std91,200
rfc9595.xml,https://www.rfc-editor.org/info/rfc8341,200
rfc9595.xml,https://datatracker.ietf.org/doc/html/draft-ietf-core-yang-library-03,200
rfc9595.xml,https://yangcatalog.org,Connection error: HTTP Error 403: Forbidden
rfc8826.xml,https://datatracker.ietf.org/doc/draft-ietf-rtcweb-security-12,200
rfc8826.xml,https://dx.doi.org/10.17487/rfc8826,200
rfc8826.xml,https://www.rfc-editor.org/info/rfc8826,200
rfc8826.xml,https://trustee.ietf.org/license-info,200
rfc8826.xml,https://lists.w3.org/Archives/Public/public-webrtc/2013Mar/0024.html,200
rfc8826.xml,https://www.torproject.org,200
rfc8826.xml,https://www.rfc-editor.org/info/rfc2119,200
rfc8826.xml,https://www.rfc-editor.org/info/rfc8174,200
rfc8826.xml,http://rtc-web.alvestrand.com/home/papers/barth-security-prompt.pdf?attredirects=0,Connection error: <urlopen error [SSL: UNEXPECTED_EOF_WHILE_READING] EOF occurred in violation of protocol (_ssl.c:1006)>
rfc8826.xml,https://www.usenix.org/legacy/event/sec09/tech/full_papers/sunshine.pdf,200
rfc8826.xml,https://www.theverge.com/2019/9/5/20851248/deepfakes-ai-fake-audio-phone-calls-thieves-trick-companies-stealing-money,200
rfc8826.xml,https://www.theverge.com/2020/1/29/21080553/ftc-deepfakes-audio-cloning-joe-rogan-phone-scams,200
rfc8826.xml,https://fetch.spec.whatwg.org/,200
rfc8826.xml,https://www.w3.org/TR/fingerprinting-guidance/,200
rfc8826.xml,https://openid.net/specs/openid-connect-core-1_0.html,200
rfc8826.xml,https://www.rfc-editor.org/info/rfc2818,200
rfc8826.xml,https://www.rfc-editor.org/info/rfc3261,200
rfc8826.xml,https://www.rfc-editor.org/info/rfc3552,200
rfc8826.xml,https://www.rfc-editor.org/info/rfc3711,200
rfc8826.xml,https://www.rfc-editor.org/info/rfc3760,200
rfc8826.xml,https://www.rfc-editor.org/info/rfc4251,200
rfc8826.xml,https://www.rfc-editor.org/info/rfc4568,200
rfc8826.xml,https://www.rfc-editor.org/info/rfc5479,200
rfc8826.xml,https://www.rfc-editor.org/info/rfc5763,200
rfc8826.xml,https://www.rfc-editor.org/info/rfc6189,200
rfc8826.xml,https://www.rfc-editor.org/info/rfc6222,200
rfc8826.xml,https://www.rfc-editor.org/info/rfc6347,200
rfc8826.xml,https://www.rfc-editor.org/info/rfc6454,200
rfc8826.xml,https://www.rfc-editor.org/info/rfc6455,200
rfc8826.xml,https://www.rfc-editor.org/info/rfc6749,200
rfc8826.xml,https://www.rfc-editor.org/info/rfc7022,200
rfc8826.xml,https://www.rfc-editor.org/info/rfc7033,200
rfc8826.xml,https://www.rfc-editor.org/info/rfc7675,200
rfc8826.xml,https://www.rfc-editor.org/info/rfc8445,200
rfc8826.xml,https://www.rfc-editor.org/info/rfc8825,200
rfc8826.xml,https://www.rfc-editor.org/info/rfc8827,200
rfc8826.xml,https://www.rfc-editor.org/info/rfc8828,200
rfc8826.xml,https://www.adobe.com/content/dam/acom/en/devnet/pdf/swf-file-format-spec.pdf,Connection error: HTTP Error 404: Not Found
rfc8826.xml,https://www.usenix.org/legacy/publications/library/proceedings/sec99/whitten.html,200
rfc9407.xml,https://datatracker.ietf.org/doc/draft-irtf-nwcrg-tetrys-04,200
rfc9407.xml,https://dx.doi.org/10.17487/rfc9407,200
rfc9407.xml,https://www.rfc-editor.org/info/rfc9407,200
rfc9407.xml,https://trustee.ietf.org/license-info,200
rfc9407.xml,https://www.rfc-editor.org/info/rfc2119,200
rfc9407.xml,https://www.rfc-editor.org/info/rfc4303,200
rfc9407.xml,https://www.rfc-editor.org/info/rfc5052,200
rfc9407.xml,https://www.rfc-editor.org/info/rfc5445,200
rfc9407.xml,https://www.rfc-editor.org/info/rfc5510,200
rfc9407.xml,https://www.rfc-editor.org/info/rfc5651,200
rfc9407.xml,https://www.rfc-editor.org/info/rfc5740,200
rfc9407.xml,https://www.rfc-editor.org/info/rfc6363,200
rfc9407.xml,https://www.rfc-editor.org/info/rfc8174,200
rfc9407.xml,https://www.rfc-editor.org/info/rfc8406,200
rfc9407.xml,https://www.rfc-editor.org/info/rfc8680,200
rfc9407.xml,https://www.rfc-editor.org/info/rfc9265,200
rfc9407.xml,https://doi.org/10.1109/INFCOM.1999.752166,Connection error: HTTP Error 418: Unknown Code
rfc9407.xml,https://doi.org/10.1109/18.850663,Connection error: HTTP Error 418: Unknown Code
rfc9407.xml,https://arxiv.org/abs/1212.2291,200
rfc9407.xml,https://doi.org/10.1109/TBC.2008.2001713,Connection error: HTTP Error 418: Unknown Code
rfc9407.xml,https://datatracker.ietf.org/doc/html/draft-singh-rmcat-adaptive-fec-03,200
rfc9407.xml,https://doi.org/10.1109/IWSSC.2008.4656755,Connection error: HTTP Error 418: Unknown Code
rfc9407.xml,http://dx.doi.org/10.1109/TMM.2011.2126564,Connection error: HTTP Error 418: Unknown Code
rfc9407.xml,https://doi.org/10.1016/j.image.2014.02.003,200
rfc8875.xml,https://datatracker.ietf.org/doc/draft-ietf-git-github-wg-configuration-07,200
rfc8875.xml,https://dx.doi.org/10.17487/rfc8875,200
rfc8875.xml,https://www.rfc-editor.org/info/rfc8875,200
rfc8875.xml,https://trustee.ietf.org/license-info,200
rfc8875.xml,https://github.com/richsalz/ietf-gh-scripts,200
rfc8875.xml,https://github.com/martinthomson/i-d-template,200
rfc8875.xml,https://datatracker.ietf.org/,200
rfc8875.xml,https://trac.tools.ietf.org/tools/ietfdb/ticket/2548,200
rfc8875.xml,https://github.com/martinthomson/i-d-template,200
rfc8875.xml,https://git-scm.com/book/en/v2/Git-on-the-Server-The-Protocols#The-Git-Protocol,Connection error: HTTP Error 403: Forbidden
rfc8875.xml,https://www.rfc-editor.org/info/rfc8874,200
rfc9045.xml,https://datatracker.ietf.org/doc/draft-ietf-lamps-crmf-update-algs-07,200
rfc9045.xml,https://dx.doi.org/10.17487/rfc9045,200
rfc9045.xml,https://www.rfc-editor.org/info/rfc9045,200
rfc9045.xml,https://trustee.ietf.org/license-info,200
rfc9045.xml,https://doi.org/10.6028/NIST.FIPS.197,200
rfc9045.xml,https://doi.org/10.6028/NIST.SP.800-38D,200
rfc9045.xml,https://www.rfc-editor.org/info/rfc2104,200
rfc9045.xml,https://www.rfc-editor.org/info/rfc2119,200
rfc9045.xml,https://www.rfc-editor.org/info/rfc4211,200
rfc9045.xml,https://www.rfc-editor.org/info/rfc8018,200
rfc9045.xml,https://www.rfc-editor.org/info/rfc8174,200
rfc9045.xml,https://www.rfc-editor.org/info/rfc9044,200
rfc9045.xml,https://doi.org/10.6028/NIST.FIPS.180-4,200
rfc9045.xml,https://doi.org/10.6028/NIST.SP.800-63B,200
rfc9045.xml,https://doi.org/10.1109/INFCOM.2010.5461951,Connection error: HTTP Error 418: Unknown Code
rfc9045.xml,https://www.rfc-editor.org/info/rfc4231,200
rfc9045.xml,https://www.rfc-editor.org/info/rfc6194,200
rfc9045.xml,https://doi.org/10.6028/NIST.SP.800-131Ar2,200
rfc9045.xml,https://www.nist.gov/news-events/news/2005/06/nist-withdraws-outdated-data-encryption-standard,200
rfc9136.xml,https://datatracker.ietf.org/doc/draft-ietf-bess-evpn-prefix-advertisement-11,200
rfc9136.xml,https://dx.doi.org/10.17487/rfc9136,200
rfc9136.xml,https://www.rfc-editor.org/info/rfc9136,200
rfc9136.xml,https://trustee.ietf.org/license-info,200
rfc9136.xml,https://www.iana.org/assignments/evpn,200
rfc9136.xml,https://www.rfc-editor.org/info/rfc2119,200
rfc9136.xml,https://www.rfc-editor.org/info/rfc7432,200
rfc9136.xml,https://www.rfc-editor.org/info/rfc8174,200
rfc9136.xml,https://www.rfc-editor.org/info/rfc8365,200
rfc9136.xml,https://www.rfc-editor.org/info/rfc9012,200
rfc9136.xml,https://www.rfc-editor.org/info/rfc9135,200
rfc9136.xml,https://standards.ieee.org/standard/802_1Q-2018.html,Connection error: HTTP Error 403: Forbidden
rfc9136.xml,https://www.rfc-editor.org/info/rfc4364,200
rfc9136.xml,https://www.rfc-editor.org/info/rfc5227,200
rfc9136.xml,https://www.rfc-editor.org/info/rfc5798,200
rfc9136.xml,https://www.rfc-editor.org/info/rfc7348,200
rfc9136.xml,https://www.rfc-editor.org/info/rfc7365,200
rfc9136.xml,https://www.rfc-editor.org/info/rfc7606,200
rfc9136.xml,https://www.rfc-editor.org/info/rfc8926,200
rfc9222.xml,https://datatracker.ietf.org/doc/draft-ietf-anima-asa-guidelines-7,200
rfc9222.xml,https://dx.doi.org/10.17487/rfc9222,200
rfc9222.xml,https://www.rfc-editor.org/info/rfc9222,200
rfc9222.xml,https://trustee.ietf.org/license-info,200
rfc9222.xml,https://www.rfc-editor.org/info/rfc8949,200
rfc9222.xml,https://www.rfc-editor.org/info/rfc8990,200
rfc9222.xml,https://www.rfc-editor.org/info/rfc8994,200
rfc9222.xml,https://www.rfc-editor.org/info/rfc8995,200
rfc9222.xml,https://datatracker.ietf.org/doc/html/draft-peloso-anima-autonomic-function-01,200
rfc9222.xml,https://www.ietf.org/archive/id/draft-peloso-anima-autonomic-function-01.txt,200
rfc9222.xml,https://datatracker.ietf.org/doc/html/draft-ietf-core-yang-cbor-18,200
rfc9222.xml,https://www.etsi.org/deliver/etsi_gs/AFI/001_099/002/01.01.01_60/gs_afi002v010101p.pdf,200
rfc9222.xml,https://doi.org/10.1145/1380584.1380585,Connection error: HTTP Error 403: Forbidden
rfc9222.xml,https://datatracker.ietf.org/doc/html/draft-irtf-nmrg-ibn-concepts-definitions-09,200
rfc9222.xml,https://www.ietf.org/archive/id/draft-irtf-nmrg-ibn-concepts-definitions-09.txt,200
rfc9222.xml,https://ipj.dreamhosters.com/wp-content/uploads/2021/10/243-ipj.pdf,200
rfc9222.xml,https://doi.org/10.1109/SURV.2011.042711.00078,Connection error: HTTP Error 418: Unknown Code
rfc9222.xml,https://portal.etsi.org/NFV/NFV_White_Paper.pdf,200
rfc9222.xml,https://www.rfc-editor.org/info/rfc6241,200
rfc9222.xml,https://www.rfc-editor.org/info/rfc6973,200
rfc9222.xml,https://www.rfc-editor.org/info/rfc7575,200
rfc9222.xml,https://www.rfc-editor.org/info/rfc7665,200
rfc9222.xml,https://www.rfc-editor.org/info/rfc8368,200
rfc9222.xml,https://www.rfc-editor.org/info/rfc8991,200
rfc9222.xml,https://www.rfc-editor.org/info/rfc8992,200
rfc9222.xml,https://www.rfc-editor.org/info/rfc8993,200
rfc9222.xml,https://www.etsi.org/deliver/etsi_gs/ZSM/001_099/00901/01.01.01_60/gs_ZSM00901v010101p.pdf,200
rfc8920.xml,https://datatracker.ietf.org/doc/draft-ietf-ospf-te-link-attr-reuse-16,200
rfc8920.xml,https://dx.doi.org/10.17487/rfc8920,200
rfc8920.xml,https://www.rfc-editor.org/info/rfc8920,200
rfc8920.xml,https://trustee.ietf.org/license-info,200
rfc8920.xml,https://www.rfc-editor.org/info/rfc2119,200
rfc8920.xml,https://www.rfc-editor.org/info/rfc2328,200
rfc8920.xml,https://www.rfc-editor.org/info/rfc3630,200
rfc8920.xml,https://www.rfc-editor.org/info/rfc4203,200
rfc8920.xml,https://www.rfc-editor.org/info/rfc5329,200
rfc8920.xml,https://www.rfc-editor.org/info/rfc5340,200
rfc8920.xml,https://www.rfc-editor.org/info/rfc7308,200
rfc8920.xml,https://www.rfc-editor.org/info/rfc7471,200
rfc8920.xml,https://www.rfc-editor.org/info/rfc7684,200
rfc8920.xml,https://www.rfc-editor.org/info/rfc8174,200
rfc8920.xml,https://www.rfc-editor.org/info/rfc8362,200
rfc8920.xml,https://www.rfc-editor.org/info/rfc8919,200
rfc8920.xml,https://www.rfc-editor.org/info/rfc3209,200
rfc8920.xml,https://www.rfc-editor.org/info/rfc4552,200
rfc8920.xml,https://www.rfc-editor.org/info/rfc5286,200
rfc8920.xml,https://www.rfc-editor.org/info/rfc5709,200
rfc8920.xml,https://www.rfc-editor.org/info/rfc5714,200
rfc8920.xml,https://www.rfc-editor.org/info/rfc7166,200
rfc8920.xml,https://www.rfc-editor.org/info/rfc7474,200
rfc8920.xml,https://www.rfc-editor.org/info/rfc7855,200
rfc8920.xml,https://www.rfc-editor.org/info/rfc8126,200
rfc8920.xml,https://tools.ietf.org/html/draft-ietf-spring-segment-routing-policy-08,200
rfc8920.xml,https://www.ietf.org/internet-drafts/draft-ietf-spring-segment-routing-policy-08.txt,Connection error: HTTP Error 404: Not Found
rfc9679.xml,https://datatracker.ietf.org/doc/draft-ietf-cose-key-thumbprint-06,200
rfc9679.xml,https://dx.doi.org/10.17487/rfc9679,200
rfc9679.xml,https://www.rfc-editor.org/info/rfc9679,200
rfc9679.xml,https://trustee.ietf.org/license-info,200
rfc9679.xml,https://www.rfc-editor.org/info/rfc2119,200
rfc9679.xml,https://www.rfc-editor.org/info/rfc4648,200
rfc9679.xml,https://www.rfc-editor.org/info/rfc6755,200
rfc9679.xml,https://www.rfc-editor.org/info/rfc7515,200
rfc9679.xml,https://www.rfc-editor.org/info/rfc8174,200
rfc9679.xml,https://www.rfc-editor.org/info/rfc8392,200
rfc9679.xml,https://www.rfc-editor.org/info/rfc8747,200
rfc9679.xml,https://www.rfc-editor.org/info/rfc8949,200
rfc9679.xml,https://www.rfc-editor.org/info/rfc9052,200
rfc9679.xml,https://www.rfc-editor.org/info/rfc9053,200
rfc9679.xml,https://www.iana.org/assignments/cwt,200
rfc9679.xml,https://www.iana.org/assignments/oauth-parameters,200
rfc9679.xml,https://www.iana.org/assignments/named-information,200
rfc9679.xml,https://www.rfc-editor.org/info/rfc5280,200
rfc9679.xml,https://www.rfc-editor.org/info/rfc6234,200
rfc9679.xml,https://www.rfc-editor.org/info/rfc7517,200
rfc9679.xml,https://www.rfc-editor.org/info/rfc7638,200
rfc9679.xml,https://www.rfc-editor.org/info/rfc7800,200
rfc9679.xml,https://www.rfc-editor.org/info/rfc9278,200
rfc9679.xml,https://www.rfc-editor.org/info/rfc9360,200
rfc9101.xml,https://datatracker.ietf.org/doc/draft-ietf-oauth-jwsreq-34,200
rfc9101.xml,https://dx.doi.org/10.17487/rfc9101,200
rfc9101.xml,https://www.rfc-editor.org/info/rfc9101,200
rfc9101.xml,https://trustee.ietf.org/license-info,200
rfc9101.xml,https://www.rfc-editor.org/info/rfc2119,200
rfc9101.xml,https://www.rfc-editor.org/info/rfc3629,200
rfc9101.xml,https://www.rfc-editor.org/info/rfc3986,200
rfc9101.xml,https://www.rfc-editor.org/info/rfc6125,200
rfc9101.xml,https://www.rfc-editor.org/info/rfc6749,200
rfc9101.xml,https://www.rfc-editor.org/info/rfc6750,200
rfc9101.xml,https://www.rfc-editor.org/info/rfc7230,200
rfc9101.xml,https://www.rfc-editor.org/info/rfc7515,200
rfc9101.xml,https://www.rfc-editor.org/info/rfc7516,200
rfc9101.xml,https://www.rfc-editor.org/info/rfc7518,200
rfc9101.xml,https://www.rfc-editor.org/info/rfc7519,200
rfc9101.xml,https://www.rfc-editor.org/info/rfc7525,200
rfc9101.xml,https://www.rfc-editor.org/info/rfc8141,200
rfc9101.xml,https://www.rfc-editor.org/info/rfc8174,200
rfc9101.xml,https://www.rfc-editor.org/info/rfc8259,200
rfc9101.xml,https://www.rfc-editor.org/info/rfc8414,200
rfc9101.xml,https://www.cs.ox.ac.uk/people/cas.cremers/downloads/papers/BCM2012-iso9798.pdf,200
rfc9101.xml,https://www.w3.org/TR/capability-urls/,200
rfc9101.xml,https://www.iana.org/assignments/jwt,200
rfc9101.xml,https://www.iana.org/assignments/media-types,200
rfc9101.xml,https://www.iana.org/assignments/oauth-parameters,200
rfc9101.xml,http://openid.net/specs/openid-connect-core-1_0.html,200
rfc9101.xml,https://www.rfc-editor.org/info/rfc2046,200
rfc9101.xml,https://www.rfc-editor.org/info/rfc6819,200
rfc9101.xml,https://www.rfc-editor.org/info/rfc6838,200
rfc9101.xml,https://www.rfc-editor.org/info/rfc6973,200
rfc9101.xml,https://www.rfc-editor.org/info/rfc7523,200
rfc9101.xml,https://www.rfc-editor.org/info/rfc7591,200
rfc9101.xml,https://www.rfc-editor.org/info/rfc8725,200
rfc9066.xml,https://datatracker.ietf.org/doc/draft-ietf-dots-signal-call-home-14,200
rfc9066.xml,https://dx.doi.org/10.17487/rfc9066,200
rfc9066.xml,https://www.rfc-editor.org/info/rfc9066,200
rfc9066.xml,https://trustee.ietf.org/license-info,200
rfc9066.xml,https://www.rfc-editor.org/info/rfc792,200
rfc9066.xml,https://www.rfc-editor.org/info/rfc2119,200
rfc9066.xml,https://www.rfc-editor.org/info/rfc3688,200
rfc9066.xml,https://www.rfc-editor.org/info/rfc4443,200
rfc9066.xml,https://www.rfc-editor.org/info/rfc6020,200
rfc9066.xml,https://www.rfc-editor.org/info/rfc6052,200
rfc9066.xml,https://www.rfc-editor.org/info/rfc6146,200
rfc9066.xml,https://www.rfc-editor.org/info/rfc6347,200
rfc9066.xml,https://www.rfc-editor.org/info/rfc6991,200
rfc9066.xml,https://www.rfc-editor.org/info/rfc8174,200
rfc9066.xml,https://www.rfc-editor.org/info/rfc8446,200
rfc9066.xml,https://www.rfc-editor.org/info/rfc8791,200
rfc9066.xml,https://www.rfc-editor.org/info/rfc9132,200
rfc9066.xml,https://www.iana.org/assignments/dots/,200
rfc9066.xml,https://datatracker.ietf.org/doc/html/draft-ietf-dots-multihoming-09,200
rfc9066.xml,https://www.ietf.org/archive/id/draft-ietf-dots-multihoming-09.txt,200
rfc9066.xml,https://datatracker.ietf.org/doc/html/draft-ietf-tls-dtls13-43,200
rfc9066.xml,https://www.ietf.org/archive/id/draft-ietf-tls-dtls13-43.txt,200
rfc9066.xml,https://datatracker.ietf.org/doc/html/draft-ietf-i2nsf-terminology-08,200
rfc9066.xml,https://www.ietf.org/archive/id/draft-ietf-i2nsf-terminology-08.txt,200
rfc9066.xml,https://www.iana.org/assignments/dots/,200
rfc9066.xml,https://www.rfc-editor.org/info/rfc2663,200
rfc9066.xml,https://www.rfc-editor.org/info/rfc4340,200
rfc9066.xml,https://www.rfc-editor.org/info/rfc4632,200
rfc9066.xml,https://www.rfc-editor.org/info/rfc4732,200
rfc9066.xml,https://www.rfc-editor.org/info/rfc4949,200
rfc9066.xml,https://www.rfc-editor.org/info/rfc4960,200
rfc9066.xml,https://www.rfc-editor.org/info/rfc6398,200
rfc9066.xml,https://www.rfc-editor.org/info/rfc6973,200
rfc9066.xml,https://www.rfc-editor.org/info/rfc7011,200
rfc9066.xml,https://www.rfc-editor.org/info/rfc7596,200
rfc9066.xml,https://www.rfc-editor.org/info/rfc7597,200
rfc9066.xml,https://www.rfc-editor.org/info/rfc8071,200
rfc9066.xml,https://www.rfc-editor.org/info/rfc8340,200
rfc9066.xml,https://www.rfc-editor.org/info/rfc8512,200
rfc9066.xml,https://www.rfc-editor.org/info/rfc8513,200
rfc9066.xml,https://www.rfc-editor.org/info/rfc8517,200
rfc9066.xml,https://www.rfc-editor.org/info/rfc8576,200
rfc9066.xml,https://www.rfc-editor.org/info/rfc8612,200
rfc9066.xml,https://www.rfc-editor.org/info/rfc8811,200
rfc9066.xml,https://www.rfc-editor.org/info/rfc8903,200
rfc9066.xml,https://www.rfc-editor.org/info/rfc8955,200
rfc9066.xml,https://www.rfc-editor.org/info/rfc8956,200
rfc9066.xml,https://www.rfc-editor.org/info/rfc8973,200
rfc9066.xml,https://web.archive.org/web/20150315054838/http://ha.ckers.org/slowloris/,200
rfc9066.xml,https://www.gov.uk/government/publications/secure-by-design-report,200
rfc9678.xml,https://datatracker.ietf.org/doc/draft-ietf-emu-aka-pfs-12,200
rfc9678.xml,https://dx.doi.org/10.17487/rfc9678,200
rfc9678.xml,https://www.rfc-editor.org/info/rfc9678,200
rfc9678.xml,https://trustee.ietf.org/license-info,200
rfc9678.xml,https://www.rfc-editor.org/info/rfc2119,200
rfc9678.xml,https://www.rfc-editor.org/info/rfc3748,200
rfc9678.xml,https://www.rfc-editor.org/info/rfc4187,200
rfc9678.xml,https://www.rfc-editor.org/info/rfc5448,200
rfc9678.xml,https://www.rfc-editor.org/info/rfc7624,200
rfc9678.xml,https://www.rfc-editor.org/info/rfc7748,200
rfc9678.xml,https://www.rfc-editor.org/info/rfc8126,200
rfc9678.xml,https://www.rfc-editor.org/info/rfc8174,200
rfc9678.xml,https://www.rfc-editor.org/info/rfc9048,200
rfc9678.xml,https://www.secg.org/sec1-v2.pdf,200
rfc9678.xml,https://www.secg.org/sec2-v2.pdf,200
rfc9678.xml,https://doi.org/10.6028/NIST.SP.800-186,200
rfc9678.xml,https://doi.org/10.6028/NIST.SP.800-56Ar3,200
rfc9678.xml,https://doi.org/10.1007/BF00124891,200
rfc9678.xml,https://theintercept.com/2015/02/19/great-sim-heist/,200
rfc9678.xml,https://www.nccoe.nist.gov/sites/default/files/2024-07/zta-nist-sp-1800-35-preliminary-draft-4.pdf,Connection error: HTTP Error 403: Forbidden
rfc9678.xml,https://media.defense.gov/2021/Feb/25/2002588479/-1/-1/0/CSI_EMBRACING_ZT_SECURITY_MODEL_UOO115131-21.PDF,Connection error: HTTP Error 403: Forbidden
rfc9678.xml,https://www.rfc-editor.org/info/rfc4186,200
rfc9678.xml,https://www.rfc-editor.org/info/rfc5216,200
rfc9678.xml,https://www.rfc-editor.org/info/rfc7258,200
rfc9678.xml,https://www.rfc-editor.org/info/rfc7296,200
rfc9678.xml,https://www.rfc-editor.org/info/rfc9190,200
rfc9678.xml,https://doi.org/10.1109/Trustcom.2015.506,Connection error: HTTP Error 418: Unknown Code
rfc9315.xml,https://datatracker.ietf.org/doc/draft-irtf-nmrg-ibn-concepts-definitions-09,200
rfc9315.xml,https://dx.doi.org/10.17487/rfc9315,200
rfc9315.xml,https://www.rfc-editor.org/info/rfc9315,200
rfc9315.xml,https://trustee.ietf.org/license-info,200
rfc9315.xml,https://doi.org/10.1007/s10922-007-9083-8,200
rfc9315.xml,https://doi.org/10.1007/s10922-020-09517-0,200
rfc9315.xml,https://doi.org/10.1109/NetSoft51509.2021.9492643,Connection error: HTTP Error 418: Unknown Code
rfc9315.xml,https://doi.org/10.1109/TITS.2021.3101259,Connection error: HTTP Error 418: Unknown Code
rfc9315.xml,https://ieeexplore.ieee.org/,Connection error: HTTP Error 418: Unknown Code
rfc9315.xml,https://datatracker.ietf.org/doc/html/draft-ietf-teas-ietf-network-slices-14,200
rfc9315.xml,https://www.ietf.org/archive/id/draft-ietf-teas-ietf-network-slices-14.txt,200
rfc9315.xml,https://doi.org/10.1109/ACCESS.2020.2969208,Connection error: HTTP Error 418: Unknown Code
rfc9315.xml,https://www.rfc-editor.org/info/rfc3411,200
rfc9315.xml,https://www.rfc-editor.org/info/rfc7575,200
rfc9315.xml,https://www.rfc-editor.org/info/rfc7950,200
rfc9315.xml,https://www.rfc-editor.org/info/rfc8299,200
rfc9315.xml,https://www.rfc-editor.org/info/rfc8309,200
rfc9315.xml,https://www.rfc-editor.org/info/rfc8345,200
rfc9315.xml,https://www.rfc-editor.org/info/rfc8994,200
rfc9315.xml,https://datatracker.ietf.org/doc/html/draft-ietf-teas-te-service-mapping-yang-11,200
rfc9315.xml,https://www.ietf.org/archive/id/draft-ietf-teas-te-service-mapping-yang-11.txt,200
rfc9315.xml,https://netsoft2021.ieee-netsoft.org/program/workshops/win-2021/,Connection error: HTTP Error 418: Unknown Code
rfc9210.xml,https://datatracker.ietf.org/doc/draft-ietf-dnsop-dns-tcp-requirements-15,200
rfc9210.xml,https://dx.doi.org/10.17487/rfc9210,200
rfc9210.xml,https://www.rfc-editor.org/info/rfc9210,200
rfc9210.xml,https://trustee.ietf.org/license-info,200
rfc9210.xml,https://www.rfc-editor.org/info/rfc1035,200
rfc9210.xml,https://www.rfc-editor.org/info/rfc2119,200
rfc9210.xml,https://www.rfc-editor.org/info/rfc2181,200
rfc9210.xml,https://www.rfc-editor.org/info/rfc6891,200
rfc9210.xml,https://www.rfc-editor.org/info/rfc7766,200
rfc9210.xml,https://www.rfc-editor.org/info/rfc7828,200
rfc9210.xml,https://www.rfc-editor.org/info/rfc7873,200
rfc9210.xml,https://www.rfc-editor.org/info/rfc8174,200
rfc9210.xml,https://www.freebsd.org/cgi/man.cgi?query=accept_filter,200
rfc9210.xml,https://labs.apnic.net/?p=1380,200
rfc9210.xml,https://datatracker.ietf.org/doc/html/draft-ietf-dnsop-avoid-fragmentation-06,200
rfc9210.xml,https://www.ietf.org/archive/id/draft-ietf-dnsop-avoid-fragmentation-06.txt,200
rfc9210.xml,https://www.isc.org/bind/,200
rfc9210.xml,https://doi.org/10.1007/978-3-642-12365-8_1,200
rfc9210.xml,https://blog.cloudflare.com/black-lies/,Connection error: HTTP Error 403: Forbidden
rfc9210.xml,https://doi.org/10.1145/3472305.3472884,Connection error: HTTP Error 403: Forbidden
rfc9210.xml,https://www.iana.org/reports/2016/root-ksk-rollover-design-20160307.pdf,200
rfc9210.xml,https://cr.yp.to/djbdns/tcp.html#why,200
rfc9210.xml,https://www.dns-oarc.net/tools/dnscap,200
rfc9210.xml,https://dnstap.info,200
rfc9210.xml,https://dl.acm.org/doi/10.1145/2831347.2831350,Connection error: HTTP Error 403: Forbidden
rfc9210.xml,https://dnsflagday.net/2020/,200
rfc9210.xml,https://arxiv.org/pdf/1205.4011.pdf,200
rfc9210.xml,https://blog.apnic.net/2017/08/22/dealing-ipv6-fragmentation-dns/,Connection error: HTTP Error 403: Forbidden
rfc9210.xml,https://mm.icann.org/pipermail/ksk-rollover/2019-January/date.html,Connection error: HTTP Error 404: Not Found
rfc9210.xml,https://ripe74.ripe.net/presentations/25-RIPE74-lewis-submission.pdf,200
rfc9210.xml,https://www.tcpdump.org,200
rfc9210.xml,https://doi.org/10.1145/1879141.1879173,Connection error: HTTP Error 403: Forbidden
rfc9210.xml,http://phrack.org/issues/54/10.html,Connection error: HTTP Error 403: Forbidden
rfc9210.xml,https://www.rfc-editor.org/info/rfc768,200
rfc9210.xml,https://www.rfc-editor.org/info/rfc793,200
rfc9210.xml,https://www.rfc-editor.org/info/rfc883,200
rfc9210.xml,https://www.rfc-editor.org/info/rfc1034,200
rfc9210.xml,https://www.rfc-editor.org/info/rfc1123,200
rfc9210.xml,https://www.rfc-editor.org/info/rfc1536,200
rfc9210.xml,https://www.rfc-editor.org/info/rfc1995,200
rfc9210.xml,https://www.rfc-editor.org/info/rfc1996,200
rfc9210.xml,https://www.rfc-editor.org/info/rfc2136,200
rfc9210.xml,https://www.rfc-editor.org/info/rfc2541,200
rfc9210.xml,https://www.rfc-editor.org/info/rfc2671,200
rfc9210.xml,https://www.rfc-editor.org/info/rfc2694,200
rfc9210.xml,https://www.rfc-editor.org/info/rfc3022,200
rfc9210.xml,https://www.rfc-editor.org/info/rfc3225,200
rfc9210.xml,https://www.rfc-editor.org/info/rfc3226,200
rfc9210.xml,https://www.rfc-editor.org/info/rfc4472,200
rfc9210.xml,https://www.rfc-editor.org/info/rfc4953,200
rfc9210.xml,https://www.rfc-editor.org/info/rfc4987,200
rfc9210.xml,https://www.rfc-editor.org/info/rfc5358,200
rfc9210.xml,https://www.rfc-editor.org/info/rfc5452,200
rfc9210.xml,https://www.rfc-editor.org/info/rfc5507,200
rfc9210.xml,https://www.rfc-editor.org/info/rfc5625,200
rfc9210.xml,https://www.rfc-editor.org/info/rfc5927,200
rfc9210.xml,https://www.rfc-editor.org/info/rfc5936,200
rfc9210.xml,https://www.rfc-editor.org/info/rfc5961,200
rfc9210.xml,https://www.rfc-editor.org/info/rfc5966,200
rfc9210.xml,https://www.rfc-editor.org/info/rfc6298,200
rfc9210.xml,https://www.rfc-editor.org/info/rfc6762,200
rfc9210.xml,https://www.rfc-editor.org/info/rfc6781,200
rfc9210.xml,https://www.rfc-editor.org/info/rfc6950,200
rfc9210.xml,https://www.rfc-editor.org/info/rfc7413,200
rfc9210.xml,https://www.rfc-editor.org/info/rfc7477,200
rfc9210.xml,https://www.rfc-editor.org/info/rfc7534,200
rfc9210.xml,https://www.rfc-editor.org/info/rfc7720,200
rfc9210.xml,https://www.rfc-editor.org/info/rfc7858,200
rfc9210.xml,https://www.rfc-editor.org/info/rfc7901,200
rfc9210.xml,https://www.rfc-editor.org/info/rfc7918,200
rfc9210.xml,https://www.rfc-editor.org/info/rfc8027,200
rfc9210.xml,https://www.rfc-editor.org/info/rfc8094,200
rfc9210.xml,https://www.rfc-editor.org/info/rfc8162,200
rfc9210.xml,https://www.rfc-editor.org/info/rfc8200,200
rfc9210.xml,https://www.rfc-editor.org/info/rfc8324,200
rfc9210.xml,https://www.rfc-editor.org/info/rfc8446,200
rfc9210.xml,https://www.rfc-editor.org/info/rfc8467,200
rfc9210.xml,https://www.rfc-editor.org/info/rfc8482,200
rfc9210.xml,https://www.rfc-editor.org/info/rfc8483,200
rfc9210.xml,https://www.rfc-editor.org/info/rfc8484,200
rfc9210.xml,https://www.rfc-editor.org/info/rfc8490,200
rfc9210.xml,https://www.rfc-editor.org/info/rfc8501,200
rfc9210.xml,https://www.rfc-editor.org/info/rfc8806,200
rfc9210.xml,https://www.rfc-editor.org/info/rfc8906,200
rfc9210.xml,https://www.rfc-editor.org/info/rfc8932,200
rfc9210.xml,https://www.rfc-editor.org/info/rfc8945,200
rfc9210.xml,https://dl.acm.org/doi/10.1145/3355369.3355570,Connection error: HTTP Error 403: Forbidden
rfc9210.xml,https://doi.org/10.1109/SP.2015.18,Connection error: HTTP Error 418: Unknown Code
rfc9210.xml,https://en.wikipedia.org/w/index.php?title=TCP_Fast_Open&oldid=1071397204,200
rfc8821.xml,https://datatracker.ietf.org/doc/draft-ietf-teas-pce-native-ip-17,200
rfc8821.xml,https://dx.doi.org/10.17487/rfc8821,200
rfc8821.xml,https://www.rfc-editor.org/info/rfc8821,200
rfc8821.xml,https://trustee.ietf.org/license-info,200
rfc8821.xml,https://www.rfc-editor.org/info/rfc4271,200
rfc8821.xml,https://www.rfc-editor.org/info/rfc4272,200
rfc8821.xml,https://www.rfc-editor.org/info/rfc4456,200
rfc8821.xml,https://www.rfc-editor.org/info/rfc5440,200
rfc8821.xml,https://www.rfc-editor.org/info/rfc7752,200
rfc8821.xml,https://www.rfc-editor.org/info/rfc8231,200
rfc8821.xml,https://www.rfc-editor.org/info/rfc8253,200
rfc8821.xml,https://www.rfc-editor.org/info/rfc8283,200
rfc8821.xml,https://www.rfc-editor.org/info/rfc4655,200
rfc8821.xml,https://www.rfc-editor.org/info/rfc8735,200
rfc9701.xml,https://datatracker.ietf.org/doc/draft-ietf-oauth-jwt-introspection-response-12,200
rfc9701.xml,https://dx.doi.org/10.17487/rfc9701,200
rfc9701.xml,https://www.rfc-editor.org/info/rfc9701,200
rfc9701.xml,https://trustee.ietf.org/license-info,200
rfc9701.xml,https://www.iana.org/assignments/jwt,200
rfc9701.xml,http://www.iana.org/assignments/media-types,200
rfc9701.xml,https://www.iana.org/assignments/oauth-parameters,200
rfc9701.xml,https://openid.net/specs/openid-connect-registration-1_0.html,200
rfc9701.xml,https://www.rfc-editor.org/info/rfc2119,200
rfc9701.xml,https://www.rfc-editor.org/info/rfc6838,200
rfc9701.xml,https://www.rfc-editor.org/info/rfc7515,200
rfc9701.xml,https://www.rfc-editor.org/info/rfc7516,200
rfc9701.xml,https://www.rfc-editor.org/info/rfc7518,200
rfc9701.xml,https://www.rfc-editor.org/info/rfc7519,200
rfc9701.xml,https://www.rfc-editor.org/info/rfc7591,200
rfc9701.xml,https://www.rfc-editor.org/info/rfc7662,200
rfc9701.xml,https://www.rfc-editor.org/info/rfc8174,200
rfc9701.xml,https://www.rfc-editor.org/info/rfc8414,200
rfc9701.xml,https://www.rfc-editor.org/info/rfc8725,200
rfc9701.xml,https://www.rfc-editor.org/info/rfc9325,200
rfc9701.xml,https://www.rfc-editor.org/info/rfc9700,200
rfc9701.xml,http://www.iana.org/assignments/oauth-parameters,200
rfc9526.xml,https://datatracker.ietf.org/doc/draft-ietf-homenet-front-end-naming-delegation-27,200
rfc9526.xml,https://dx.doi.org/10.17487/rfc9526,200
rfc9526.xml,https://www.rfc-editor.org/info/rfc9526,200
rfc9526.xml,https://trustee.ietf.org/license-info,200
rfc9526.xml,https://www.rfc-editor.org/info/rfc1034,200
rfc9526.xml,https://www.rfc-editor.org/info/rfc1918,200
rfc9526.xml,https://www.rfc-editor.org/info/rfc1996,200
rfc9526.xml,https://www.rfc-editor.org/info/rfc2119,200
rfc9526.xml,https://www.rfc-editor.org/info/rfc3007,200
rfc9526.xml,https://www.rfc-editor.org/info/rfc4034,200
rfc9526.xml,https://www.rfc-editor.org/info/rfc5155,200
rfc9526.xml,https://www.rfc-editor.org/info/rfc7344,200
rfc9526.xml,https://www.rfc-editor.org/info/rfc7858,200
rfc9526.xml,https://www.rfc-editor.org/info/rfc8174,200
rfc9526.xml,https://www.rfc-editor.org/info/rfc8375,200
rfc9526.xml,https://www.rfc-editor.org/info/rfc8446,200
rfc9526.xml,https://www.rfc-editor.org/info/rfc8499,200
rfc9526.xml,https://www.rfc-editor.org/info/rfc9103,200
rfc9526.xml,https://www.rfc-editor.org/info/rfc9525,200
rfc9526.xml,https://datatracker.ietf.org/doc/html/draft-ietf-dnsop-domain-verification-techniques-03,200
rfc9526.xml,https://datatracker.ietf.org/doc/html/draft-ietf-dnsop-dnssec-validator-requirements-07,200
rfc9526.xml,https://doi.org/10.1109/NCA.2014.27,Connection error: HTTP Error 418: Unknown Code
rfc9526.xml,https://datatracker.ietf.org/doc/html/draft-richardson-homerouter-provisioning-02,200
rfc9526.xml,https://datatracker.ietf.org/doc/html/draft-ietf-dnsop-ns-revalidation-04,200
rfc9526.xml,https://en.wikipedia.org/w/index.php?title=DNS_rebinding&oldid=1173433859,200
rfc9526.xml,https://www.rfc-editor.org/info/rfc2136,200
rfc9526.xml,https://www.rfc-editor.org/info/rfc3587,200
rfc9526.xml,https://www.rfc-editor.org/info/rfc3927,200
rfc9526.xml,https://www.rfc-editor.org/info/rfc4192,200
rfc9526.xml,https://www.rfc-editor.org/info/rfc4193,200
rfc9526.xml,https://www.rfc-editor.org/info/rfc4291,200
rfc9526.xml,https://www.rfc-editor.org/info/rfc5011,200
rfc9526.xml,https://www.rfc-editor.org/info/rfc6092,200
rfc9526.xml,https://www.rfc-editor.org/info/rfc6749,200
rfc9526.xml,https://www.rfc-editor.org/info/rfc6762,200
rfc9526.xml,https://www.rfc-editor.org/info/rfc6887,200
rfc9526.xml,https://www.rfc-editor.org/info/rfc7010,200
rfc9526.xml,https://www.rfc-editor.org/info/rfc7084,200
rfc9526.xml,https://www.rfc-editor.org/info/rfc7368,200
rfc9526.xml,https://www.rfc-editor.org/info/rfc7404,200
rfc9526.xml,https://www.rfc-editor.org/info/rfc7707,200
rfc9526.xml,https://www.rfc-editor.org/info/rfc7788,200
rfc9526.xml,https://www.rfc-editor.org/info/rfc8094,200
rfc9526.xml,https://www.rfc-editor.org/info/rfc8415,200
rfc9526.xml,https://www.rfc-editor.org/info/rfc8484,200
rfc9526.xml,https://www.rfc-editor.org/info/rfc8501,200
rfc9526.xml,https://www.rfc-editor.org/info/rfc8555,200
rfc9526.xml,https://www.rfc-editor.org/info/rfc8610,200
rfc9526.xml,https://www.rfc-editor.org/info/rfc8672,200
rfc9526.xml,https://www.rfc-editor.org/info/rfc8978,200
rfc9526.xml,https://www.rfc-editor.org/info/rfc8981,200
rfc9526.xml,https://www.rfc-editor.org/info/rfc9250,200
rfc9526.xml,https://www.rfc-editor.org/info/rfc9276,200
rfc9526.xml,https://www.rfc-editor.org/info/rfc9527,200
rfc9526.xml,https://doi.org/10.2495/MIIT130591,200
rfc8796.xml,https://datatracker.ietf.org/doc/draft-ietf-mpls-summary-frr-rsvpte-09,200
rfc8796.xml,https://dx.doi.org/10.17487/rfc8796,200
rfc8796.xml,https://www.rfc-editor.org/info/rfc8796,200
rfc8796.xml,https://trustee.ietf.org/license-info,200
rfc8796.xml,https://www.rfc-editor.org/info/rfc2119,200
rfc8796.xml,https://www.rfc-editor.org/info/rfc2205,200
rfc8796.xml,https://www.rfc-editor.org/info/rfc2747,200
rfc8796.xml,https://www.rfc-editor.org/info/rfc2961,200
rfc8796.xml,https://www.rfc-editor.org/info/rfc3209,200
rfc8796.xml,https://www.rfc-editor.org/info/rfc4090,200
rfc8796.xml,https://www.rfc-editor.org/info/rfc4872,200
rfc8796.xml,https://www.rfc-editor.org/info/rfc6780,200
rfc8796.xml,https://www.rfc-editor.org/info/rfc8174,200
rfc8796.xml,https://www.rfc-editor.org/info/rfc5920,200
rfc9090.xml,https://datatracker.ietf.org/doc/draft-ietf-cbor-tags-oid-08,200
rfc9090.xml,https://dx.doi.org/10.17487/rfc9090,200
rfc9090.xml,https://www.rfc-editor.org/info/rfc9090,200
rfc9090.xml,https://trustee.ietf.org/license-info,200
rfc9090.xml,https://www.iana.org/assignments/cbor-tags,200
rfc9090.xml,https://www.iana.org/assignments/cddl,200
rfc9090.xml,https://www.rfc-editor.org/info/rfc2119,200
rfc9090.xml,https://www.rfc-editor.org/info/rfc6256,200
rfc9090.xml,https://www.rfc-editor.org/info/rfc8174,200
rfc9090.xml,https://www.rfc-editor.org/info/rfc8610,200
rfc9090.xml,https://www.rfc-editor.org/info/rfc8949,200
rfc9090.xml,https://www.itu.int/rec/T-REC-X.660,200
rfc9090.xml,https://www.itu.int/rec/T-REC-X.680,200
rfc9090.xml,https://www.itu.int/rec/T-REC-X.690,200
rfc9090.xml,https://www.iana.org/assignments/enterprise-numbers,200
rfc9090.xml,http://www.oid-info.com/,Connection error: <urlopen error [Errno 110] Connection timed out>
rfc9090.xml,http://www.pcre.org/,200
rfc9090.xml,https://www.rfc-editor.org/info/rfc7388,200
rfc9090.xml,https://www.itu.int/rec/T-REC-X.672,200
rfc8665.xml,https://datatracker.ietf.org/doc/draft-ietf-ospf-segment-routing-extensions-27,200
rfc8665.xml,https://dx.doi.org/10.17487/rfc8665,200
rfc8665.xml,https://www.rfc-editor.org/info/rfc8665,200
rfc8665.xml,https://trustee.ietf.org/license-info,200
rfc8665.xml,https://www.rfc-editor.org/info/rfc2119,200
rfc8665.xml,https://www.rfc-editor.org/info/rfc2328,200
rfc8665.xml,https://www.rfc-editor.org/info/rfc3101,200
rfc8665.xml,https://www.rfc-editor.org/info/rfc4915,200
rfc8665.xml,https://www.rfc-editor.org/info/rfc6845,200
rfc8665.xml,https://www.rfc-editor.org/info/rfc7120,200
rfc8665.xml,https://www.rfc-editor.org/info/rfc7684,200
rfc8665.xml,https://www.rfc-editor.org/info/rfc7770,200
rfc8665.xml,https://www.rfc-editor.org/info/rfc8126,200
rfc8665.xml,https://www.rfc-editor.org/info/rfc8174,200
rfc8665.xml,https://www.rfc-editor.org/info/rfc8402,200
rfc8665.xml,https://www.rfc-editor.org/info/rfc8660,200
rfc8665.xml,https://www.rfc-editor.org/info/rfc8661,200
rfc8665.xml,https://www.rfc-editor.org/info/rfc3031,200
rfc8665.xml,https://www.rfc-editor.org/info/rfc5036,200
rfc8665.xml,https://www.rfc-editor.org/info/rfc7474,200
rfc8665.xml,https://www.rfc-editor.org/info/rfc7855,200
rfc8665.xml,https://www.rfc-editor.org/info/rfc8666,200
rfc8964.xml,https://datatracker.ietf.org/doc/draft-ietf-detnet-mpls-13,200
rfc8964.xml,https://dx.doi.org/10.17487/rfc8964,200
rfc8964.xml,https://www.rfc-editor.org/info/rfc8964,200
rfc8964.xml,https://trustee.ietf.org/license-info,200
rfc8964.xml,https://www.rfc-editor.org/info/rfc2119,200
rfc8964.xml,https://www.rfc-editor.org/info/rfc2211,200
rfc8964.xml,https://www.rfc-editor.org/info/rfc2212,200
rfc8964.xml,https://www.rfc-editor.org/info/rfc3031,200
rfc8964.xml,https://www.rfc-editor.org/info/rfc3032,200
rfc8964.xml,https://www.rfc-editor.org/info/rfc3209,200
rfc8964.xml,https://www.rfc-editor.org/info/rfc3270,200
rfc8964.xml,https://www.rfc-editor.org/info/rfc3443,200
rfc8964.xml,https://www.rfc-editor.org/info/rfc3473,200
rfc8964.xml,https://www.rfc-editor.org/info/rfc4206,200
rfc8964.xml,https://www.rfc-editor.org/info/rfc4385,200
rfc8964.xml,https://www.rfc-editor.org/info/rfc5085,200
rfc8964.xml,https://www.rfc-editor.org/info/rfc5129,200
rfc8964.xml,https://www.rfc-editor.org/info/rfc5462,200
rfc8964.xml,https://www.rfc-editor.org/info/rfc5586,200
rfc8964.xml,https://www.rfc-editor.org/info/rfc6790,200
rfc8964.xml,https://www.rfc-editor.org/info/rfc8174,200
rfc8964.xml,https://www.rfc-editor.org/info/rfc8655,200
rfc8964.xml,https://www.rfc-editor.org/info/rfc8938,200
rfc8964.xml,https://tools.ietf.org/html/draft-ietf-detnet-ip-over-mpls-09,200
rfc8964.xml,http://www.ietf.org/internet-drafts/draft-ietf-detnet-ip-over-mpls-09.txt,Connection error: HTTP Error 404: Not Found
rfc8964.xml,https://tools.ietf.org/html/draft-ietf-detnet-mpls-oam-02,200
rfc8964.xml,https://www.ietf.org/internet-drafts/draft-ietf-detnet-mpls-oam-02.txt,Connection error: HTTP Error 404: Not Found
rfc8964.xml,https://tools.ietf.org/html/draft-ietf-detnet-mpls-over-tsn-05,200
rfc8964.xml,http://www.ietf.org/internet-drafts/draft-ietf-detnet-mpls-over-tsn-05.txt,Connection error: HTTP Error 404: Not Found
rfc8964.xml,https://tools.ietf.org/html/draft-ietf-detnet-security-13,200
rfc8964.xml,http://www.ietf.org/internet-drafts/draft-ietf-detnet-security-13.txt,Connection error: HTTP Error 404: Not Found
rfc8964.xml,https://tools.ietf.org/html/draft-ietf-detnet-yang-09,200
rfc8964.xml,https://www.ietf.org/internet-drafts/draft-ietf-detnet-yang-09.txt,Connection error: HTTP Error 404: Not Found
rfc8964.xml,https://ieeexplore.ieee.org/document/8585421,Connection error: HTTP Error 418: Unknown Code
rfc8964.xml,https://ieeexplore.ieee.org/document/8091139,Connection error: HTTP Error 418: Unknown Code
rfc8964.xml,https://www.rfc-editor.org/info/rfc2205,200
rfc8964.xml,https://www.rfc-editor.org/info/rfc2474,200
rfc8964.xml,https://www.rfc-editor.org/info/rfc3272,200
rfc8964.xml,https://www.rfc-editor.org/info/rfc3552,200
rfc8964.xml,https://www.rfc-editor.org/info/rfc3985,200
rfc8964.xml,https://www.rfc-editor.org/info/rfc4301,200
rfc8964.xml,https://www.rfc-editor.org/info/rfc4448,200
rfc8964.xml,https://www.rfc-editor.org/info/rfc4875,200
rfc8964.xml,https://www.rfc-editor.org/info/rfc5440,200
rfc8964.xml,https://www.rfc-editor.org/info/rfc5920,200
rfc8964.xml,https://www.rfc-editor.org/info/rfc5921,200
rfc8964.xml,https://www.rfc-editor.org/info/rfc6003,200
rfc8964.xml,https://www.rfc-editor.org/info/rfc6073,200
rfc8964.xml,https://www.rfc-editor.org/info/rfc8306,200
rfc8964.xml,https://www.rfc-editor.org/info/rfc8660,200
rfc8964.xml,https://www.rfc-editor.org/info/rfc8939,200
rfc9464.xml,https://datatracker.ietf.org/doc/draft-ietf-ipsecme-add-ike-14,200
rfc9464.xml,https://dx.doi.org/10.17487/rfc9464,200
rfc9464.xml,https://www.rfc-editor.org/info/rfc9464,200
rfc9464.xml,https://trustee.ietf.org/license-info,200
rfc9464.xml,https://www.iana.org/assignments/ikev2-parameters/,200
rfc9464.xml,https://www.rfc-editor.org/info/rfc2119,200
rfc9464.xml,https://www.rfc-editor.org/info/rfc5890,200
rfc9464.xml,https://www.rfc-editor.org/info/rfc6234,200
rfc9464.xml,https://www.rfc-editor.org/info/rfc7296,200
rfc9464.xml,https://www.rfc-editor.org/info/rfc8174,200
rfc9464.xml,https://www.rfc-editor.org/info/rfc8310,200
rfc9464.xml,https://www.rfc-editor.org/info/rfc8598,200
rfc9464.xml,https://www.rfc-editor.org/info/rfc9460,200
rfc9464.xml,https://www.iana.org/assignments/ikev2-parameters/,200
rfc9464.xml,https://datatracker.ietf.org/doc/html/draft-arkko-farrell-arch-model-t-04,200
rfc9464.xml,https://www.rfc-editor.org/info/rfc7619,200
rfc9464.xml,https://www.rfc-editor.org/info/rfc7671,200
rfc9464.xml,https://www.rfc-editor.org/info/rfc7858,200
rfc9464.xml,https://www.rfc-editor.org/info/rfc8484,200
rfc9464.xml,https://www.rfc-editor.org/info/rfc8499,200
rfc9464.xml,https://www.rfc-editor.org/info/rfc8613,200
rfc9464.xml,https://www.rfc-editor.org/info/rfc9076,200
rfc9464.xml,https://www.rfc-editor.org/info/rfc9250,200
rfc9464.xml,https://www.rfc-editor.org/info/rfc9463,200
rfc8937.xml,https://datatracker.ietf.org/doc/draft-irtf-cfrg-randomness-improvements-14,200
rfc8937.xml,https://dx.doi.org/10.17487/rfc8937,200
rfc8937.xml,https://www.rfc-editor.org/info/rfc8937,200
rfc8937.xml,https://trustee.ietf.org/license-info,200
rfc8937.xml,https://www.rfc-editor.org/info/rfc2119,200
rfc8937.xml,https://www.rfc-editor.org/info/rfc5869,200
rfc8937.xml,https://www.rfc-editor.org/info/rfc6979,200
rfc8937.xml,https://www.rfc-editor.org/info/rfc8174,200
rfc8937.xml,https://pdfs.semanticscholar.org/fcf9/fe0946c20e936b507c023bbf89160cc995b9.pdf,202
rfc8937.xml,https://projectbullrun.org/dual-ec/documents/dual-ec-20150731.pdf,Connection error: <urlopen error [SSL: CERTIFICATE_VERIFY_FAILED] certificate verify failed: unable to get local issuer certificate (_ssl.c:1006)>
rfc8937.xml,https://rwc.iacr.org/2017/Slides/david.mcgrew.pptx,200
rfc8937.xml,https://www.microsoft.com/en-us/research/wp-content/uploads/2016/02/strongake-submitted.pdf,200
rfc8937.xml,https://rist.tech.cornell.edu/papers/sslhedge.pdf,200
rfc8937.xml,https://doi.org/10.1109/CSF49147.2020.00027,Connection error: HTTP Error 418: Unknown Code
rfc8937.xml,https://doi.org/10.6028/NIST.SP.800-90Ar1,200
rfc8937.xml,https://www.techstreet.com/standards/x9-x9-62-2005?product_id=1327225,Connection error: HTTP Error 403: Forbidden
rfc8856.xml,https://datatracker.ietf.org/doc/draft-ietf-bfcpbis-rfc4583bis-27,200
rfc8856.xml,https://dx.doi.org/10.17487/rfc8856,200
rfc8856.xml,https://www.rfc-editor.org/info/rfc8856,200
rfc8856.xml,https://trustee.ietf.org/license-info,200
rfc8856.xml,https://www.rfc-editor.org/info/rfc2119,200
rfc8856.xml,https://www.rfc-editor.org/info/rfc3261,200
rfc8856.xml,https://www.rfc-editor.org/info/rfc3264,200
rfc8856.xml,https://www.rfc-editor.org/info/rfc4145,200
rfc8856.xml,https://www.rfc-editor.org/info/rfc4571,200
rfc8856.xml,https://www.rfc-editor.org/info/rfc4574,200
rfc8856.xml,https://www.rfc-editor.org/info/rfc4582,200
rfc8856.xml,https://www.rfc-editor.org/info/rfc4583,200
rfc8856.xml,https://www.rfc-editor.org/info/rfc5234,200
rfc8856.xml,https://www.rfc-editor.org/info/rfc6347,200
rfc8856.xml,https://www.rfc-editor.org/info/rfc6544,200
rfc8856.xml,https://www.rfc-editor.org/info/rfc8122,200
rfc8856.xml,https://www.rfc-editor.org/info/rfc8174,200
rfc8856.xml,https://www.rfc-editor.org/info/rfc8445,200
rfc8856.xml,https://www.rfc-editor.org/info/rfc8839,200
rfc8856.xml,https://www.rfc-editor.org/info/rfc8842,200
rfc8856.xml,https://www.rfc-editor.org/info/rfc8855,200
rfc8856.xml,https://www.rfc-editor.org/info/rfc8859,200
rfc8856.xml,https://www.rfc-editor.org/info/rfc8866,200
rfc8856.xml,https://www.rfc-editor.org/errata/eid712,200
rfc8856.xml,https://www.rfc-editor.org/info/rfc5576,200
rfc8856.xml,https://www.rfc-editor.org/info/rfc8843,200
rfc8916.xml,https://datatracker.ietf.org/doc/draft-ietf-pim-msdp-yang-18,200
rfc8916.xml,https://dx.doi.org/10.17487/rfc8916,200
rfc8916.xml,https://www.rfc-editor.org/info/rfc8916,200
rfc8916.xml,https://trustee.ietf.org/license-info,200
rfc8916.xml,https://www.rfc-editor.org/info/rfc2119,200
rfc8916.xml,https://www.rfc-editor.org/info/rfc3618,200
rfc8916.xml,https://www.rfc-editor.org/info/rfc4271,200
rfc8916.xml,https://www.rfc-editor.org/info/rfc5925,200
rfc8916.xml,https://www.rfc-editor.org/info/rfc6020,200
rfc8916.xml,https://www.rfc-editor.org/info/rfc6241,200
rfc8916.xml,https://www.rfc-editor.org/info/rfc6242,200
rfc8916.xml,https://www.rfc-editor.org/info/rfc6991,200
rfc8916.xml,https://www.rfc-editor.org/info/rfc7950,200
rfc8916.xml,https://www.rfc-editor.org/info/rfc7951,200
rfc8916.xml,https://www.rfc-editor.org/info/rfc8040,200
rfc8916.xml,https://www.rfc-editor.org/info/rfc8174,200
rfc8916.xml,https://www.rfc-editor.org/info/rfc8177,200
rfc8916.xml,https://www.rfc-editor.org/info/rfc8294,200
rfc8916.xml,https://www.rfc-editor.org/info/rfc8340,200
rfc8916.xml,https://www.rfc-editor.org/info/rfc8341,200
rfc8916.xml,https://www.rfc-editor.org/info/rfc8342,200
rfc8916.xml,https://www.rfc-editor.org/info/rfc8343,200
rfc8916.xml,https://www.rfc-editor.org/info/rfc8344,200
rfc8916.xml,https://www.rfc-editor.org/info/rfc8349,200
rfc8916.xml,https://www.rfc-editor.org/info/rfc8446,200
rfc8916.xml,https://www.rfc-editor.org/info/rfc8519,200
rfc8916.xml,https://tools.ietf.org/html/draft-ietf-pim-yang-17,200
rfc8916.xml,https://www.rfc-editor.org/info/rfc3688,200
rfc8916.xml,https://www.rfc-editor.org/info/rfc7761,200
rfc8916.xml,https://www.rfc-editor.org/info/rfc8407,200
rfc8916.xml,https://www.rfc-editor.org/info/rfc8639,200
rfc8916.xml,https://www.rfc-editor.org/info/rfc8641,200
rfc8975.xml,https://datatracker.ietf.org/doc/draft-irtf-nwcrg-network-coding-satellites-15,200
rfc8975.xml,https://dx.doi.org/10.17487/rfc8975,200
rfc8975.xml,https://www.rfc-editor.org/info/rfc8975,200
rfc8975.xml,https://trustee.ietf.org/license-info,200
rfc8975.xml,https://tools.ietf.org/html/draft-chin-nfvrg-cloud-5g-core-structure-yang-00,200
rfc8975.xml,https://www.ietf.org/internet-drafts/draft-chin-nfvrg-cloud-5g-core-structure-yang-00.txt,Connection error: HTTP Error 404: Not Found
rfc8975.xml,https://tools.ietf.org/html/draft-vazquez-nfvrg-netcod-function-virtualization-02,200
rfc8975.xml,https://www.ietf.org/internet-drafts/draft-vazquez-nfvrg-netcod-function-virtualization-02.txt,Connection error: HTTP Error 404: Not Found
rfc8975.xml,https://tools.ietf.org/html/draft-irtf-nwcrg-coding-and-congestion-04,200
rfc8975.xml,https://www.ietf.org/internet-drafts/draft-irtf-nwcrg-coding-and-congestion-04.txt,Connection error: HTTP Error 404: Not Found
rfc8975.xml,https://www.rfc-editor.org/info/rfc1122,200
rfc8975.xml,https://www.rfc-editor.org/info/rfc3135,200
rfc8975.xml,https://www.rfc-editor.org/info/rfc4838,200
rfc8975.xml,https://www.rfc-editor.org/info/rfc5740,200
rfc8975.xml,https://www.rfc-editor.org/info/rfc6363,200
rfc8975.xml,https://www.rfc-editor.org/info/rfc6726,200
rfc8975.xml,https://www.rfc-editor.org/info/rfc8406,200
rfc8975.xml,https://www.rfc-editor.org/info/rfc8681,200
rfc8975.xml,https://doi.org/10.1002/sat.1206,Connection error: HTTP Error 403: Forbidden
rfc8975.xml,https://ieeexplore.ieee.org/document/8530996,Connection error: HTTP Error 418: Unknown Code
rfc8975.xml,https://doi.org/10.1109/SP40000.2020.00056,Connection error: HTTP Error 418: Unknown Code
rfc8975.xml,https://doi.org/10.1109/ICC.2015.7248441,Connection error: HTTP Error 418: Unknown Code
rfc9393.xml,https://datatracker.ietf.org/doc/draft-ietf-sacm-coswid-22,200
rfc9393.xml,https://dx.doi.org/10.17487/rfc9393,200
rfc9393.xml,https://www.rfc-editor.org/info/rfc9393,200
rfc9393.xml,https://trustee.ietf.org/license-info,200
rfc9393.xml,https://www.iana.org/assignments/link-relations/,200
rfc9393.xml,https://www.iana.org/assignments/media-types/,200
rfc9393.xml,https://www.rfc-editor.org/info/bcp178,200
rfc9393.xml,https://www.rfc-editor.org/info/rfc6648,200
rfc9393.xml,https://www.rfc-editor.org/info/bcp26,200
rfc9393.xml,https://www.rfc-editor.org/info/rfc8126,200
rfc9393.xml,https://www.iana.org/assignments/cbor-tags,200
rfc9393.xml,https://www.iana.org/assignments/core-parameters,200
rfc9393.xml,https://www.iana.org/assignments/media-types,200
rfc9393.xml,https://www.iana.org/assignments/named-information,200
rfc9393.xml,https://www.iana.org/assignments/pa-tnc-parameters,200
rfc9393.xml,https://www.iana.org/assignments/uri-schemes,200
rfc9393.xml,https://www.rfc-editor.org/info/rfc2119,200
rfc9393.xml,https://www.rfc-editor.org/info/rfc3629,200
rfc9393.xml,https://www.rfc-editor.org/info/rfc3986,200
rfc9393.xml,https://www.rfc-editor.org/info/rfc5198,200
rfc9393.xml,https://www.rfc-editor.org/info/rfc5234,200
rfc9393.xml,https://www.rfc-editor.org/info/rfc5646,200
rfc9393.xml,https://www.rfc-editor.org/info/rfc5890,200
rfc9393.xml,https://www.rfc-editor.org/info/rfc7252,200
rfc9393.xml,https://www.rfc-editor.org/info/rfc8174,200
rfc9393.xml,https://www.rfc-editor.org/info/rfc8288,200
rfc9393.xml,https://www.rfc-editor.org/info/rfc8412,200
rfc9393.xml,https://www.rfc-editor.org/info/rfc8610,200
rfc9393.xml,https://www.rfc-editor.org/info/rfc8949,200
rfc9393.xml,https://www.rfc-editor.org/info/rfc9052,200
rfc9393.xml,https://www.rfc-editor.org/info/rfc9338,200
rfc9393.xml,https://www.iso.org/standard/68291.html,200
rfc9393.xml,https://www.iso.org/standard/65666.html,200
rfc9393.xml,https://www.unspsc.org/,200
rfc9393.xml,https://www.w3.org/TR/mediaqueries-3/,200
rfc9393.xml,https://www.w3.org/TR/2004/REC-xmlschema-2-20041028/,200
rfc9393.xml,https://www.w3.org/TR/2010/REC-xpath20-20101214/,200
rfc9393.xml,http://wiki.c2.com/?CamelCase,200
rfc9393.xml,http://wiki.c2.com/?KebabCase,200
rfc9393.xml,https://www.rfc-editor.org/info/rfc3444,200
rfc9393.xml,https://www.rfc-editor.org/info/rfc4122,200
rfc9393.xml,https://www.rfc-editor.org/info/rfc7595,200
rfc9393.xml,https://www.rfc-editor.org/info/rfc8322,200
rfc9393.xml,https://www.rfc-editor.org/info/rfc8520,200
rfc9393.xml,https://www.rfc-editor.org/info/rfc9334,200
rfc9393.xml,https://semver.org/spec/v2.0.0.html,200
rfc9393.xml,https://doi.org/10.6028/NIST.IR.8060,200
rfc9393.xml,https://www.itu.int/rec/T-REC-X.1520,200
rfc9525.xml,https://datatracker.ietf.org/doc/draft-ietf-uta-rfc6125bis-15,200
rfc9525.xml,https://dx.doi.org/10.17487/rfc9525,200
rfc9525.xml,https://www.rfc-editor.org/info/rfc9525,200
rfc9525.xml,https://trustee.ietf.org/license-info,200
rfc9525.xml,https://www.rfc-editor.org/info/rfc1034,200
rfc9525.xml,https://www.rfc-editor.org/info/rfc2782,200
rfc9525.xml,https://www.rfc-editor.org/info/rfc4592,200
rfc9525.xml,https://www.rfc-editor.org/info/rfc5890,200
rfc9525.xml,https://www.rfc-editor.org/info/rfc5891,200
rfc9525.xml,https://www.rfc-editor.org/info/rfc791,200
rfc9525.xml,https://www.rfc-editor.org/info/rfc4291,200
rfc9525.xml,https://www.rfc-editor.org/info/rfc4514,200
rfc9525.xml,https://www.rfc-editor.org/info/rfc5280,200
rfc9525.xml,https://www.rfc-editor.org/info/rfc2119,200
rfc9525.xml,https://www.rfc-editor.org/info/rfc8174,200
rfc9525.xml,https://www.rfc-editor.org/info/rfc4985,200
rfc9525.xml,https://www.rfc-editor.org/info/rfc9325,200
rfc9525.xml,https://www.rfc-editor.org/info/rfc3986,200
rfc9525.xml,https://www.rfc-editor.org/info/rfc5234,200
rfc9525.xml,https://www.rfc-editor.org/info/rfc8555,200
rfc9525.xml,https://alpaca-attack.com/ALPACA.pdf,Connection error: HTTP Error 403: Forbidden
rfc9525.xml,https://www.rfc-editor.org/info/rfc7301,200
rfc9525.xml,https://www.rfc-editor.org/info/rfc6698,200
rfc9525.xml,https://www.blackhat.com/presentations/bh-dc-09/Marlinspike/BlackHat-DC-09-Marlinspike-Defeating-SSL.pdf,Connection error: HTTP Error 403: Forbidden
rfc9525.xml,https://www.rfc-editor.org/info/rfc4343,200
rfc9525.xml,https://www.rfc-editor.org/info/rfc7858,200
rfc9525.xml,https://www.rfc-editor.org/info/rfc9147,200
rfc9525.xml,https://www.rfc-editor.org/info/rfc6186,200
rfc9525.xml,https://www.rfc-editor.org/info/rfc9110,200
rfc9525.xml,https://media.blackhat.com/bh-ad-10/Hansen/Blackhat-AD-2010-Hansen-Sokol-HTTPS-Can-Byte-Me-slides.pdf,Connection error: HTTP Error 403: Forbidden
rfc9525.xml,https://www.rfc-editor.org/info/rfc3403,200
rfc9525.xml,https://www.rfc-editor.org/info/rfc8915,200
rfc9525.xml,https://publicsuffix.org,200
rfc9525.xml,https://www.rfc-editor.org/info/rfc9001,200
rfc9525.xml,https://www.rfc-editor.org/info/rfc9000,200
rfc9525.xml,https://www.rfc-editor.org/info/rfc4949,200
rfc9525.xml,https://www.w3.org/TR/secure-contexts/,200
rfc9525.xml,https://www.rfc-editor.org/info/rfc3261,200
rfc9525.xml,https://www.rfc-editor.org/info/rfc5922,200
rfc9525.xml,https://www.rfc-editor.org/info/rfc5630,200
rfc9525.xml,https://www.rfc-editor.org/info/rfc8689,200
rfc9525.xml,https://www.rfc-editor.org/info/rfc9461,200
rfc9525.xml,https://www.rfc-editor.org/info/rfc9460,200
rfc9525.xml,https://www.rfc-editor.org/info/rfc8446,200
rfc9525.xml,https://www.rfc-editor.org/info/rfc6066,200
rfc9525.xml,https://www.rfc-editor.org/info/rfc9345,200
rfc9525.xml,https://url.spec.whatwg.org/,200
rfc9525.xml,https://unicode.org/reports/tr36/,200
rfc9525.xml,https://unicode.org/reports/tr39/,200
rfc9525.xml,https://www.rfc-editor.org/info/rfc6125,200
rfc9525.xml,https://www.w3.org/TR/2010/REC-wsc-ui-20100812/,200
rfc9525.xml,https://www.rfc-editor.org/info/rfc6120,200
rfc9525.xml,https://owasp.org/www-community/attacks/xss/,Connection error: HTTP Error 403: Forbidden
rfc9741.xml,https://datatracker.ietf.org/doc/draft-ietf-cbor-cddl-more-control-08,200
rfc9741.xml,https://dx.doi.org/10.17487/rfc9741,200
rfc9741.xml,https://www.rfc-editor.org/info/rfc9741,200
rfc9741.xml,https://trustee.ietf.org/license-info,200
rfc9741.xml,https://www.iso.org/standard/82075.html,200
rfc9741.xml,https://www.open-std.org/jtc1/sc22/wg14/www/docs/n3220.pdf,200
rfc9741.xml,https://www.iana.org/assignments/cddl,200
rfc9741.xml,https://www.rfc-editor.org/info/rfc2119,200
rfc9741.xml,https://www.rfc-editor.org/info/rfc4648,200
rfc9741.xml,https://www.rfc-editor.org/info/rfc8174,200
rfc9741.xml,https://www.rfc-editor.org/info/rfc8610,200
rfc9741.xml,https://www.rfc-editor.org/info/rfc9165,200
rfc9741.xml,https://www.rfc-editor.org/info/rfc9285,200
rfc9741.xml,https://www.rfc-editor.org/info/rfc9485,200
rfc9741.xml,https://www.rfc-editor.org/info/std90,200
rfc9741.xml,https://www.rfc-editor.org/info/rfc8259,200
rfc9741.xml,https://www.rfc-editor.org/info/std94,200
rfc9741.xml,https://www.rfc-editor.org/info/rfc8949,200
rfc9741.xml,https://www.rfc-editor.org/info/rfc7464,200
rfc9741.xml,https://www.rfc-editor.org/info/rfc7493,200
rfc9741.xml,https://www.rfc-editor.org/info/rfc7951,200
rfc9741.xml,https://www.rfc-editor.org/info/rfc9090,200
rfc9513.xml,https://datatracker.ietf.org/doc/draft-ietf-lsr-ospfv3-srv6-extensions-15,200
rfc9513.xml,https://dx.doi.org/10.17487/rfc9513,200
rfc9513.xml,https://www.rfc-editor.org/info/rfc9513,200
rfc9513.xml,https://trustee.ietf.org/license-info,200
rfc9513.xml,https://www.rfc-editor.org/info/rfc2119,200
rfc9513.xml,https://www.rfc-editor.org/info/rfc5340,200
rfc9513.xml,https://www.rfc-editor.org/info/rfc7166,200
rfc9513.xml,https://www.rfc-editor.org/info/rfc7770,200
rfc9513.xml,https://www.rfc-editor.org/info/rfc8126,200
rfc9513.xml,https://www.rfc-editor.org/info/rfc8174,200
rfc9513.xml,https://www.rfc-editor.org/info/rfc8362,200
rfc9513.xml,https://www.rfc-editor.org/info/rfc8402,200
rfc9513.xml,https://www.rfc-editor.org/info/rfc8476,200
rfc9513.xml,https://www.rfc-editor.org/info/rfc8665,200
rfc9513.xml,https://www.rfc-editor.org/info/rfc8666,200
rfc9513.xml,https://www.rfc-editor.org/info/rfc8754,200
rfc9513.xml,https://www.rfc-editor.org/info/rfc8986,200
rfc9513.xml,https://www.rfc-editor.org/info/rfc9084,200
rfc9513.xml,https://www.rfc-editor.org/info/rfc9259,200
rfc9513.xml,https://www.rfc-editor.org/info/rfc9350,200
rfc9513.xml,https://www.rfc-editor.org/info/rfc9352,200
rfc9513.xml,https://www.rfc-editor.org/info/rfc3630,200
rfc9513.xml,https://www.rfc-editor.org/info/rfc9514,200
rfc9177.xml,https://datatracker.ietf.org/doc/draft-ietf-core-new-block-14,200
rfc9177.xml,https://dx.doi.org/10.17487/rfc9177,200
rfc9177.xml,https://www.rfc-editor.org/info/rfc9177,200
rfc9177.xml,https://trustee.ietf.org/license-info,200
rfc9177.xml,https://www.rfc-editor.org/info/rfc2119,200
rfc9177.xml,https://www.rfc-editor.org/info/rfc6838,200
rfc9177.xml,https://www.rfc-editor.org/info/rfc7252,200
rfc9177.xml,https://www.rfc-editor.org/info/rfc7641,200
rfc9177.xml,https://www.rfc-editor.org/info/rfc7959,200
rfc9177.xml,https://www.rfc-editor.org/info/rfc8075,200
rfc9177.xml,https://www.rfc-editor.org/info/rfc8132,200
rfc9177.xml,https://www.rfc-editor.org/info/rfc8174,200
rfc9177.xml,https://www.rfc-editor.org/info/rfc8323,200
rfc9177.xml,https://www.rfc-editor.org/info/rfc8610,200
rfc9177.xml,https://www.rfc-editor.org/info/rfc8613,200
rfc9177.xml,https://www.rfc-editor.org/info/rfc8742,200
rfc9177.xml,https://www.rfc-editor.org/info/rfc8949,200
rfc9177.xml,https://www.rfc-editor.org/info/rfc9175,200
rfc9177.xml,https://datatracker.ietf.org/doc/html/draft-bosh-dots-quick-blocks-03,200
rfc9177.xml,https://www.ietf.org/archive/id/draft-bosh-dots-quick-blocks-03.txt,200
rfc9177.xml,https://datatracker.ietf.org/doc/html/draft-ietf-dots-telemetry-19,200
rfc9177.xml,https://www.iana.org/assignments/core-parameters/,200
rfc9177.xml,https://www.iana.org/assignments/media-types/,200
rfc9177.xml,https://www.iana.org/assignments/core-parameters/,200
rfc9177.xml,https://www.rfc-editor.org/info/rfc6928,200
rfc9177.xml,https://www.rfc-editor.org/info/rfc7967,200
rfc9177.xml,https://www.rfc-editor.org/info/rfc8974,200
rfc9177.xml,https://www.rfc-editor.org/info/rfc9132,200
rfc8994.xml,https://datatracker.ietf.org/doc/draft-ietf-anima-autonomic-control-plane-30,200
rfc8994.xml,https://dx.doi.org/10.17487/rfc8994,200
rfc8994.xml,https://www.rfc-editor.org/info/rfc8994,200
rfc8994.xml,https://trustee.ietf.org/license-info,200
rfc8994.xml,https://www.iana.org/assignments/ikev2-parameters,200
rfc8994.xml,https://www.rfc-editor.org/info/rfc1034,200
rfc8994.xml,https://www.rfc-editor.org/info/rfc2119,200
rfc8994.xml,https://www.rfc-editor.org/info/rfc3810,200
rfc8994.xml,https://www.rfc-editor.org/info/rfc4191,200
rfc8994.xml,https://www.rfc-editor.org/info/rfc4193,200
rfc8994.xml,https://www.rfc-editor.org/info/rfc4291,200
rfc8994.xml,https://www.rfc-editor.org/info/rfc4301,200
rfc8994.xml,https://www.rfc-editor.org/info/rfc4861,200
rfc8994.xml,https://www.rfc-editor.org/info/rfc4862,200
rfc8994.xml,https://www.rfc-editor.org/info/rfc5234,200
rfc8994.xml,https://www.rfc-editor.org/info/rfc5246,200
rfc8994.xml,https://www.rfc-editor.org/info/rfc5280,200
rfc8994.xml,https://www.rfc-editor.org/info/rfc5954,200
rfc8994.xml,https://www.rfc-editor.org/info/rfc6347,200
rfc8994.xml,https://www.rfc-editor.org/info/rfc6550,200
rfc8994.xml,https://www.rfc-editor.org/info/rfc6551,200
rfc8994.xml,https://www.rfc-editor.org/info/rfc6552,200
rfc8994.xml,https://www.rfc-editor.org/info/rfc6553,200
rfc8994.xml,https://www.rfc-editor.org/info/rfc7030,200
rfc8994.xml,https://www.rfc-editor.org/info/rfc7296,200
rfc8994.xml,https://www.rfc-editor.org/info/rfc7525,200
rfc8994.xml,https://www.rfc-editor.org/info/rfc7676,200
rfc8994.xml,https://www.rfc-editor.org/info/rfc8174,200
rfc8994.xml,https://www.rfc-editor.org/info/rfc8221,200
rfc8994.xml,https://www.rfc-editor.org/info/rfc8247,200
rfc8994.xml,https://www.rfc-editor.org/info/rfc8422,200
rfc8994.xml,https://www.rfc-editor.org/info/rfc8446,200
rfc8994.xml,https://www.rfc-editor.org/info/rfc8610,200
rfc8994.xml,https://www.rfc-editor.org/info/rfc8990,200
rfc8994.xml,https://www.rfc-editor.org/info/rfc8995,200
rfc8994.xml,https://1.ieee802.org/security/802-1ar,Connection error: HTTP Error 403: Forbidden
rfc8994.xml,https://cabforum.org/baseline-requirements-certificate-contents/,200
rfc8994.xml,https://docs.fcc.gov/public/attachments/DOC-367699A1.docx,200
rfc8994.xml,https://standards.ieee.org/standard/1588-2008.html,Connection error: HTTP Error 403: Forbidden
rfc8994.xml,https://standards.ieee.org/standard/802_1X-2010.html,Connection error: HTTP Error 403: Forbidden
rfc8994.xml,https://standards.ieee.org/standard/802_1AB-2016.html,Connection error: HTTP Error 403: Forbidden
rfc8994.xml,https://standards.ieee.org/standard/802_1AE-2006.html,Connection error: HTTP Error 403: Forbidden
rfc8994.xml,https://tools.ietf.org/html/draft-eckert-anima-noc-autoconfig-00,200
rfc8994.xml,https://www.ietf.org/archive/id/draft-eckert-anima-noc-autoconfig-00.txt,200
rfc8994.xml,https://en.wikipedia.org/w/index.php?title=Operational_technology&oldid=986363045,200
rfc8994.xml,https://www.rfc-editor.org/info/rfc1112,200
rfc8994.xml,https://www.rfc-editor.org/info/rfc1492,200
rfc8994.xml,https://www.rfc-editor.org/info/rfc1654,200
rfc8994.xml,https://www.rfc-editor.org/info/rfc1918,200
rfc8994.xml,https://www.rfc-editor.org/info/rfc2315,200
rfc8994.xml,https://www.rfc-editor.org/info/rfc2409,200
rfc8994.xml,https://www.rfc-editor.org/info/rfc2865,200
rfc8994.xml,https://www.rfc-editor.org/info/rfc3164,200
rfc8994.xml,https://www.rfc-editor.org/info/rfc3315,200
rfc8994.xml,https://www.rfc-editor.org/info/rfc3411,200
rfc8994.xml,https://www.rfc-editor.org/info/rfc3596,200
rfc8994.xml,https://www.rfc-editor.org/info/rfc3954,200
rfc8994.xml,https://www.rfc-editor.org/info/rfc4007,200
rfc8994.xml,https://www.rfc-editor.org/info/rfc4210,200
rfc8994.xml,https://www.rfc-editor.org/info/rfc4364,200
rfc8994.xml,https://www.rfc-editor.org/info/rfc4429,200
rfc8994.xml,https://www.rfc-editor.org/info/rfc4541,200
rfc8994.xml,https://www.rfc-editor.org/info/rfc4604,200
rfc8994.xml,https://www.rfc-editor.org/info/rfc4607,200
rfc8994.xml,https://www.rfc-editor.org/info/rfc4610,200
rfc8994.xml,https://www.rfc-editor.org/info/rfc4985,200
rfc8994.xml,https://www.rfc-editor.org/info/rfc5790,200
rfc8994.xml,https://www.rfc-editor.org/info/rfc5880,200
rfc8994.xml,https://www.rfc-editor.org/info/rfc5905,200
rfc8994.xml,https://www.rfc-editor.org/info/rfc5912,200
rfc8994.xml,https://www.rfc-editor.org/info/rfc6120,200
rfc8994.xml,https://www.rfc-editor.org/info/rfc6241,200
rfc8994.xml,https://www.rfc-editor.org/info/rfc6335,200
rfc8994.xml,https://www.rfc-editor.org/info/rfc6402,200
rfc8994.xml,https://www.rfc-editor.org/info/rfc6407,200
rfc8994.xml,https://www.rfc-editor.org/info/rfc6554,200
rfc8994.xml,https://www.rfc-editor.org/info/rfc6724,200
rfc8994.xml,https://www.rfc-editor.org/info/rfc6733,200
rfc8994.xml,https://www.rfc-editor.org/info/rfc6762,200
rfc8994.xml,https://www.rfc-editor.org/info/rfc6763,200
rfc8994.xml,https://www.rfc-editor.org/info/rfc6824,200
rfc8994.xml,https://www.rfc-editor.org/info/rfc6830,200
rfc8994.xml,https://www.rfc-editor.org/info/rfc7011,200
rfc8994.xml,https://www.rfc-editor.org/info/rfc7404,200
rfc8994.xml,https://www.rfc-editor.org/info/rfc7426,200
rfc8994.xml,https://www.rfc-editor.org/info/rfc7435,200
rfc8994.xml,https://www.rfc-editor.org/info/rfc7575,200
rfc8994.xml,https://www.rfc-editor.org/info/rfc7576,200
rfc8994.xml,https://www.rfc-editor.org/info/rfc7585,200
rfc8994.xml,https://www.rfc-editor.org/info/rfc7721,200
rfc8994.xml,https://www.rfc-editor.org/info/rfc7761,200
rfc8994.xml,https://www.rfc-editor.org/info/rfc7950,200
rfc8994.xml,https://www.rfc-editor.org/info/rfc8028,200
rfc8994.xml,https://www.rfc-editor.org/info/rfc8126,200
rfc8994.xml,https://www.rfc-editor.org/info/rfc8316,200
rfc8994.xml,https://www.rfc-editor.org/info/rfc8366,200
rfc8994.xml,https://www.rfc-editor.org/info/rfc8368,200
rfc8994.xml,https://www.rfc-editor.org/info/rfc8398,200
rfc8994.xml,https://www.rfc-editor.org/info/rfc8402,200
rfc8994.xml,https://www.rfc-editor.org/info/rfc8572,200
rfc8994.xml,https://www.rfc-editor.org/info/rfc8684,200
rfc8994.xml,https://www.rfc-editor.org/info/rfc8739,200
rfc8994.xml,https://www.rfc-editor.org/info/rfc8981,200
rfc8994.xml,https://www.rfc-editor.org/info/rfc8992,200
rfc8994.xml,https://www.rfc-editor.org/info/rfc8993,200
rfc8994.xml,https://tools.ietf.org/html/draft-ietf-roll-applicability-template-09,200
rfc8994.xml,https://www.ietf.org/archive/id/draft-ietf-roll-applicability-template-09.txt,200
rfc8994.xml,https://en.wikipedia.org/w/index.php?title=Single-root_input/output_virtualization&oldid=978867619,200
rfc8994.xml,https://tools.ietf.org/html/draft-ietf-tls-dtls13-43,200
rfc8994.xml,https://www.ietf.org/archive/id/draft-ietf-tls-dtls13-43.txt,200
rfc8994.xml,https://www.itu.int/rec/T-REC-X.509,200
rfc8994.xml,https://www.itu.int/rec/T-REC-X.520,200
rfc9603.xml,https://datatracker.ietf.org/doc/draft-ietf-pce-segment-routing-ipv6-25,200
rfc9603.xml,https://dx.doi.org/10.17487/rfc9603,200
rfc9603.xml,https://www.rfc-editor.org/info/rfc9603,200
rfc9603.xml,https://trustee.ietf.org/license-info,200
rfc9603.xml,https://www.rfc-editor.org/info/rfc3209,200
rfc9603.xml,https://www.rfc-editor.org/info/rfc5440,200
rfc9603.xml,https://www.rfc-editor.org/info/rfc8126,200
rfc9603.xml,https://www.rfc-editor.org/info/rfc8231,200
rfc9603.xml,https://www.rfc-editor.org/info/rfc8281,200
rfc9603.xml,https://www.rfc-editor.org/info/rfc8408,200
rfc9603.xml,https://www.rfc-editor.org/info/rfc8491,200
rfc9603.xml,https://www.rfc-editor.org/info/rfc8253,200
rfc9603.xml,https://www.rfc-editor.org/info/rfc8664,200
rfc9603.xml,https://www.rfc-editor.org/info/rfc8986,200
rfc9603.xml,https://www.rfc-editor.org/info/rfc9514,200
rfc9603.xml,https://www.rfc-editor.org/info/rfc2119,200
rfc9603.xml,https://www.rfc-editor.org/info/rfc8174,200
rfc9603.xml,https://www.rfc-editor.org/info/rfc4657,200
rfc9603.xml,https://www.rfc-editor.org/info/rfc6952,200
rfc9603.xml,https://www.rfc-editor.org/info/rfc8051,200
rfc9603.xml,https://www.rfc-editor.org/info/rfc8402,200
rfc9603.xml,https://www.rfc-editor.org/info/rfc8754,200
rfc9603.xml,https://www.rfc-editor.org/info/rfc9256,200
rfc9603.xml,https://www.rfc-editor.org/info/rfc9352,200
rfc9603.xml,https://datatracker.ietf.org/doc/html/draft-ietf-pce-pcep-yang-25,200
rfc9603.xml,https://datatracker.ietf.org/doc/html/draft-ietf-pce-pcep-srv6-yang-05,200
rfc9256.xml,https://datatracker.ietf.org/doc/draft-ietf-spring-segment-routing-policy-22,200
rfc9256.xml,https://dx.doi.org/10.17487/rfc9256,200
rfc9256.xml,https://www.rfc-editor.org/info/rfc9256,200
rfc9256.xml,https://trustee.ietf.org/license-info,200
rfc9256.xml,https://www.rfc-editor.org/info/rfc2119,200
rfc9256.xml,https://www.rfc-editor.org/info/rfc7752,200
rfc9256.xml,https://www.rfc-editor.org/info/rfc8126,200
rfc9256.xml,https://www.rfc-editor.org/info/rfc8174,200
rfc9256.xml,https://www.rfc-editor.org/info/rfc8402,200
rfc9256.xml,https://www.rfc-editor.org/info/rfc8660,200
rfc9256.xml,https://www.rfc-editor.org/info/rfc8754,200
rfc9256.xml,https://www.rfc-editor.org/info/rfc8986,200
rfc9256.xml,https://www.rfc-editor.org/info/rfc9012,200
rfc9256.xml,https://datatracker.ietf.org/doc/html/draft-ietf-idr-te-lsp-distribution-17,200
rfc9256.xml,https://datatracker.ietf.org/doc/html/draft-ietf-idr-segment-routing-te-policy-18,200
rfc9256.xml,https://datatracker.ietf.org/doc/html/draft-ietf-lsr-flex-algo-20,200
rfc9256.xml,https://datatracker.ietf.org/doc/html/draft-ietf-pce-binding-label-sid-15,200
rfc9256.xml,https://datatracker.ietf.org/doc/html/draft-ietf-pce-segment-routing-policy-cp-07,200
rfc9256.xml,https://www.ietf.org/archive/id/draft-ietf-pce-segment-routing-policy-cp-07.txt,200
rfc9256.xml,https://datatracker.ietf.org/doc/html/draft-anand-spring-poi-sr-08,200
rfc9256.xml,https://www.ietf.org/archive/id/draft-anand-spring-poi-sr-08.txt,200
rfc9256.xml,https://www.rfc-editor.org/info/rfc20,200
rfc9256.xml,https://www.rfc-editor.org/info/rfc1195,200
rfc9256.xml,https://www.rfc-editor.org/info/rfc2328,200
rfc9256.xml,https://www.rfc-editor.org/info/rfc3630,200
rfc9256.xml,https://www.rfc-editor.org/info/rfc4760,200
rfc9256.xml,https://www.rfc-editor.org/info/rfc5305,200
rfc9256.xml,https://www.rfc-editor.org/info/rfc5307,200
rfc9256.xml,https://www.rfc-editor.org/info/rfc5329,200
rfc9256.xml,https://www.rfc-editor.org/info/rfc5340,200
rfc9256.xml,https://www.rfc-editor.org/info/rfc5462,200
rfc9256.xml,https://www.rfc-editor.org/info/rfc6830,200
rfc9256.xml,https://www.rfc-editor.org/info/rfc7471,200
rfc9256.xml,https://www.rfc-editor.org/info/rfc8231,200
rfc9256.xml,https://www.rfc-editor.org/info/rfc8476,200
rfc9256.xml,https://www.rfc-editor.org/info/rfc8491,200
rfc9256.xml,https://www.rfc-editor.org/info/rfc8570,200
rfc9256.xml,https://www.rfc-editor.org/info/rfc8664,200
rfc9256.xml,https://www.rfc-editor.org/info/rfc8814,200
rfc9256.xml,https://www.rfc-editor.org/info/rfc9086,200
rfc9256.xml,https://datatracker.ietf.org/doc/html/draft-filsfils-spring-sr-policy-considerations-09,200
rfc9256.xml,https://datatracker.ietf.org/doc/html/draft-ietf-spring-sr-policy-yang-01,200
rfc9256.xml,https://datatracker.ietf.org/doc/html/draft-ietf-rtgwg-segment-routing-ti-lfa-08,200
rfc9256.xml,https://www.ietf.org/archive/id/draft-ietf-rtgwg-segment-routing-ti-lfa-08.txt,200
rfc9256.xml,https://datatracker.ietf.org/doc/html/draft-ali-spring-sr-traffic-accounting-07,200
rfc9256.xml,https://datatracker.ietf.org/doc/html/draft-filsfils-spring-sr-traffic-counters-02,200
rfc9131.xml,https://datatracker.ietf.org/doc/draft-ietf-6man-grand-07,200
rfc9131.xml,https://dx.doi.org/10.17487/rfc9131,200
rfc9131.xml,https://www.rfc-editor.org/info/rfc9131,200
rfc9131.xml,https://trustee.ietf.org/license-info,200
rfc9131.xml,https://www.rfc-editor.org/info/rfc2119,200
rfc9131.xml,https://www.rfc-editor.org/info/rfc4291,200
rfc9131.xml,https://www.rfc-editor.org/info/rfc4429,200
rfc9131.xml,https://www.rfc-editor.org/info/rfc4861,200
rfc9131.xml,https://www.rfc-editor.org/info/rfc4862,200
rfc9131.xml,https://www.rfc-editor.org/info/rfc8174,200
rfc9131.xml,https://datatracker.ietf.org/doc/html/draft-halpern-6man-nd-pre-resolve-addr-00,200
rfc9131.xml,https://www.rfc-editor.org/info/rfc3756,200
rfc9131.xml,https://www.rfc-editor.org/info/rfc4541,200
rfc9131.xml,https://www.rfc-editor.org/info/rfc6583,200
rfc9131.xml,https://www.rfc-editor.org/info/rfc6775,200
rfc9131.xml,https://www.rfc-editor.org/info/rfc8305,200
rfc9131.xml,https://www.rfc-editor.org/info/rfc8505,200
rfc9131.xml,https://www.rfc-editor.org/info/rfc8981,200
rfc9151.xml,https://datatracker.ietf.org/doc/draft-cooley-cnsa-dtls-tls-profile-07,200
rfc9151.xml,https://dx.doi.org/10.17487/rfc9151,200
rfc9151.xml,https://www.rfc-editor.org/info/rfc9151,200
rfc9151.xml,https://trustee.ietf.org/license-info,200
rfc9151.xml,https://nvlpubs.nist.gov/nistpubs/fips/NIST.FIPS.197.pdf,200
rfc9151.xml,https://www.cnss.gov/CNSS/issuances/Policies.cfm,Connection error: <urlopen error [SSL: CERTIFICATE_VERIFY_FAILED] certificate verify failed: self-signed certificate in certificate chain (_ssl.c:1006)>
rfc9151.xml,https://nvlpubs.nist.gov/nistpubs/FIPS/NIST.FIPS.186-4.pdf,200
rfc9151.xml,https://nvlpubs.nist.gov/nistpubs/Legacy/SP/nistspecialpublication800-38d.pdf,200
rfc9151.xml,https://nvlpubs.nist.gov/nistpubs/SpecialPublications/NIST.SP.800-56Ar3.pdf,200
rfc9151.xml,https://nvlpubs.nist.gov/nistpubs/SpecialPublications/NIST.SP.800-56Br2.pdf,200
rfc9151.xml,https://www.rfc-editor.org/info/rfc2119,200
rfc9151.xml,https://www.rfc-editor.org/info/rfc5246,200
rfc9151.xml,https://www.rfc-editor.org/info/rfc5288,200
rfc9151.xml,https://www.rfc-editor.org/info/rfc5289,200
rfc9151.xml,https://www.rfc-editor.org/info/rfc6347,200
rfc9151.xml,https://www.rfc-editor.org/info/rfc7627,200
rfc9151.xml,https://www.rfc-editor.org/info/rfc7919,200
rfc9151.xml,https://www.rfc-editor.org/info/rfc8017,200
rfc9151.xml,https://www.rfc-editor.org/info/rfc8174,200
rfc9151.xml,https://www.rfc-editor.org/info/rfc8422,200
rfc9151.xml,https://www.rfc-editor.org/info/rfc8446,200
rfc9151.xml,https://www.rfc-editor.org/info/rfc8603,200
rfc9151.xml,https://www.rfc-editor.org/info/rfc9147,200
rfc9151.xml,https://nvlpubs.nist.gov/nistpubs/FIPS/NIST.FIPS.180-4.pdf,200
rfc9151.xml,https://www.secg.org/sec2-v2.pdf,200
rfc9151.xml,https://nvlpubs.nist.gov/nistpubs/Legacy/SP/nistspecialpublication800-59.pdf,200
rfc9425.xml,https://datatracker.ietf.org/doc/draft-ietf-jmap-quotas-12,200
rfc9425.xml,https://dx.doi.org/10.17487/rfc9425,200
rfc9425.xml,https://www.rfc-editor.org/info/rfc9425,200
rfc9425.xml,https://trustee.ietf.org/license-info,200
rfc9425.xml,https://www.rfc-editor.org/info/rfc2119,200
rfc9425.xml,https://www.rfc-editor.org/info/rfc3629,200
rfc9425.xml,https://www.rfc-editor.org/info/rfc8174,200
rfc9425.xml,https://www.rfc-editor.org/info/rfc8620,200
rfc9425.xml,https://www.rfc-editor.org/info/rfc9007,200
rfc9425.xml,https://www.rfc-editor.org/info/rfc9110,200
rfc9067.xml,https://datatracker.ietf.org/doc/draft-ietf-rtgwg-policy-model-31,200
rfc9067.xml,https://dx.doi.org/10.17487/rfc9067,200
rfc9067.xml,https://www.rfc-editor.org/info/rfc9067,200
rfc9067.xml,https://trustee.ietf.org/license-info,200
rfc9067.xml,https://www.rfc-editor.org/info/rfc2119,200
rfc9067.xml,https://www.rfc-editor.org/info/rfc2328,200
rfc9067.xml,https://www.rfc-editor.org/info/rfc3101,200
rfc9067.xml,https://www.rfc-editor.org/info/rfc3688,200
rfc9067.xml,https://www.rfc-editor.org/info/rfc4271,200
rfc9067.xml,https://www.rfc-editor.org/info/rfc5130,200
rfc9067.xml,https://www.rfc-editor.org/info/rfc5302,200
rfc9067.xml,https://www.rfc-editor.org/info/rfc6020,200
rfc9067.xml,https://www.rfc-editor.org/info/rfc6241,200
rfc9067.xml,https://www.rfc-editor.org/info/rfc6242,200
rfc9067.xml,https://www.rfc-editor.org/info/rfc6991,200
rfc9067.xml,https://www.rfc-editor.org/info/rfc7950,200
rfc9067.xml,https://www.rfc-editor.org/info/rfc8040,200
rfc9067.xml,https://www.rfc-editor.org/info/rfc8174,200
rfc9067.xml,https://www.rfc-editor.org/info/rfc8340,200
rfc9067.xml,https://www.rfc-editor.org/info/rfc8341,200
rfc9067.xml,https://www.rfc-editor.org/info/rfc8342,200
rfc9067.xml,https://www.rfc-editor.org/info/rfc8343,200
rfc9067.xml,https://www.rfc-editor.org/info/rfc8349,200
rfc9067.xml,https://www.rfc-editor.org/info/rfc8446,200
rfc9067.xml,https://datatracker.ietf.org/doc/html/draft-ietf-idr-bgp-model-09,200
rfc9067.xml,https://www.ietf.org/archive/id/draft-ietf-idr-bgp-model-09.txt,200
rfc9067.xml,https://www.w3.org/TR/2006/REC-xml11-20060816,200
rfc9067.xml,https://www.w3.org/TR/2006/REC-xml11-20060816,200
rfc9699.xml,https://datatracker.ietf.org/doc/draft-ietf-mops-ar-use-case-18,200
rfc9699.xml,https://dx.doi.org/10.17487/rfc9699,200
rfc9699.xml,https://www.rfc-editor.org/info/rfc9699,200
rfc9699.xml,https://trustee.ietf.org/license-info,200
rfc9699.xml,https://dl.acm.org/doi/10.1145/3098822.3098843,Connection error: HTTP Error 403: Forbidden
rfc9699.xml,https://www.usenix.org/conference/nsdi20/presentation/yan,200
rfc9699.xml,https://www.oreilly.com/library/view/augmented-reality-principles/9780133153217/,200
rfc9699.xml,https://direct.mit.edu/pvar/article-abstract/6/4/355/18336/A-Survey-of-Augmented-Reality?redirectedFrom=fulltext,Connection error: HTTP Error 403: Forbidden
rfc9699.xml,https://ieeexplore.ieee.org/document/7993011,Connection error: HTTP Error 418: Unknown Code
rfc9699.xml,https://diglib.eg.org/items/6954bf7e-5852-44cf-8155-4ba269dc4cee,200
rfc9699.xml,https://dl.acm.org/doi/10.1145/3442381.3449854,Connection error: HTTP Error 403: Forbidden
rfc9699.xml,https://www.sans.org/top25-software-errors/,200
rfc9699.xml,https://dl.acm.org/doi/10.1145/2637166.2637230,Connection error: HTTP Error 403: Forbidden
rfc9699.xml,https://www.mdpi.com/1424-8220/20/5/1446,200
rfc9699.xml,https://dl.acm.org/doi/10.5555/2029110,Connection error: HTTP Error 403: Forbidden
rfc9699.xml,https://ieeexplore.ieee.org/document/7807196,Connection error: HTTP Error 418: Unknown Code
rfc9699.xml,https://ieeexplore.ieee.org/document/8812200,Connection error: HTTP Error 418: Unknown Code
rfc9699.xml,https://link.springer.com/book/10.1007/978-3-031-79733-0,200
rfc9699.xml,https://ieeexplore.ieee.org/document/6671773,Connection error: HTTP Error 418: Unknown Code
rfc9699.xml,https://ieeexplore.ieee.org/document/6948407,Connection error: HTTP Error 418: Unknown Code
rfc9699.xml,https://www.wiley.com/en-us/Internet+Measurement%3A+Infrastructure%2C+Traffic+and+Applications-p-9780470014615,Connection error: HTTP Error 403: Forbidden
rfc9699.xml,https://arxiv.org/pdf/2001.10488,200
rfc9699.xml,https://www.wiley.com/en-us/A+Primer+in+Data+Reduction%3A+An+Introductory+Statistics+Textbook-p-9780471101352,Connection error: HTTP Error 403: Forbidden
rfc9699.xml,https://link.springer.com/chapter/10.1007/978-3-7091-6785-4_2,200
rfc9699.xml,https://gsacom.com/paper/augmented-virtual-reality-first-wave-5g-killer-apps-qualcomm-abi-research/,Connection error: HTTP Error 403: Forbidden
rfc9699.xml,https://ieeexplore.ieee.org/document/392383,Connection error: HTTP Error 418: Unknown Code
rfc9699.xml,https://ieeexplore.ieee.org/abstract/document/554723,Connection error: HTTP Error 418: Unknown Code
rfc9699.xml,https://www.sciencedirect.com/science/article/pii/S1063520300903427,Connection error: HTTP Error 403: Forbidden
rfc9699.xml,https://research.google/pubs/site-reliability-engineering-how-google-runs-production-systems/,200
rfc9699.xml,https://ieeexplore.ieee.org/document/9363323,Connection error: HTTP Error 418: Unknown Code
rfc9699.xml,https://csrc.nist.gov/pubs/sp/800/146/final,200
rfc9699.xml,https://csrc.nist.gov/pubs/sp/800/123/final,200
rfc9699.xml,https://ieeexplore.ieee.org/document/4079277,Connection error: HTTP Error 418: Unknown Code
rfc9699.xml,https://onlinelibrary.wiley.com/doi/10.1111/1467-8659.1530011,Connection error: HTTP Error 403: Forbidden
rfc9699.xml,https://ieeexplore.ieee.org/document/6948419,Connection error: HTTP Error 418: Unknown Code
rfc9699.xml,https://www.roadtovr.com/oculus-shares-5-key-ingredients-for-presence-in-virtual-reality/,200
rfc9699.xml,https://dl.acm.org/doi/10.1145/1012551.1012559,Connection error: HTTP Error 403: Forbidden
rfc9699.xml,https://ieeexplore.ieee.org/document/6165138,Connection error: HTTP Error 418: Unknown Code
rfc9699.xml,https://pubmed.ncbi.nlm.nih.gov/22624290/,200
rfc9699.xml,https://direct.mit.edu/pvar/article-abstract/6/4/413/18334/Registration-Error-Analysis-for-Augmented-Reality?redirectedFrom=fulltext,Connection error: HTTP Error 403: Forbidden
rfc9699.xml,https://www.rfc-editor.org/info/rfc2210,200
rfc9699.xml,https://www.rfc-editor.org/info/rfc2475,200
rfc9699.xml,https://www.rfc-editor.org/info/rfc8939,200
rfc9699.xml,https://www.rfc-editor.org/info/rfc9023,200
rfc9699.xml,https://www.rfc-editor.org/info/rfc9450,200
rfc9699.xml,https://ieeexplore.ieee.org/document/6909455,Connection error: HTTP Error 418: Unknown Code
rfc9699.xml,https://link.springer.com/chapter/10.1007/978-3-319-10593-2_2,200
rfc9699.xml,https://ieeexplore.ieee.org/document/6636302,Connection error: HTTP Error 418: Unknown Code
rfc9699.xml,https://ieeexplore.ieee.org/document/6671783,Connection error: HTTP Error 418: Unknown Code
rfc9699.xml,https://www.taylorfrancis.com/chapters/edit/10.1201/9781420093612-6/ubiquitous-computing-systems-jakob-bardram-adrian-friday,Connection error: HTTP Error 403: Forbidden
rfc9699.xml,https://portal.3gpp.org/desktopmodules/Specifications/SpecificationDetails.aspx?specificationId=3453,Connection error: HTTP Error 403: Forbidden: Access is denied.
rfc9699.xml,https://ieeexplore.ieee.org/document/4538846,Connection error: HTTP Error 418: Unknown Code
rfc9699.xml,https://portal.3gpp.org/desktopmodules/Specifications/SpecificationDetails.aspx?specificationId=3534,Connection error: HTTP Error 403: Forbidden: Access is denied.
rfc9699.xml,https://ieeexplore.ieee.org/document/9158434,Connection error: HTTP Error 418: Unknown Code
rfc9624.xml,https://datatracker.ietf.org/doc/draft-ietf-bier-evpn-14,200
rfc9624.xml,https://dx.doi.org/10.17487/rfc9624,200
rfc9624.xml,https://www.rfc-editor.org/info/rfc9624,200
rfc9624.xml,https://trustee.ietf.org/license-info,200
rfc9624.xml,https://www.rfc-editor.org/info/rfc2119,200
rfc9624.xml,https://www.rfc-editor.org/info/rfc6513,200
rfc9624.xml,https://www.rfc-editor.org/info/rfc6514,200
rfc9624.xml,https://www.rfc-editor.org/info/rfc6625,200
rfc9624.xml,https://www.rfc-editor.org/info/rfc7432,200
rfc9624.xml,https://www.rfc-editor.org/info/rfc7900,200
rfc9624.xml,https://www.rfc-editor.org/info/rfc8174,200
rfc9624.xml,https://www.rfc-editor.org/info/rfc8279,200
rfc9624.xml,https://www.rfc-editor.org/info/rfc8296,200
rfc9624.xml,https://www.rfc-editor.org/info/rfc8365,200
rfc9624.xml,https://www.rfc-editor.org/info/rfc8534,200
rfc9624.xml,https://www.rfc-editor.org/info/rfc8556,200
rfc9624.xml,https://www.rfc-editor.org/info/rfc8926,200
rfc9624.xml,https://www.rfc-editor.org/info/rfc9251,200
rfc9624.xml,https://www.rfc-editor.org/info/rfc9572,200
rfc9624.xml,https://datatracker.ietf.org/doc/html/draft-ietf-bier-php-11,200
rfc9624.xml,https://datatracker.ietf.org/doc/html/draft-zzhang-bess-mvpn-evpn-cmcast-enhancements-04,200
rfc9624.xml,https://www.rfc-editor.org/info/rfc4875,200
rfc9624.xml,https://www.rfc-editor.org/info/rfc6388,200
rfc9624.xml,https://www.rfc-editor.org/info/rfc7348,200
rfc9624.xml,https://www.rfc-editor.org/info/rfc7637,200
rfc9316.xml,https://datatracker.ietf.org/doc/draft-irtf-nmrg-ibn-intent-classification-08,200
rfc9316.xml,https://dx.doi.org/10.17487/rfc9316,200
rfc9316.xml,https://www.rfc-editor.org/info/rfc9316,200
rfc9316.xml,https://trustee.ietf.org/license-info,200
rfc9316.xml,https://doi.org/10.1109/NoF47743.2019.9015045,Connection error: HTTP Error 418: Unknown Code
rfc9316.xml,https://doi.org/10.1109/NetSoft51509.2021.9492554,Connection error: HTTP Error 418: Unknown Code
rfc9316.xml,https://www.simpleweb.org/ifip/taxonomy.html,200
rfc9316.xml,https://doi.org/10.1145/3229584.3229590,Connection error: HTTP Error 403: Forbidden
rfc9316.xml,https://doi.org/10.1109/ICIN51074.2021.9385553,Connection error: HTTP Error 418: Unknown Code
rfc9316.xml,https://doi.org/10.48550/arXiv.2108.04560,200
rfc9316.xml,https://opennetworking.wpengine.com/wp-content/uploads/2014/10/TR-523_Intent_Definition_Principles.pdf,Connection error: HTTP Error 404: Not Found
rfc9316.xml,https://wiki.onosproject.org/display/ONOS/Intent+Framework/,200
rfc9316.xml,https://www.ietf.org/proceedings/108/slides/slides-108-nmrg-ietf-108-hackathon-report-a-multi-level-approach-to-ibn-02,Connection error: HTTP Error 404: Not Found
rfc9316.xml,https://www.rfc-editor.org/info/rfc9315,200
rfc9316.xml,https://doi.org/10.13052/jicts2245-800X.926,Connection error: HTTP Error 403: Forbidden
rfc9316.xml,https://doi.org/10.1145/3341302.3342088,Connection error: HTTP Error 403: Forbidden
rfc9778.xml,https://datatracker.ietf.org/doc/draft-ietf-pim-3228bis-07,200
rfc9778.xml,https://dx.doi.org/10.17487/rfc9778,200
rfc9778.xml,https://www.rfc-editor.org/info/rfc9778,200
rfc9778.xml,https://trustee.ietf.org/license-info,200
rfc9778.xml,https://www.iana.org/assignments/icmpv6-parameters,200
rfc9778.xml,https://www.rfc-editor.org/info/rfc2119,200
rfc9778.xml,https://www.rfc-editor.org/info/rfc8126,200
rfc9778.xml,https://www.rfc-editor.org/info/rfc8174,200
rfc9778.xml,https://www.rfc-editor.org/info/std100,200
rfc9778.xml,https://www.rfc-editor.org/info/rfc9776,200
rfc9778.xml,https://www.rfc-editor.org/info/std101,200
rfc9778.xml,https://www.rfc-editor.org/info/rfc9777,200
rfc9778.xml,https://www.rfc-editor.org/info/rfc3228,200
rfc9778.xml,https://www.rfc-editor.org/info/rfc4443,200
rfc9778.xml,https://www.rfc-editor.org/info/rfc9279,200
rfc8710.xml,https://datatracker.ietf.org/doc/draft-ietf-core-multipart-ct-04,200
rfc8710.xml,https://dx.doi.org/10.17487/rfc8710,200
rfc8710.xml,https://www.rfc-editor.org/info/rfc8710,200
rfc8710.xml,https://trustee.ietf.org/license-info,200
rfc8710.xml,https://www.rfc-editor.org/info/rfc2119,200
rfc8710.xml,https://www.rfc-editor.org/info/rfc7049,200
rfc8710.xml,https://www.rfc-editor.org/info/rfc7252,200
rfc8710.xml,https://www.rfc-editor.org/info/rfc8174,200
rfc8710.xml,https://tools.ietf.org/html/draft-ietf-ace-coap-est-18,200
rfc8710.xml,http://www.ietf.org/internet-drafts/draft-ietf-ace-coap-est-18.txt,Connection error: HTTP Error 404: Not Found
rfc8710.xml,https://www.rfc-editor.org/info/rfc2046,200
rfc8710.xml,https://www.rfc-editor.org/info/rfc6838,200
rfc8710.xml,https://www.rfc-editor.org/info/rfc7641,200
rfc8710.xml,https://www.rfc-editor.org/info/rfc8610,200
rfc9735.xml,https://datatracker.ietf.org/doc/draft-ietf-lisp-name-encoding-17,200
rfc9735.xml,https://dx.doi.org/10.17487/rfc9735,200
rfc9735.xml,https://www.rfc-editor.org/info/rfc9735,200
rfc9735.xml,https://trustee.ietf.org/license-info,200
rfc9735.xml,https://www.iana.org/assignments/address-family-numbers,200
rfc9735.xml,https://www.rfc-editor.org/info/rfc2119,200
rfc9735.xml,https://www.rfc-editor.org/info/rfc3629,200
rfc9735.xml,https://www.rfc-editor.org/info/rfc8174,200
rfc9735.xml,https://www.rfc-editor.org/info/rfc9300,200
rfc9735.xml,https://www.rfc-editor.org/info/rfc9301,200
rfc9735.xml,https://www.rfc-editor.org/info/rfc9437,200
rfc9735.xml,https://datatracker.ietf.org/doc/html/draft-ietf-lisp-ecdsa-auth-13,200
rfc9735.xml,https://datatracker.ietf.org/doc/html/draft-ietf-lisp-site-external-connectivity-01,200
rfc9735.xml,https://datatracker.ietf.org/doc/html/draft-ietf-lisp-geo-09,200
rfc9735.xml,https://datatracker.ietf.org/doc/html/draft-ietf-lisp-map-server-reliable-transport-05,200
rfc9735.xml,https://datatracker.ietf.org/doc/html/draft-ietf-lisp-vpn-12,200
rfc9735.xml,https://datatracker.ietf.org/doc/html/draft-farinacci-lisp-lispers-net-nat-09,200
rfc9735.xml,https://www.rfc-editor.org/info/rfc5280,200
rfc9735.xml,https://www.rfc-editor.org/info/rfc8060,200
rfc9628.xml,https://datatracker.ietf.org/doc/draft-ietf-payload-vp9-16,200
rfc9628.xml,https://dx.doi.org/10.17487/rfc9628,200
rfc9628.xml,https://www.rfc-editor.org/info/rfc9628,200
rfc9628.xml,https://trustee.ietf.org/license-info,200
rfc9628.xml,https://www.iana.org/assignments/rtp-parameters,200
rfc9628.xml,https://www.rfc-editor.org/info/rfc2119,200
rfc9628.xml,https://www.rfc-editor.org/info/rfc3264,200
rfc9628.xml,https://www.rfc-editor.org/info/rfc3550,200
rfc9628.xml,https://www.rfc-editor.org/info/rfc4585,200
rfc9628.xml,https://www.rfc-editor.org/info/rfc4855,200
rfc9628.xml,https://www.rfc-editor.org/info/rfc5104,200
rfc9628.xml,https://www.rfc-editor.org/info/rfc6838,200
rfc9628.xml,https://www.rfc-editor.org/info/rfc8174,200
rfc9628.xml,https://www.rfc-editor.org/info/rfc8866,200
rfc9628.xml,https://www.rfc-editor.org/info/rfc9627,200
rfc9628.xml,https://storage.googleapis.com/downloads.webmproject.org/docs/vp9/vp9-bitstream-specification-v0.6-20160331-draft.pdf,200
rfc9628.xml,https://www.rfc-editor.org/info/rfc3551,200
rfc9628.xml,https://www.rfc-editor.org/info/rfc3711,200
rfc9628.xml,https://www.rfc-editor.org/info/rfc5124,200
rfc9628.xml,https://www.rfc-editor.org/info/rfc6386,200
rfc9628.xml,https://www.rfc-editor.org/info/rfc7201,200
rfc9628.xml,https://www.rfc-editor.org/info/rfc7202,200
rfc9628.xml,https://www.rfc-editor.org/info/rfc7667,200
rfc9588.xml,https://datatracker.ietf.org/doc/draft-ietf-kitten-krb-spake-preauth-13,200
rfc9588.xml,https://dx.doi.org/10.17487/rfc9588,200
rfc9588.xml,https://www.rfc-editor.org/info/rfc9588,200
rfc9588.xml,https://trustee.ietf.org/license-info,200
rfc9588.xml,https://www.rfc-editor.org/info/rfc2119,200
rfc9588.xml,https://www.rfc-editor.org/info/rfc3961,200
rfc9588.xml,https://www.rfc-editor.org/info/rfc4120,200
rfc9588.xml,https://www.rfc-editor.org/info/rfc6113,200
rfc9588.xml,https://www.rfc-editor.org/info/rfc6234,200
rfc9588.xml,https://www.rfc-editor.org/info/rfc7748,200
rfc9588.xml,https://www.rfc-editor.org/info/rfc8032,200
rfc9588.xml,https://www.rfc-editor.org/info/rfc8126,200
rfc9588.xml,https://www.rfc-editor.org/info/rfc8174,200
rfc9588.xml,https://www.rfc-editor.org/info/rfc6090,200
rfc9588.xml,https://www.rfc-editor.org/info/rfc6560,200
rfc9588.xml,https://www.rfc-editor.org/info/rfc8125,200
rfc9588.xml,https://doi.org/10.1007/978-3-540-30574-3_14,200
rfc9250.xml,https://datatracker.ietf.org/doc/draft-ietf-dprive-dnsoquic-11,200
rfc9250.xml,https://dx.doi.org/10.17487/rfc9250,200
rfc9250.xml,https://www.rfc-editor.org/info/rfc9250,200
rfc9250.xml,https://trustee.ietf.org/license-info,200
rfc9250.xml,https://www.rfc-editor.org/info/rfc1034,200
rfc9250.xml,https://www.rfc-editor.org/info/rfc1035,200
rfc9250.xml,https://www.rfc-editor.org/info/rfc1995,200
rfc9250.xml,https://www.rfc-editor.org/info/rfc2119,200
rfc9250.xml,https://www.rfc-editor.org/info/rfc5936,200
rfc9250.xml,https://www.rfc-editor.org/info/rfc6891,200
rfc9250.xml,https://www.rfc-editor.org/info/rfc7301,200
rfc9250.xml,https://www.rfc-editor.org/info/rfc7766,200
rfc9250.xml,https://www.rfc-editor.org/info/rfc7830,200
rfc9250.xml,https://www.rfc-editor.org/info/rfc7858,200
rfc9250.xml,https://www.rfc-editor.org/info/rfc8126,200
rfc9250.xml,https://www.rfc-editor.org/info/rfc8174,200
rfc9250.xml,https://www.rfc-editor.org/info/rfc8310,200
rfc9250.xml,https://www.rfc-editor.org/info/rfc8446,200
rfc9250.xml,https://www.rfc-editor.org/info/rfc8467,200
rfc9250.xml,https://www.rfc-editor.org/info/rfc8914,200
rfc9250.xml,https://www.rfc-editor.org/info/rfc9000,200
rfc9250.xml,https://www.rfc-editor.org/info/rfc9001,200
rfc9250.xml,https://www.rfc-editor.org/info/rfc9103,200
rfc9250.xml,https://www.rfc-editor.org/info/bcp195,200
rfc9250.xml,https://www.rfc-editor.org/info/rfc7525,200
rfc9250.xml,https://www.rfc-editor.org/info/rfc8996,200
rfc9250.xml,https://datatracker.ietf.org/doc/html/draft-ietf-dnsop-rfc8499bis-03,200
rfc9250.xml,https://www.ietf.org/archive/id/draft-ietf-dnsop-rfc8499bis-03.txt,200
rfc9250.xml,https://www.ietf.org/mail-archive/web/dns-privacy/current/msg01276.html,200
rfc9250.xml,https://datatracker.ietf.org/doc/html/draft-ietf-quic-bit-grease-02,200
rfc9250.xml,https://www.ietf.org/archive/id/draft-ietf-quic-bit-grease-02.txt,200
rfc9250.xml,https://datatracker.ietf.org/doc/html/draft-ietf-quic-http-34,200
rfc9250.xml,https://www.rfc-editor.org/info/rfc1996,200
rfc9250.xml,https://www.rfc-editor.org/info/rfc3833,200
rfc9250.xml,https://www.rfc-editor.org/info/rfc6335,200
rfc9250.xml,https://www.rfc-editor.org/info/rfc7828,200
rfc9250.xml,https://www.rfc-editor.org/info/rfc7873,200
rfc9250.xml,https://www.rfc-editor.org/info/rfc8094,200
rfc9250.xml,https://www.rfc-editor.org/info/rfc8484,200
rfc9250.xml,https://www.rfc-editor.org/info/rfc8490,200
rfc9250.xml,https://www.rfc-editor.org/info/rfc8932,200
rfc9250.xml,https://www.rfc-editor.org/info/rfc9002,200
rfc9250.xml,https://www.rfc-editor.org/info/rfc9076,200
rfc9289.xml,https://datatracker.ietf.org/doc/draft-ietf-nfsv4-rpc-tls-11,200
rfc9289.xml,https://dx.doi.org/10.17487/rfc9289,200
rfc9289.xml,https://www.rfc-editor.org/info/rfc9289,200
rfc9289.xml,https://trustee.ietf.org/license-info,200
rfc9289.xml,https://www.rfc-editor.org/info/rfc2119,200
rfc9289.xml,https://www.rfc-editor.org/info/rfc5056,200
rfc9289.xml,https://www.rfc-editor.org/info/rfc5280,200
rfc9289.xml,https://www.rfc-editor.org/info/rfc5531,200
rfc9289.xml,https://www.rfc-editor.org/info/rfc6125,200
rfc9289.xml,https://www.rfc-editor.org/info/rfc7301,200
rfc9289.xml,https://www.rfc-editor.org/info/rfc7525,200
rfc9289.xml,https://www.rfc-editor.org/info/rfc8126,200
rfc9289.xml,https://www.rfc-editor.org/info/rfc8174,200
rfc9289.xml,https://www.rfc-editor.org/info/rfc8446,200
rfc9289.xml,https://www.rfc-editor.org/info/rfc9147,200
rfc9289.xml,https://www.rfc-editor.org/info/rfc9266,200
rfc9289.xml,https://www.itu.int/rec/T-REC-X.680,200
rfc9289.xml,https://www.itu.int/rec/T-REC-X.690,200
rfc9289.xml,https://www.rfc-editor.org/info/rfc1833,200
rfc9289.xml,https://www.rfc-editor.org/info/rfc2203,200
rfc9289.xml,https://www.rfc-editor.org/info/rfc6698,200
rfc9289.xml,https://www.rfc-editor.org/info/rfc6973,200
rfc9289.xml,https://www.rfc-editor.org/info/rfc7258,200
rfc9289.xml,https://www.rfc-editor.org/info/rfc7435,200
rfc9289.xml,https://www.rfc-editor.org/info/rfc8166,200
rfc9289.xml,https://www.rfc-editor.org/info/rfc8167,200
rfc9289.xml,https://www.rfc-editor.org/info/rfc8899,200
rfc9289.xml,https://www.rfc-editor.org/info/rfc9110,200
rfc9289.xml,https://www.linuxjournal.com/content/encrypting-nfsv4-stunnel-tls,200
rfc8769.xml,https://datatracker.ietf.org/doc/draft-schaad-cbor-content-02,200
rfc8769.xml,https://dx.doi.org/10.17487/rfc8769,200
rfc8769.xml,https://www.rfc-editor.org/info/rfc8769,200
rfc8769.xml,https://trustee.ietf.org/license-info,200
rfc8769.xml,https://www.rfc-editor.org/info/rfc7049,200
rfc8769.xml,https://www.rfc-editor.org/info/rfc8742,200
rfc8769.xml,https://www.rfc-editor.org/info/rfc5652,200
rfc8769.xml,https://www.rfc-editor.org/info/rfc8152,200
rfc8769.xml,https://www.rfc-editor.org/info/rfc7193,200
rfc9092.xml,https://datatracker.ietf.org/doc/draft-ietf-opsawg-finding-geofeeds-17,200
rfc9092.xml,https://dx.doi.org/10.17487/rfc9092,200
rfc9092.xml,https://www.rfc-editor.org/info/rfc9092,200
rfc9092.xml,https://trustee.ietf.org/license-info,200
rfc9092.xml,https://www.rfc-editor.org/info/rfc2119,200
rfc9092.xml,https://www.rfc-editor.org/info/rfc2622,200
rfc9092.xml,https://www.rfc-editor.org/info/rfc2725,200
rfc9092.xml,https://www.rfc-editor.org/info/rfc2818,200
rfc9092.xml,https://www.rfc-editor.org/info/rfc3629,200
rfc9092.xml,https://www.rfc-editor.org/info/rfc3779,200
rfc9092.xml,https://www.rfc-editor.org/info/rfc4012,200
rfc9092.xml,https://www.rfc-editor.org/info/rfc4648,200
rfc9092.xml,https://www.rfc-editor.org/info/rfc5280,200
rfc9092.xml,https://www.rfc-editor.org/info/rfc5652,200
rfc9092.xml,https://www.rfc-editor.org/info/rfc6481,200
rfc9092.xml,https://www.rfc-editor.org/info/rfc6486,200
rfc9092.xml,https://www.rfc-editor.org/info/rfc8174,200
rfc9092.xml,https://www.rfc-editor.org/info/rfc8805,200
rfc9092.xml,https://www.rfc-editor.org/info/rfc8933,200
rfc9092.xml,https://github.com/massimocandela/geofeed-finder,200
rfc9092.xml,https://www.ripe.net/manage-ips-and-asns/db/support/documentation/ripe-database-documentation/rpsl-object-types/4-2-descriptions-of-primary-objects/4-2-3-description-of-the-inet6num-object,Connection error: HTTP Error 404: Not Found
rfc9092.xml,https://www.ripe.net/manage-ips-and-asns/db/support/documentation/ripe-database-documentation/rpsl-object-types/4-2-descriptions-of-primary-objects/4-2-4-description-of-the-inetnum-object,Connection error: HTTP Error 404: Not Found
rfc9092.xml,https://www.rfc-editor.org/info/rfc959,200
rfc9092.xml,https://www.rfc-editor.org/info/rfc3912,200
rfc9092.xml,https://www.rfc-editor.org/info/rfc4632,200
rfc9092.xml,https://www.rfc-editor.org/info/rfc5485,200
rfc9092.xml,https://www.rfc-editor.org/info/rfc7234,200
rfc9092.xml,https://www.rfc-editor.org/info/rfc7485,200
rfc9092.xml,https://www.rfc-editor.org/info/rfc7909,200
rfc9092.xml,https://www.rfc-editor.org/info/rfc9082,200
rfc9092.xml,https://www.ripe.net/manage-ips-and-asns/db/support/documentation/ripe-database-documentation,200
rfc9092.xml,https://www.ripe.net/publications/docs/ripe-181,200
rfc9092.xml,https://www.ripe.net/publications/docs/ripe-081,200
rfc9092.xml,https://datatracker.ietf.org/doc/html/draft-ietf-sidrops-rpki-rsc-04,200
rfc9092.xml,https://www.ietf.org/archive/id/draft-ietf-sidrops-rpki-rsc-04.txt,200
rfc9092.xml,https://datatracker.ietf.org/doc/html/draft-ietf-sidrops-rpki-rta-00,200
rfc9092.xml,https://www.ietf.org/archive/id/draft-ietf-sidrops-rpki-rta-00.txt,200
rfc9202.xml,https://datatracker.ietf.org/doc/draft-ietf-ace-dtls-authorize-18,200
rfc9202.xml,https://dx.doi.org/10.17487/rfc9202,200
rfc9202.xml,https://www.rfc-editor.org/info/rfc9202,200
rfc9202.xml,https://trustee.ietf.org/license-info,200
rfc9202.xml,https://www.rfc-editor.org/info/rfc2119,200
rfc9202.xml,https://www.rfc-editor.org/info/rfc4279,200
rfc9202.xml,https://www.rfc-editor.org/info/rfc6347,200
rfc9202.xml,https://www.rfc-editor.org/info/rfc6749,200
rfc9202.xml,https://www.rfc-editor.org/info/rfc7250,200
rfc9202.xml,https://www.rfc-editor.org/info/rfc7251,200
rfc9202.xml,https://www.rfc-editor.org/info/rfc7252,200
rfc9202.xml,https://www.rfc-editor.org/info/rfc7925,200
rfc9202.xml,https://www.rfc-editor.org/info/rfc8152,200
rfc9202.xml,https://www.rfc-editor.org/info/rfc8174,200
rfc9202.xml,https://www.rfc-editor.org/info/rfc8392,200
rfc9202.xml,https://www.rfc-editor.org/info/rfc8422,200
rfc9202.xml,https://www.rfc-editor.org/info/rfc8747,200
rfc9202.xml,https://www.rfc-editor.org/info/rfc8949,200
rfc9202.xml,https://www.rfc-editor.org/info/rfc9147,200
rfc9202.xml,https://www.rfc-editor.org/info/rfc9200,200
rfc9202.xml,https://www.rfc-editor.org/info/rfc9201,200
rfc9202.xml,https://www.rfc-editor.org/info/rfc5869,200
rfc9202.xml,https://www.rfc-editor.org/info/rfc6655,200
rfc9202.xml,https://www.rfc-editor.org/info/rfc7662,200
rfc9202.xml,https://www.rfc-editor.org/info/rfc7748,200
rfc9202.xml,https://www.rfc-editor.org/info/rfc8032,200
rfc9202.xml,https://www.rfc-editor.org/info/rfc8446,200
rfc9202.xml,https://www.rfc-editor.org/info/rfc8610,200
rfc9033.xml,https://datatracker.ietf.org/doc/draft-ietf-6tisch-msf-18,200
rfc9033.xml,https://dx.doi.org/10.17487/rfc9033,Connection error: HTTP Error 404: Not Found
rfc9033.xml,https://www.rfc-editor.org/info/rfc9033,200
rfc9033.xml,https://trustee.ietf.org/license-info,200
rfc9033.xml,https://ieeexplore.ieee.org/document/7460875,Connection error: HTTP Error 418: Unknown Code
rfc9033.xml,https://www.rfc-editor.org/info/rfc2119,200
rfc9033.xml,https://www.rfc-editor.org/info/rfc2474,200
rfc9033.xml,https://www.rfc-editor.org/info/rfc6550,200
rfc9033.xml,https://www.rfc-editor.org/info/rfc8126,200
rfc9033.xml,https://www.rfc-editor.org/info/rfc8174,200
rfc9033.xml,https://www.rfc-editor.org/info/rfc8180,200
rfc9033.xml,https://www.rfc-editor.org/info/rfc8480,200
rfc9033.xml,https://www.rfc-editor.org/info/rfc9030,200
rfc9033.xml,https://www.rfc-editor.org/info/rfc9031,200
rfc9033.xml,https://www.rfc-editor.org/info/rfc9032,200
rfc9033.xml,https://doi.org/10.1142/9789812819536_0023,Connection error: HTTP Error 403: Forbidden
rfc9033.xml,https://www.rfc-editor.org/info/rfc6206,200
rfc9033.xml,https://www.rfc-editor.org/info/rfc7554,200
rfc9033.xml,https://www.rfc-editor.org/info/rfc8505,200
rfc9033.xml,https://tools.ietf.org/html/draft-ietf-6tisch-dtsecurity-zerotouch-join-04,200
rfc9033.xml,https://www.ietf.org/archive/id/draft-ietf-6tisch-dtsecurity-zerotouch-join-04.txt,200
rfc9243.xml,https://datatracker.ietf.org/doc/draft-ietf-dhc-dhcpv6-yang-25,200
rfc9243.xml,https://dx.doi.org/10.17487/rfc9243,200
rfc9243.xml,https://www.rfc-editor.org/info/rfc9243,200
rfc9243.xml,https://trustee.ietf.org/license-info,200
rfc9243.xml,https://www.rfc-editor.org/info/bcp18,200
rfc9243.xml,https://www.rfc-editor.org/info/rfc2277,200
rfc9243.xml,https://www.iana.org/assignments/auth-namespaces,200
rfc9243.xml,https://www.iana.org/assignments/dhcpv6-parameters,200
rfc9243.xml,https://www.iana.org/assignments/dhcpv6-parameters,200
rfc9243.xml,https://www.iana.org/assignments/arp-parameters,200
rfc9243.xml,https://www.iana.org/assignments/enterprise-numbers,200
rfc9243.xml,https://www.rfc-editor.org/info/rfc2119,200
rfc9243.xml,https://www.rfc-editor.org/info/rfc3118,200
rfc9243.xml,https://www.rfc-editor.org/info/rfc3688,200
rfc9243.xml,https://www.rfc-editor.org/info/rfc6020,200
rfc9243.xml,https://www.rfc-editor.org/info/rfc6241,200
rfc9243.xml,https://www.rfc-editor.org/info/rfc6242,200
rfc9243.xml,https://www.rfc-editor.org/info/rfc6355,200
rfc9243.xml,https://www.rfc-editor.org/info/rfc6991,200
rfc9243.xml,https://www.rfc-editor.org/info/rfc7844,200
rfc9243.xml,https://www.rfc-editor.org/info/rfc7950,200
rfc9243.xml,https://www.rfc-editor.org/info/rfc8040,200
rfc9243.xml,https://www.rfc-editor.org/info/rfc8174,200
rfc9243.xml,https://www.rfc-editor.org/info/rfc8340,200
rfc9243.xml,https://www.rfc-editor.org/info/rfc8341,200
rfc9243.xml,https://www.rfc-editor.org/info/rfc8342,200
rfc9243.xml,https://www.rfc-editor.org/info/rfc8343,200
rfc9243.xml,https://www.rfc-editor.org/info/rfc8415,200
rfc9243.xml,https://www.rfc-editor.org/info/rfc8446,200
rfc9243.xml,https://www.rfc-editor.org/info/rfc8987,200
rfc9243.xml,https://datatracker.ietf.org/doc/html/draft-ietf-netconf-tls-client-server-28,200
rfc9243.xml,https://www.ietf.org/archive/id/draft-ietf-netconf-tls-client-server-28.txt,200
rfc9243.xml,https://www.rfc-editor.org/info/rfc3319,200
rfc9243.xml,https://www.rfc-editor.org/info/rfc7707,200
rfc9243.xml,https://www.rfc-editor.org/info/rfc7824,200
rfc8911.xml,https://datatracker.ietf.org/doc/draft-ietf-ippm-metric-registry-24,200
rfc8911.xml,https://dx.doi.org/10.17487/rfc8911,200
rfc8911.xml,https://www.rfc-editor.org/info/rfc8911,200
rfc8911.xml,https://trustee.ietf.org/license-info,200
rfc8911.xml,https://www.iana.org/,200
rfc8911.xml,https://www.iana.org/assignments/performance-metrics,200
rfc8911.xml,https://www.iana.org/assignments/performance-metrics/,200
rfc8911.xml,https://www.rfc-editor.org/info/rfc2026,200
rfc8911.xml,https://www.rfc-editor.org/info/rfc2119,200
rfc8911.xml,https://www.rfc-editor.org/info/rfc2330,200
rfc8911.xml,https://www.rfc-editor.org/info/rfc3986,200
rfc8911.xml,https://www.rfc-editor.org/info/rfc5644,200
rfc8911.xml,https://www.rfc-editor.org/info/rfc6390,200
rfc8911.xml,https://www.rfc-editor.org/info/rfc6576,200
rfc8911.xml,https://www.rfc-editor.org/info/rfc7799,200
rfc8911.xml,https://www.rfc-editor.org/info/rfc8126,200
rfc8911.xml,https://www.rfc-editor.org/info/rfc8174,200
rfc8911.xml,https://www.rfc-editor.org/info/rfc2681,200
rfc8911.xml,https://www.rfc-editor.org/info/rfc3432,200
rfc8911.xml,https://www.rfc-editor.org/info/rfc3550,200
rfc8911.xml,https://www.rfc-editor.org/info/rfc3611,200
rfc8911.xml,https://www.rfc-editor.org/info/rfc4148,200
rfc8911.xml,https://www.rfc-editor.org/info/rfc5474,200
rfc8911.xml,https://www.rfc-editor.org/info/rfc5475,200
rfc8911.xml,https://www.rfc-editor.org/info/rfc5477,200
rfc8911.xml,https://www.rfc-editor.org/info/rfc6035,200
rfc8911.xml,https://www.rfc-editor.org/info/rfc6248,200
rfc8911.xml,https://www.rfc-editor.org/info/rfc6991,200
rfc8911.xml,https://www.rfc-editor.org/info/rfc7012,200
rfc8911.xml,https://www.rfc-editor.org/info/rfc7014,200
rfc8911.xml,https://www.rfc-editor.org/info/rfc7594,200
rfc8911.xml,https://www.rfc-editor.org/info/rfc7679,200
rfc8911.xml,https://www.rfc-editor.org/info/rfc8912,200
rfc8984.xml,https://datatracker.ietf.org/doc/draft-ietf-calext-jscalendar-32,200
rfc8984.xml,https://dx.doi.org/10.17487/rfc8984,200
rfc8984.xml,https://www.rfc-editor.org/info/rfc8984,200
rfc8984.xml,https://trustee.ietf.org/license-info,200
rfc8984.xml,http://cldr.unicode.org/,Connection error: HTTP Error 403: Forbidden
rfc8984.xml,https://www.w3.org/TR/css-color-3/,200
rfc8984.xml,https://www.rfc-editor.org/info/rfc2119,200
rfc8984.xml,https://www.rfc-editor.org/info/rfc2392,200
rfc8984.xml,https://www.rfc-editor.org/info/rfc2397,200
rfc8984.xml,https://www.rfc-editor.org/info/rfc3339,200
rfc8984.xml,https://www.rfc-editor.org/info/rfc3986,200
rfc8984.xml,https://www.rfc-editor.org/info/rfc4122,200
rfc8984.xml,https://www.rfc-editor.org/info/rfc4589,200
rfc8984.xml,https://www.rfc-editor.org/info/rfc4648,200
rfc8984.xml,https://www.rfc-editor.org/info/rfc5234,200
rfc8984.xml,https://www.rfc-editor.org/info/rfc5322,200
rfc8984.xml,https://www.rfc-editor.org/info/rfc5545,200
rfc8984.xml,https://www.rfc-editor.org/info/rfc5546,200
rfc8984.xml,https://www.rfc-editor.org/info/rfc5646,200
rfc8984.xml,https://www.rfc-editor.org/info/rfc5870,200
rfc8984.xml,https://www.rfc-editor.org/info/rfc6047,200
rfc8984.xml,https://www.rfc-editor.org/info/rfc6838,200
rfc8984.xml,https://www.rfc-editor.org/info/rfc6901,200
rfc8984.xml,https://www.rfc-editor.org/info/rfc7493,200
rfc8984.xml,https://www.rfc-editor.org/info/rfc7529,200
rfc8984.xml,https://www.rfc-editor.org/info/rfc7808,200
rfc8984.xml,https://www.rfc-editor.org/info/rfc8126,200
rfc8984.xml,https://www.rfc-editor.org/info/rfc8174,200
rfc8984.xml,https://www.rfc-editor.org/info/rfc8259,200
rfc8984.xml,https://www.rfc-editor.org/info/rfc8288,200
rfc8984.xml,https://www.iana.org/time-zones,200
rfc8984.xml,https://www.iso.org/standard/16645.html,200
rfc8984.xml,https://www.iana.org/assignments/link-relations,200
rfc8984.xml,https://www.iana.org/assignments/location-type-registry,200
rfc8984.xml,https://www.iana.org/assignments/media-types,200
rfc8984.xml,https://www.rfc-editor.org/info/rfc6376,200
rfc8984.xml,https://www.rfc-editor.org/info/rfc7265,200
rfc8984.xml,https://www.rfc-editor.org/info/rfc7986,200
rfc8945.xml,https://datatracker.ietf.org/doc/draft-ietf-dnsop-rfc2845bis-09,200
rfc8945.xml,https://dx.doi.org/10.17487/rfc8945,200
rfc8945.xml,https://www.rfc-editor.org/info/rfc8945,200
rfc8945.xml,https://trustee.ietf.org/license-info,200
rfc8945.xml,https://doi.org/10.6028/NIST.FIPS.180-4,200
rfc8945.xml,https://www.rfc-editor.org/info/rfc1034,200
rfc8945.xml,https://www.rfc-editor.org/info/rfc1035,200
rfc8945.xml,https://www.rfc-editor.org/info/rfc2119,200
rfc8945.xml,https://www.rfc-editor.org/info/rfc2845,200
rfc8945.xml,https://www.rfc-editor.org/info/rfc3597,200
rfc8945.xml,https://www.rfc-editor.org/info/rfc4635,200
rfc8945.xml,https://www.rfc-editor.org/info/rfc8174,200
rfc8945.xml,https://cve.mitre.org/cgi-bin/cvename.cgi?name=CVE-2017-11104,200
rfc8945.xml,https://cve.mitre.org/cgi-bin/cvename.cgi?name=CVE-2017-3142,200
rfc8945.xml,https://cve.mitre.org/cgi-bin/cvename.cgi?name=CVE-2017-3143,200
rfc8945.xml,https://www.iana.org/assignments/dns-parameters/,200
rfc8945.xml,https://www.iana.org/assignments/tsig-algorithm-names/,200
rfc8945.xml,https://www.rfc-editor.org/info/rfc1321,200
rfc8945.xml,https://www.rfc-editor.org/info/rfc2104,200
rfc8945.xml,https://www.rfc-editor.org/info/rfc2136,200
rfc8945.xml,https://www.rfc-editor.org/info/rfc2930,200
rfc8945.xml,https://www.rfc-editor.org/info/rfc3007,200
rfc8945.xml,https://www.rfc-editor.org/info/rfc3174,200
rfc8945.xml,https://www.rfc-editor.org/info/rfc3645,200
rfc8945.xml,https://www.rfc-editor.org/info/rfc3874,200
rfc8945.xml,https://www.rfc-editor.org/info/rfc4033,200
rfc8945.xml,https://www.rfc-editor.org/info/rfc4034,200
rfc8945.xml,https://www.rfc-editor.org/info/rfc4035,200
rfc8945.xml,https://www.rfc-editor.org/info/rfc4086,200
rfc8945.xml,https://www.rfc-editor.org/info/rfc4868,200
rfc8945.xml,https://www.rfc-editor.org/info/rfc6151,200
rfc8945.xml,https://www.rfc-editor.org/info/rfc6234,200
rfc8945.xml,https://www.rfc-editor.org/info/rfc6895,200
rfc8945.xml,https://www.rfc-editor.org/info/rfc7696,200
rfc8945.xml,https://www.rfc-editor.org/info/rfc8126,200
rfc8945.xml,https://eprint.iacr.org/2020/014.pdf,200
rfc9453.xml,https://datatracker.ietf.org/doc/draft-ietf-6lo-use-cases-16,200
rfc9453.xml,https://dx.doi.org/10.17487/rfc9453,200
rfc9453.xml,https://www.rfc-editor.org/info/rfc9453,200
rfc9453.xml,https://trustee.ietf.org/license-info,200
rfc9453.xml,https://www.rfc-editor.org/info/rfc4861,200
rfc9453.xml,https://www.rfc-editor.org/info/rfc4862,200
rfc9453.xml,https://www.rfc-editor.org/info/rfc4919,200
rfc9453.xml,https://www.rfc-editor.org/info/rfc4944,200
rfc9453.xml,https://www.rfc-editor.org/info/rfc6568,200
rfc9453.xml,https://www.rfc-editor.org/info/rfc6606,200
rfc9453.xml,https://www.rfc-editor.org/info/rfc7228,200
rfc9453.xml,https://www.rfc-editor.org/info/rfc7400,200
rfc9453.xml,https://www.rfc-editor.org/info/rfc7428,200
rfc9453.xml,https://www.rfc-editor.org/info/rfc7668,200
rfc9453.xml,https://www.rfc-editor.org/info/rfc8105,200
rfc9453.xml,https://www.rfc-editor.org/info/rfc8163,200
rfc9453.xml,https://www.rfc-editor.org/info/rfc8200,200
rfc9453.xml,https://www.rfc-editor.org/info/rfc9159,200
rfc9453.xml,https://www.rfc-editor.org/info/rfc9354,200
rfc9453.xml,https://www.techstreet.com/standards/ashrae-135-2020?product_id=2191852,Connection error: HTTP Error 403: Forbidden
rfc9453.xml,https://www.bluetooth.com/specifications/specs/core-specification-5-4/,Connection error: HTTP Error 403: Forbidden
rfc9453.xml,https://datatracker.ietf.org/doc/html/draft-ietf-lake-edhoc-22,200
rfc9453.xml,https://www.itu.int/rec/T-REC-G.9903-201708-I/en,200
rfc9453.xml,https://www.itu.int/rec/T-REC-G.9959-201501-I/en,200
rfc9453.xml,https://g3-plc.com,"Connection error: <urlopen error [SSL: CERTIFICATE_VERIFY_FAILED] certificate verify failed: Hostname mismatch, certificate is not valid for 'g3-plc.com'. (_ssl.c:1006)>"
rfc9453.xml,https://standards.ieee.org/ieee/1901/4953/,Connection error: HTTP Error 403: Forbidden
rfc9453.xml,https://ieeexplore.ieee.org/document/8360785,Connection error: HTTP Error 418: Unknown Code
rfc9453.xml,https://standards.ieee.org/ieee/1901.2/4833/,Connection error: HTTP Error 403: Forbidden
rfc9453.xml,https://standards.ieee.org/ieee/802.15.4/7029/,Connection error: HTTP Error 403: Forbidden
rfc9453.xml,https://ieeexplore.ieee.org/document/9690134,Connection error: HTTP Error 418: Unknown Code
rfc9453.xml,https://www.bluetooth.com/specifications/specs/internet-protocol-support-profile-1-0/,Connection error: HTTP Error 403: Forbidden
rfc9453.xml,https://doi.org/10.1016/S1570-8705(03)00008-8,200
rfc9453.xml,https://nfc-forum.org/build/specifications/logical-link-control-protocol-technical-specification/,200
rfc9453.xml,https://www.netricity.org/,200
rfc9453.xml,https://www.rfc-editor.org/info/rfc3756,200
rfc9453.xml,https://www.rfc-editor.org/info/rfc6282,200
rfc9453.xml,https://www.rfc-editor.org/info/rfc6550,200
rfc9453.xml,https://www.rfc-editor.org/info/rfc6620,200
rfc9453.xml,https://www.rfc-editor.org/info/rfc6775,200
rfc9453.xml,https://www.rfc-editor.org/info/rfc8065,200
rfc9453.xml,https://www.rfc-editor.org/info/rfc8066,200
rfc9453.xml,https://www.rfc-editor.org/info/rfc8138,200
rfc9453.xml,https://www.rfc-editor.org/info/rfc8352,200
rfc9453.xml,https://www.rfc-editor.org/info/rfc8376,200
rfc9453.xml,https://www.rfc-editor.org/info/rfc8505,200
rfc9453.xml,https://www.rfc-editor.org/info/rfc8613,200
rfc9453.xml,https://www.rfc-editor.org/info/rfc8928,200
rfc9453.xml,https://www.rfc-editor.org/info/rfc8929,200
rfc9453.xml,https://www.rfc-editor.org/info/rfc9008,200
rfc9453.xml,https://www.rfc-editor.org/info/rfc9010,200
rfc9453.xml,https://www.rfc-editor.org/info/rfc9035,200
rfc9453.xml,https://www.rfc-editor.org/info/rfc9428,200
rfc9453.xml,https://datatracker.ietf.org/doc/html/draft-ietf-iotops-security-protocol-comparison-02,200
rfc9453.xml,https://www.threadgroup.org/Support,200
rfc9453.xml,https://global.ihs.com/doc_detail.cfm?item_s_key=00032964,Connection error: HTTP Error 403: Forbidden
rfc9453.xml,https://www.etsi.org/deliver/etsi_ts/102900_102999/10293901/01.02.01_60/ts_10293901v010201p.pdf,200
rfc9453.xml,https://www.etsi.org/deliver/etsi_ts/102900_102999/10293902/01.01.01_60/ts_10293902v010101p.pdf,200
rfc9453.xml,https://www.wi-sun.org,200
rfc9419.xml,https://datatracker.ietf.org/doc/draft-iab-path-signals-collaboration-03,200
rfc9419.xml,https://dx.doi.org/10.17487/rfc9419,200
rfc9419.xml,https://www.rfc-editor.org/info/rfc9419,200
rfc9419.xml,https://trustee.ietf.org/license-info,200
rfc9419.xml,https://papers.ssrn.com/sol3/papers.cfm?abstract_id=2587262,Connection error: HTTP Error 403: Forbidden
rfc9419.xml,https://datatracker.ietf.org/doc/html/draft-arkko-dns-confidential-02,200
rfc9419.xml,https://datatracker.ietf.org/doc/html/draft-trammell-stackevo-explicit-coop-00,200
rfc9419.xml,https://datatracker.ietf.org/doc/html/draft-thomson-http-oblivious-02,200
rfc9419.xml,https://datatracker.ietf.org/doc/html/draft-flinck-mobile-throughput-guidance-04,200
rfc9419.xml,https://datatracker.ietf.org/doc/html/draft-yiakoumis-network-tokens-02,200
rfc9419.xml,https://doi.org/10.2478/popets-2019-0028,200
rfc9419.xml,https://datatracker.ietf.org/doc/html/draft-arkko-path-signals-information-00,200
rfc9419.xml,https://doi.org/10.1145/3431171,Connection error: HTTP Error 403: Forbidden
rfc9419.xml,https://datatracker.ietf.org/doc/html/draft-per-app-networking-considerations-00,200
rfc9419.xml,https://www.rfc-editor.org/info/rfc5218,200
rfc9419.xml,https://www.rfc-editor.org/info/rfc6709,200
rfc9419.xml,https://www.rfc-editor.org/info/rfc6973,200
rfc9419.xml,https://www.rfc-editor.org/info/rfc7129,200
rfc9419.xml,https://www.rfc-editor.org/info/rfc7258,200
rfc9419.xml,https://www.rfc-editor.org/info/rfc7305,200
rfc9419.xml,https://www.rfc-editor.org/info/rfc8558,200
rfc9419.xml,https://www.rfc-editor.org/info/rfc8890,200
rfc9419.xml,https://www.rfc-editor.org/info/rfc9000,200
rfc9419.xml,https://www.rfc-editor.org/info/rfc9049,200
rfc9419.xml,https://www.rfc-editor.org/info/rfc9075,200
rfc9419.xml,https://www.rfc-editor.org/info/rfc9293,200
rfc9419.xml,https://www.rfc-editor.org/info/rfc9312,200
rfc8877.xml,https://datatracker.ietf.org/doc/draft-ietf-ntp-packet-timestamps-09,200
rfc8877.xml,https://dx.doi.org/10.17487/rfc8877,200
rfc8877.xml,https://www.rfc-editor.org/info/rfc8877,200
rfc8877.xml,https://trustee.ietf.org/license-info,200
rfc8877.xml,https://www.rfc-editor.org/info/rfc2119,200
rfc8877.xml,https://www.rfc-editor.org/info/rfc8174,200
rfc8877.xml,https://doi.org/10.1109/IEEESTD.2008.4579760,Connection error: HTTP Error 418: Unknown Code
rfc8877.xml,https://doi.org/10.1109/IEEESTD.2002.94144,Connection error: HTTP Error 418: Unknown Code
rfc8877.xml,https://tools.ietf.org/html/draft-ietf-ippm-initial-registry-16,200
rfc8877.xml,http://www.ietf.org/internet-drafts/draft-ietf-ippm-initial-registry-16.txt,Connection error: HTTP Error 404: Not Found
rfc8877.xml,https://tools.ietf.org/html/draft-ietf-sfc-nsh-dc-allocation-02,200
rfc8877.xml,http://www.ietf.org/internet-drafts/draft-ietf-sfc-nsh-dc-allocation-02.txt,Connection error: HTTP Error 404: Not Found
rfc8877.xml,https://www.rfc-editor.org/info/rfc3339,200
rfc8877.xml,https://www.rfc-editor.org/info/rfc3550,200
rfc8877.xml,https://www.rfc-editor.org/info/rfc4656,200
rfc8877.xml,https://www.rfc-editor.org/info/rfc5357,200
rfc8877.xml,https://www.rfc-editor.org/info/rfc5646,200
rfc8877.xml,https://www.rfc-editor.org/info/rfc5905,200
rfc8877.xml,https://www.rfc-editor.org/info/rfc6019,200
rfc8877.xml,https://www.rfc-editor.org/info/rfc6374,200
rfc8877.xml,https://www.rfc-editor.org/info/rfc6991,200
rfc8877.xml,https://www.rfc-editor.org/info/rfc7011,200
rfc8877.xml,https://www.rfc-editor.org/info/rfc7323,200
rfc8877.xml,https://www.rfc-editor.org/info/rfc7384,200
rfc8877.xml,https://www.rfc-editor.org/info/rfc7456,200
rfc8877.xml,https://www.rfc-editor.org/info/rfc7493,200
rfc8877.xml,https://www.rfc-editor.org/info/rfc8186,200
rfc8676.xml,https://datatracker.ietf.org/doc/draft-ietf-softwire-yang-16,200
rfc8676.xml,https://dx.doi.org/10.17487/rfc8676,200
rfc8676.xml,https://www.rfc-editor.org/info/rfc8676,200
rfc8676.xml,https://trustee.ietf.org/license-info,200
rfc8676.xml,https://www.rfc-editor.org/info/rfc3688,200
rfc8676.xml,https://www.rfc-editor.org/info/rfc6020,200
rfc8676.xml,https://www.rfc-editor.org/info/rfc6241,200
rfc8676.xml,https://www.rfc-editor.org/info/rfc6242,200
rfc8676.xml,https://www.rfc-editor.org/info/rfc6991,200
rfc8676.xml,https://www.rfc-editor.org/info/rfc7224,200
rfc8676.xml,https://www.rfc-editor.org/info/rfc7596,200
rfc8676.xml,https://www.rfc-editor.org/info/rfc7597,200
rfc8676.xml,https://www.rfc-editor.org/info/rfc7598,200
rfc8676.xml,https://www.rfc-editor.org/info/rfc7599,200
rfc8676.xml,https://www.rfc-editor.org/info/rfc7950,200
rfc8676.xml,https://www.rfc-editor.org/info/rfc8040,200
rfc8676.xml,https://www.rfc-editor.org/info/rfc8341,200
rfc8676.xml,https://www.rfc-editor.org/info/rfc8343,200
rfc8676.xml,https://www.rfc-editor.org/info/rfc8446,200
rfc8676.xml,https://www.rfc-editor.org/info/rfc8675,200
rfc8676.xml,https://www.iana.org/assignments/smi-numbers,200
rfc8676.xml,https://www.rfc-editor.org/info/rfc4213,200
rfc8676.xml,https://www.rfc-editor.org/info/rfc6333,200
rfc8676.xml,https://www.rfc-editor.org/info/rfc6346,200
rfc8676.xml,https://www.rfc-editor.org/info/rfc7422,200
rfc8676.xml,https://www.rfc-editor.org/info/rfc8340,200
rfc8676.xml,https://www.rfc-editor.org/info/rfc8342,200
rfc8676.xml,https://www.rfc-editor.org/info/rfc8344,200
rfc8676.xml,https://www.rfc-editor.org/info/rfc8349,200
rfc8676.xml,https://www.rfc-editor.org/info/rfc8512,200
rfc8676.xml,https://www.rfc-editor.org/info/rfc8513,200
rfc9277.xml,https://datatracker.ietf.org/doc/draft-ietf-cbor-file-magic-12,200
rfc9277.xml,https://dx.doi.org/10.17487/rfc9277,200
rfc9277.xml,https://www.rfc-editor.org/info/rfc9277,200
rfc9277.xml,https://trustee.ietf.org/license-info,200
rfc9277.xml,https://www.iso.org/standard/74528.html,200
rfc9277.xml,https://www.rfc-editor.org/info/rfc8742,200
rfc9277.xml,https://www.rfc-editor.org/info/std94,200
rfc9277.xml,https://datatracker.ietf.org/doc/html/draft-ietf-cose-cbor-encoded-cert-04,200
rfc9277.xml,https://www.ietf.org/archive/id/draft-ietf-cose-cbor-encoded-cert-04.txt,200
rfc9277.xml,https://datatracker.ietf.org/doc/html/draft-ietf-sacm-coswid-22,200
rfc9277.xml,https://www.ietf.org/archive/id/draft-ietf-sacm-coswid-22.txt,200
rfc9277.xml,https://datatracker.ietf.org/doc/html/draft-ietf-rats-eat-14,200
rfc9277.xml,https://www.ietf.org/archive/id/draft-ietf-rats-eat-14.txt,200
rfc9277.xml,https://en.wikipedia.org/w/index.php?title=File_(command)&oldid=1096086462,200
rfc9277.xml,https://www.iana.org/assignments/cbor-tags,200
rfc9277.xml,https://www.iana.org/assignments/core-parameters,200
rfc9277.xml,https://www.bell-labs.com/usr/dmr/www/man51.pdf#page=4,Connection error: HTTP Error 403: Forbidden
rfc9277.xml,https://www.rfc-editor.org/info/rfc20,200
rfc9277.xml,https://www.rfc-editor.org/info/rfc2781,200
rfc9277.xml,https://www.rfc-editor.org/info/rfc6838,200
rfc9277.xml,https://www.rfc-editor.org/info/rfc7252,200
rfc9277.xml,https://www.rfc-editor.org/info/rfc8017,200
rfc9277.xml,https://www.rfc-editor.org/info/rfc8126,200
rfc9277.xml,https://www.rfc-editor.org/info/rfc8152,200
rfc9277.xml,https://www.rfc-editor.org/info/rfc8428,200
rfc9277.xml,https://www.rfc-editor.org/info/rfc8610,200
rfc9277.xml,https://www.rfc-editor.org/info/rfc9110,200
rfc9277.xml,https://www.rfc-editor.org/info/rfc9177,200
rfc9277.xml,https://www.itu.int/rec/T-REC-X.690,200
rfc9276.xml,https://datatracker.ietf.org/doc/draft-ietf-dnsop-nsec3-guidance-10,200
rfc9276.xml,https://dx.doi.org/10.17487/rfc9276,200
rfc9276.xml,https://www.rfc-editor.org/info/rfc9276,200
rfc9276.xml,https://trustee.ietf.org/license-info,200
rfc9276.xml,https://www.rfc-editor.org/info/rfc2119,200
rfc9276.xml,https://www.rfc-editor.org/info/rfc4035,200
rfc9276.xml,https://www.rfc-editor.org/info/rfc4470,200
rfc9276.xml,https://www.rfc-editor.org/info/rfc5155,200
rfc9276.xml,https://www.rfc-editor.org/info/rfc8174,200
rfc9276.xml,https://www.rfc-editor.org/info/rfc8914,200
rfc9276.xml,https://doi.org/10.1109/NCA.2014.27,Connection error: HTTP Error 418: Unknown Code
rfc9276.xml,https://www.rfc-editor.org/info/rfc8126,200
rfc9276.xml,https://www.rfc-editor.org/info/rfc8624,200
rfc9276.xml,https://doi.org/10.2495/MIIT130591,200
rfc9360.xml,https://datatracker.ietf.org/doc/draft-ietf-cose-x509-09,200
rfc9360.xml,https://dx.doi.org/10.17487/rfc9360,200
rfc9360.xml,https://www.rfc-editor.org/info/rfc9360,200
rfc9360.xml,https://trustee.ietf.org/license-info,200
rfc9360.xml,https://www.iana.org/assignments/cose/,200
rfc9360.xml,https://www.rfc-editor.org/info/rfc2119,200
rfc9360.xml,https://www.rfc-editor.org/info/rfc5280,200
rfc9360.xml,https://www.rfc-editor.org/info/rfc8152,200
rfc9360.xml,https://www.rfc-editor.org/info/rfc8174,200
rfc9360.xml,https://www.rfc-editor.org/info/rfc8949,200
rfc9360.xml,https://www.rfc-editor.org/info/rfc9052,200
rfc9360.xml,https://datatracker.ietf.org/doc/html/draft-ietf-anima-constrained-voucher-19,200
rfc9360.xml,https://datatracker.ietf.org/doc/html/draft-ietf-lake-edhoc-19,200
rfc9360.xml,https://www.rfc-editor.org/info/rfc2585,200
rfc9360.xml,https://www.rfc-editor.org/info/rfc2634,200
rfc9360.xml,https://www.rfc-editor.org/info/rfc3986,200
rfc9360.xml,https://www.rfc-editor.org/info/rfc6838,200
rfc9360.xml,https://www.rfc-editor.org/info/rfc8392,200
rfc9360.xml,https://www.rfc-editor.org/info/rfc8446,200
rfc9360.xml,https://www.rfc-editor.org/info/rfc8551,200
rfc9360.xml,https://www.rfc-editor.org/info/rfc8610,200
rfc9360.xml,https://www.rfc-editor.org/info/rfc8613,200
rfc9360.xml,https://www.rfc-editor.org/info/rfc9147,200
rfc9668.xml,https://datatracker.ietf.org/doc/draft-ietf-core-oscore-edhoc-11,200
rfc9668.xml,https://dx.doi.org/10.17487/rfc9668,200
rfc9668.xml,https://www.rfc-editor.org/info/rfc9668,200
rfc9668.xml,https://trustee.ietf.org/license-info,200
rfc9668.xml,https://www.iana.org/assignments/core-parameters,200
rfc9668.xml,https://www.iana.org/assignments/cose,200
rfc9668.xml,https://www.rfc-editor.org/info/rfc2119,200
rfc9668.xml,https://www.rfc-editor.org/info/rfc5280,200
rfc9668.xml,https://www.rfc-editor.org/info/rfc6690,200
rfc9668.xml,https://www.rfc-editor.org/info/rfc7120,200
rfc9668.xml,https://www.rfc-editor.org/info/rfc7252,200
rfc9668.xml,https://www.rfc-editor.org/info/rfc7959,200
rfc9668.xml,https://www.rfc-editor.org/info/rfc8126,200
rfc9668.xml,https://www.rfc-editor.org/info/rfc8174,200
rfc9668.xml,https://www.rfc-editor.org/info/rfc8288,200
rfc9668.xml,https://www.rfc-editor.org/info/rfc8392,200
rfc9668.xml,https://www.rfc-editor.org/info/rfc8613,200
rfc9668.xml,https://www.rfc-editor.org/info/rfc8949,200
rfc9668.xml,https://www.rfc-editor.org/info/rfc9176,200
rfc9668.xml,https://www.rfc-editor.org/info/rfc9528,200
rfc9668.xml,https://www.rfc-editor.org/info/rfc9423,200
rfc8655.xml,https://datatracker.ietf.org/doc/draft-ietf-detnet-architecture-13,200
rfc8655.xml,https://dx.doi.org/10.17487/rfc8655,200
rfc8655.xml,https://www.rfc-editor.org/info/rfc8655,200
rfc8655.xml,https://trustee.ietf.org/license-info,200
rfc8655.xml,https://doi.org/10.1145/2063176.2063196,Connection error: HTTP Error 403: Forbidden
rfc8655.xml,https://datatracker.ietf.org/wg/ccamp/charter/,200
rfc8655.xml,https://tools.ietf.org/html/draft-ietf-detnet-data-plane-framework-02,200
rfc8655.xml,http://www.ietf.org/internet-drafts/draft-ietf-detnet-data-plane-framework-02.txt,Connection error: HTTP Error 404: Not Found
rfc8655.xml,https://tools.ietf.org/html/draft-ietf-detnet-ip-01,200
rfc8655.xml,http://www.ietf.org/internet-drafts/draft-ietf-detnet-ip-01.txt,Connection error: HTTP Error 404: Not Found
rfc8655.xml,https://tools.ietf.org/html/draft-ietf-detnet-mpls-01,200
rfc8655.xml,http://www.ietf.org/internet-drafts/draft-ietf-detnet-mpls-01.txt,Connection error: HTTP Error 404: Not Found
rfc8655.xml,https://tools.ietf.org/html/draft-ietf-detnet-security-05,200
rfc8655.xml,http://www.ietf.org/internet-drafts/draft-ietf-detnet-security-05.txt,Connection error: HTTP Error 404: Not Found
rfc8655.xml,https://webstore.iec.ch/publication/24447,200
rfc8655.xml,https://ieeexplore.ieee.org/document/8585421,Connection error: HTTP Error 418: Unknown Code
rfc8655.xml,https://ieeexplore.ieee.org/document/6032690,Connection error: HTTP Error 418: Unknown Code
rfc8655.xml,https://ieeexplore.ieee.org/document/8091139,Connection error: HTTP Error 418: Unknown Code
rfc8655.xml,https://ieeexplore.ieee.org/document/8403927,Connection error: HTTP Error 418: Unknown Code
rfc8655.xml,https://ieeexplore.ieee.org/document/5375704,Connection error: HTTP Error 418: Unknown Code
rfc8655.xml,https://ieeexplore.ieee.org/document/7553415,Connection error: HTTP Error 418: Unknown Code
rfc8655.xml,https://ieeexplore.ieee.org/document/7440741,Connection error: HTTP Error 418: Unknown Code
rfc8655.xml,https://ieeexplore.ieee.org/document/7961303,Connection error: HTTP Error 418: Unknown Code
rfc8655.xml,https://1.ieee802.org/tsn/,Connection error: HTTP Error 403: Forbidden
rfc8655.xml,https://ieeexplore.ieee.org/document/8457469,Connection error: HTTP Error 418: Unknown Code
rfc8655.xml,https://ieeexplore.ieee.org/document/7900321,Connection error: HTTP Error 418: Unknown Code
rfc8655.xml,https://www.rfc-editor.org/info/rfc2205,200
rfc8655.xml,https://www.rfc-editor.org/info/rfc2475,200
rfc8655.xml,https://www.rfc-editor.org/info/rfc2914,200
rfc8655.xml,https://www.rfc-editor.org/info/rfc3168,200
rfc8655.xml,https://www.rfc-editor.org/info/rfc3209,200
rfc8655.xml,https://www.rfc-editor.org/info/rfc3550,200
rfc8655.xml,https://www.rfc-editor.org/info/rfc4301,200
rfc8655.xml,https://www.rfc-editor.org/info/rfc4655,200
rfc8655.xml,https://www.rfc-editor.org/info/rfc6372,200
rfc8655.xml,https://www.rfc-editor.org/info/rfc6658,200
rfc8655.xml,https://www.rfc-editor.org/info/rfc7149,200
rfc8655.xml,https://www.rfc-editor.org/info/rfc7384,200
rfc8655.xml,https://www.rfc-editor.org/info/rfc7426,200
rfc8655.xml,https://www.rfc-editor.org/info/rfc7554,200
rfc8655.xml,https://www.rfc-editor.org/info/rfc7567,200
rfc8655.xml,https://www.rfc-editor.org/info/rfc7813,200
rfc8655.xml,https://www.rfc-editor.org/info/rfc8033,200
rfc8655.xml,https://www.rfc-editor.org/info/rfc8227,200
rfc8655.xml,https://www.rfc-editor.org/info/rfc8289,200
rfc8655.xml,https://www.rfc-editor.org/info/rfc8402,200
rfc8655.xml,https://www.rfc-editor.org/info/rfc8453,200
rfc8655.xml,https://www.rfc-editor.org/info/rfc8557,200
rfc8655.xml,https://www.rfc-editor.org/info/rfc8578,200
rfc8655.xml,https://datatracker.ietf.org/doc/charter-ietf-teas/,200
rfc8655.xml,https://tools.ietf.org/html/draft-ietf-6tisch-architecture-26,200
rfc8655.xml,http://www.ietf.org/internet-drafts/draft-ietf-6tisch-architecture-26.txt,Connection error: HTTP Error 404: Not Found
rfc8834.xml,https://datatracker.ietf.org/doc/draft-ietf-rtcweb-rtp-usage-26,200
rfc8834.xml,https://dx.doi.org/10.17487/rfc8834,200
rfc8834.xml,https://www.rfc-editor.org/info/rfc8834,200
rfc8834.xml,https://trustee.ietf.org/license-info,200
rfc8834.xml,https://www.rfc-editor.org/info/rfc2119,200
rfc8834.xml,https://www.rfc-editor.org/info/rfc2736,200
rfc8834.xml,https://www.rfc-editor.org/info/rfc3550,200
rfc8834.xml,https://www.rfc-editor.org/info/rfc3551,200
rfc8834.xml,https://www.rfc-editor.org/info/rfc3556,200
rfc8834.xml,https://www.rfc-editor.org/info/rfc3711,200
rfc8834.xml,https://www.rfc-editor.org/info/rfc4566,200
rfc8834.xml,https://www.rfc-editor.org/info/rfc4585,200
rfc8834.xml,https://www.rfc-editor.org/info/rfc4588,200
rfc8834.xml,https://www.rfc-editor.org/info/rfc4961,200
rfc8834.xml,https://www.rfc-editor.org/info/rfc5104,200
rfc8834.xml,https://www.rfc-editor.org/info/rfc5124,200
rfc8834.xml,https://www.rfc-editor.org/info/rfc5506,200
rfc8834.xml,https://www.rfc-editor.org/info/rfc5761,200
rfc8834.xml,https://www.rfc-editor.org/info/rfc5764,200
rfc8834.xml,https://www.rfc-editor.org/info/rfc6051,200
rfc8834.xml,https://www.rfc-editor.org/info/rfc6464,200
rfc8834.xml,https://www.rfc-editor.org/info/rfc6465,200
rfc8834.xml,https://www.rfc-editor.org/info/rfc6562,200
rfc8834.xml,https://www.rfc-editor.org/info/rfc6904,200
rfc8834.xml,https://www.rfc-editor.org/info/rfc7007,200
rfc8834.xml,https://www.rfc-editor.org/info/rfc7022,200
rfc8834.xml,https://www.rfc-editor.org/info/rfc7160,200
rfc8834.xml,https://www.rfc-editor.org/info/rfc7164,200
rfc8834.xml,https://www.rfc-editor.org/info/rfc7742,200
rfc8834.xml,https://www.rfc-editor.org/info/rfc7874,200
rfc8834.xml,https://www.rfc-editor.org/info/rfc8083,200
rfc8834.xml,https://www.rfc-editor.org/info/rfc8108,200
rfc8834.xml,https://www.rfc-editor.org/info/rfc8174,200
rfc8834.xml,https://www.rfc-editor.org/info/rfc8285,200
rfc8834.xml,https://www.rfc-editor.org/info/rfc8825,200
rfc8834.xml,https://www.rfc-editor.org/info/rfc8826,200
rfc8834.xml,https://www.rfc-editor.org/info/rfc8827,200
rfc8834.xml,https://www.rfc-editor.org/info/rfc8843,200
rfc8834.xml,https://www.rfc-editor.org/info/rfc8854,200
rfc8834.xml,https://www.rfc-editor.org/info/rfc8858,200
rfc8834.xml,https://www.rfc-editor.org/info/rfc8860,200
rfc8834.xml,https://www.rfc-editor.org/info/rfc8861,200
rfc8834.xml,https://www.w3.org/TR/mediacapture-streams/,200
rfc8834.xml,https://www.w3.org/TR/webrtc/,200
rfc8834.xml,https://www.rfc-editor.org/info/rfc3611,200
rfc8834.xml,https://www.rfc-editor.org/info/rfc4383,200
rfc8834.xml,https://www.rfc-editor.org/info/rfc5576,200
rfc8834.xml,https://www.rfc-editor.org/info/rfc5968,200
rfc8834.xml,https://www.rfc-editor.org/info/rfc6263,200
rfc8834.xml,https://www.rfc-editor.org/info/rfc6792,200
rfc8834.xml,https://www.rfc-editor.org/info/rfc7478,200
rfc8834.xml,https://www.rfc-editor.org/info/rfc7656,200
rfc8834.xml,https://www.rfc-editor.org/info/rfc7657,200
rfc8834.xml,https://www.rfc-editor.org/info/rfc7667,200
rfc8834.xml,https://www.rfc-editor.org/info/rfc8088,200
rfc8834.xml,https://www.rfc-editor.org/info/rfc8445,200
rfc8834.xml,https://www.rfc-editor.org/info/rfc8829,200
rfc8834.xml,https://www.rfc-editor.org/info/rfc8830,200
rfc8834.xml,https://www.rfc-editor.org/info/rfc8836,200
rfc8834.xml,https://www.rfc-editor.org/info/rfc8837,200
rfc8834.xml,https://www.rfc-editor.org/info/rfc8872,200
rfc8780.xml,https://datatracker.ietf.org/doc/draft-ietf-pce-wson-rwa-ext-17,200
rfc8780.xml,https://dx.doi.org/10.17487/rfc8780,200
rfc8780.xml,https://www.rfc-editor.org/info/rfc8780,200
rfc8780.xml,https://trustee.ietf.org/license-info,200
rfc8780.xml,https://www.rfc-editor.org/info/rfc2119,200
rfc8780.xml,https://www.rfc-editor.org/info/rfc3209,200
rfc8780.xml,https://www.rfc-editor.org/info/rfc3630,200
rfc8780.xml,https://www.rfc-editor.org/info/rfc5329,200
rfc8780.xml,https://www.rfc-editor.org/info/rfc5440,200
rfc8780.xml,https://www.rfc-editor.org/info/rfc6205,200
rfc8780.xml,https://www.rfc-editor.org/info/rfc7570,200
rfc8780.xml,https://www.rfc-editor.org/info/rfc7579,200
rfc8780.xml,https://www.rfc-editor.org/info/rfc7581,200
rfc8780.xml,https://www.rfc-editor.org/info/rfc7688,200
rfc8780.xml,https://www.rfc-editor.org/info/rfc7689,200
rfc8780.xml,https://www.rfc-editor.org/info/rfc8174,200
rfc8780.xml,https://www.rfc-editor.org/info/rfc8253,200
rfc8780.xml,https://www.rfc-editor.org/info/rfc8779,200
rfc8780.xml,https://www.iana.org/assignments/lmp-parameters/,200
rfc8780.xml,https://tools.ietf.org/html/draft-lee-pce-pcep-ls-optical-09,200
rfc8780.xml,http://www.ietf.org/internet-drafts/draft-lee-pce-pcep-ls-optical-09.txt,Connection error: HTTP Error 404: Not Found
rfc8780.xml,https://www.iana.org/assignments/pcep/,200
rfc8780.xml,https://www.rfc-editor.org/info/rfc3471,200
rfc8780.xml,https://www.rfc-editor.org/info/rfc4203,200
rfc8780.xml,https://www.rfc-editor.org/info/rfc4204,200
rfc8780.xml,https://www.rfc-editor.org/info/rfc4655,200
rfc8780.xml,https://www.rfc-editor.org/info/rfc5420,200
rfc8780.xml,https://www.rfc-editor.org/info/rfc5521,200
rfc8780.xml,https://www.rfc-editor.org/info/rfc6163,200
rfc8780.xml,https://www.rfc-editor.org/info/rfc6566,200
rfc8780.xml,https://www.rfc-editor.org/info/rfc7446,200
rfc8780.xml,https://www.rfc-editor.org/info/rfc7449,200
rfc8780.xml,https://www.rfc-editor.org/info/rfc8126,200
rfc9207.xml,https://datatracker.ietf.org/doc/draft-ietf-oauth-iss-auth-resp-05,200
rfc9207.xml,https://dx.doi.org/10.17487/rfc9207,200
rfc9207.xml,https://www.rfc-editor.org/info/rfc9207,200
rfc9207.xml,https://trustee.ietf.org/license-info,200
rfc9207.xml,https://www.rfc-editor.org/info/rfc2119,200
rfc9207.xml,https://www.rfc-editor.org/info/rfc3986,200
rfc9207.xml,https://www.rfc-editor.org/info/rfc6749,200
rfc9207.xml,https://www.rfc-editor.org/info/rfc8174,200
rfc9207.xml,https://www.rfc-editor.org/info/rfc8414,200
rfc9207.xml,https://arxiv.org/abs/1508.04324,200
rfc9207.xml,https://arxiv.org/abs/1601.01229,200
rfc9207.xml,https://www.iana.org/assignments/oauth-parameters,200
rfc9207.xml,https://openid.net/specs/openid-financial-api-jarm.html,200
rfc9207.xml,https://datatracker.ietf.org/doc/html/draft-ietf-oauth-security-topics-19,200
rfc9207.xml,https://www.ietf.org/archive/id/draft-ietf-oauth-security-topics-19.txt,200
rfc9207.xml,https://openid.net/specs/openid-connect-core-1_0.html,200
rfc9207.xml,https://www.rfc-editor.org/info/rfc7519,200
rfc9207.xml,https://www.rfc-editor.org/info/rfc7591,200
rfc9207.xml,https://www.rfc-editor.org/info/rfc9101,200
rfc8847.xml,https://datatracker.ietf.org/doc/draft-ietf-clue-protocol-19,200
rfc8847.xml,https://dx.doi.org/10.17487/rfc8847,200
rfc8847.xml,https://www.rfc-editor.org/info/rfc8847,200
rfc8847.xml,https://trustee.ietf.org/license-info,200
rfc8847.xml,https://www.rfc-editor.org/info/rfc2119,200
rfc8847.xml,https://www.rfc-editor.org/info/rfc3550,200
rfc8847.xml,https://www.rfc-editor.org/info/rfc3688,200
rfc8847.xml,https://www.rfc-editor.org/info/rfc7303,200
rfc8847.xml,https://www.rfc-editor.org/info/rfc8126,200
rfc8847.xml,https://www.rfc-editor.org/info/rfc8174,200
rfc8847.xml,https://www.rfc-editor.org/info/rfc8845,200
rfc8847.xml,https://www.rfc-editor.org/info/rfc8846,200
rfc8847.xml,https://www.rfc-editor.org/info/rfc8848,200
rfc8847.xml,https://www.rfc-editor.org/info/rfc8850,200
rfc8847.xml,https://www.w3.org/TR/2008/REC-xml-20081126,200
rfc8847.xml,https://www.rfc-editor.org/info/rfc1122,200
rfc8847.xml,https://www.rfc-editor.org/info/rfc3261,200
rfc8847.xml,https://www.rfc-editor.org/info/rfc4353,200
rfc8847.xml,https://www.rfc-editor.org/info/rfc6120,200
rfc8847.xml,https://www.rfc-editor.org/info/rfc7262,200
rfc8847.xml,https://www.rfc-editor.org/info/rfc7667,200
rfc9071.xml,https://datatracker.ietf.org/doc/draft-ietf-avtcore-multi-party-rtt-mix-20,200
rfc9071.xml,https://dx.doi.org/10.17487/rfc9071,200
rfc9071.xml,https://www.rfc-editor.org/info/rfc9071,200
rfc9071.xml,https://trustee.ietf.org/license-info,200
rfc9071.xml,https://www.ecma-international.org/publications-and-standards/standards/ecma-48/,200
rfc9071.xml,https://www.iso.org/obp/ui/#iso:std:iso-iec:6429:ed-3:v1:en,200
rfc9071.xml,https://www.rfc-editor.org/info/rfc2119,200
rfc9071.xml,https://www.rfc-editor.org/info/rfc3550,200
rfc9071.xml,https://www.rfc-editor.org/info/rfc4102,200
rfc9071.xml,https://www.rfc-editor.org/info/rfc4103,200
rfc9071.xml,https://www.rfc-editor.org/info/rfc5630,200
rfc9071.xml,https://www.rfc-editor.org/info/rfc5764,200
rfc9071.xml,https://www.rfc-editor.org/info/rfc6263,200
rfc9071.xml,https://www.rfc-editor.org/info/rfc7675,200
rfc9071.xml,https://www.rfc-editor.org/info/rfc8174,200
rfc9071.xml,https://www.rfc-editor.org/info/rfc8865,200
rfc9071.xml,https://www.rfc-editor.org/info/rfc8866,200
rfc9071.xml,https://www.itu.int/rec/T-REC-T.140-199802-I/en,200
rfc9071.xml,https://www.itu.int/rec/T-REC-T.140-200002-I!Add1/en,200
rfc9071.xml,https://www.rfc-editor.org/info/rfc4353,200
rfc9071.xml,https://www.rfc-editor.org/info/rfc4575,200
rfc9071.xml,https://www.rfc-editor.org/info/rfc4579,200
rfc9071.xml,https://www.rfc-editor.org/info/rfc5194,200
rfc9071.xml,https://www.rfc-editor.org/info/rfc7667,200
rfc9071.xml,https://www.rfc-editor.org/info/rfc8643,200
rfc9071.xml,https://www.rfc-editor.org/info/rfc8723,200
rfc9071.xml,https://www.rfc-editor.org/info/rfc8825,200
rfc9225.xml,https://datatracker.ietf.org/doc/draft-dont-write-bugs-00,200
rfc9225.xml,https://dx.doi.org/10.17487/rfc9225,200
rfc9225.xml,https://www.rfc-editor.org/info/rfc9225,200
rfc9225.xml,https://trustee.ietf.org/license-info,200
rfc9225.xml,https://www.rfc-editor.org/info/rfc2119,200
rfc9225.xml,https://www.rfc-editor.org/info/rfc8174,200
rfc9225.xml,https://www-users.cse.umn.edu/~arnold/disasters/ariane.html,200
rfc9225.xml,https://twitter.com/USCPSC/status/1478794691634155523,Connection error: HTTP Error 400: Bad Request
rfc9225.xml,https://mm.icann.org/pipermail/tz/2013-September/020357.html,200
rfc9225.xml,https://plato.stanford.edu/entries/goedel-incompleteness/,200
rfc9225.xml,https://www.irtf.org/,Connection error: HTTP Error 403: Forbidden
rfc9225.xml,https://theconversation.com/kapow-zap-splat-how-comics-make-sound-on-the-page-160455,Connection error: HTTP Error 403: Forbidden
rfc9225.xml,https://www.nasa.gov/mission_pages/deepimpact/media/deepimpact20130920.html,Connection error: HTTP Error 404: Not Found
rfc9225.xml,https://web.archive.org/web/20090610052743/http://www.nist.gov/public_affairs/releases/n02-10.htm,200
rfc9225.xml,http://dx.doi.org/10.2139/ssrn.531782,Connection error: HTTP Error 403: Forbidden
rfc9225.xml,https://www.wired.com/2015/01/whats-birds-bob-heads-walk/,200
rfc9225.xml,https://www.rfc-editor.org/info/rfc1149,200
rfc9225.xml,https://catless.ncl.ac.uk/Risks/,Connection error: <urlopen error [SSL: CERTIFICATE_VERIFY_FAILED] certificate verify failed: unable to get local issuer certificate (_ssl.c:1006)>
rfc9225.xml,https://www.wired.com/2007/09/dayintech-0926-2/,200
rfc9375.xml,https://datatracker.ietf.org/doc/draft-ietf-opsawg-yang-vpn-service-pm-15,200
rfc9375.xml,https://dx.doi.org/10.17487/rfc9375,200
rfc9375.xml,https://www.rfc-editor.org/info/rfc9375,200
rfc9375.xml,https://trustee.ietf.org/license-info,200
rfc9375.xml,https://www.rfc-editor.org/info/rfc3393,200
rfc9375.xml,https://www.rfc-editor.org/info/rfc3688,200
rfc9375.xml,https://www.rfc-editor.org/info/rfc4364,200
rfc9375.xml,https://www.rfc-editor.org/info/rfc4656,200
rfc9375.xml,https://www.rfc-editor.org/info/rfc5357,200
rfc9375.xml,https://www.rfc-editor.org/info/rfc6020,200
rfc9375.xml,https://www.rfc-editor.org/info/rfc6241,200
rfc9375.xml,https://www.rfc-editor.org/info/rfc6242,200
rfc9375.xml,https://www.rfc-editor.org/info/rfc6374,200
rfc9375.xml,https://www.rfc-editor.org/info/rfc6991,200
rfc9375.xml,https://www.rfc-editor.org/info/rfc7950,200
rfc9375.xml,https://www.rfc-editor.org/info/rfc8040,200
rfc9375.xml,https://www.rfc-editor.org/info/rfc8340,200
rfc9375.xml,https://www.rfc-editor.org/info/rfc8341,200
rfc9375.xml,https://www.rfc-editor.org/info/rfc8345,200
rfc9375.xml,https://www.rfc-editor.org/info/rfc8446,200
rfc9375.xml,https://www.rfc-editor.org/info/rfc8532,200
rfc9375.xml,https://www.rfc-editor.org/info/rfc8571,200
rfc9375.xml,https://www.rfc-editor.org/info/rfc8641,200
rfc9375.xml,https://www.rfc-editor.org/info/rfc8762,200
rfc9375.xml,https://www.rfc-editor.org/info/rfc9181,200
rfc9375.xml,https://www.itu.int/rec/T-REC-Y.1731/en,200
rfc9375.xml,https://www.rfc-editor.org/info/rfc4026,200
rfc9375.xml,https://www.rfc-editor.org/info/rfc5277,200
rfc9375.xml,https://www.rfc-editor.org/info/rfc7471,200
rfc9375.xml,https://www.rfc-editor.org/info/rfc8194,200
rfc9375.xml,https://www.rfc-editor.org/info/rfc8309,200
rfc9375.xml,https://www.rfc-editor.org/info/rfc8570,200
rfc9375.xml,https://www.rfc-editor.org/info/rfc8632,200
rfc9375.xml,https://www.rfc-editor.org/info/rfc8639,200
rfc9375.xml,https://www.rfc-editor.org/info/rfc8969,200
rfc9375.xml,https://www.rfc-editor.org/info/rfc9182,200
rfc9375.xml,https://www.rfc-editor.org/info/rfc9197,200
rfc9375.xml,https://www.rfc-editor.org/info/rfc9291,200
rfc9375.xml,https://datatracker.ietf.org/doc/html/draft-ietf-opsawg-sap-15,200
rfc9267.xml,https://datatracker.ietf.org/doc/draft-dashevskyi-dnsrr-antipatterns-06,200
rfc9267.xml,https://dx.doi.org/10.17487/rfc9267,200
rfc9267.xml,https://www.rfc-editor.org/info/rfc9267,200
rfc9267.xml,https://trustee.ietf.org/license-info,200
rfc9267.xml,https://www.rfc-editor.org/info/rfc1035,200
rfc9267.xml,https://www.rfc-editor.org/info/rfc5625,200
rfc9267.xml,https://cve.mitre.org/cgi-bin/cvename.cgi?name=CVE-2000-0333,200
rfc9267.xml,https://cve.mitre.org/cgi-bin/cvename.cgi?name=CVE-2017-9345,200
rfc9267.xml,https://cve.mitre.org/cgi-bin/cvename.cgi?name=CVE-2020-15795,200
rfc9267.xml,https://cve.mitre.org/cgi-bin/cvename.cgi?name=CVE-2020-17440,200
rfc9267.xml,https://cve.mitre.org/cgi-bin/cvename.cgi?name=CVE-2020-24334,200
rfc9267.xml,https://cve.mitre.org/cgi-bin/cvename.cgi?name=CVE-2020-24335,200
rfc9267.xml,https://cve.mitre.org/cgi-bin/cvename.cgi?name=CVE-2020-24336,200
rfc9267.xml,https://cve.mitre.org/cgi-bin/cvename.cgi?name=CVE-2020-24338,200
rfc9267.xml,https://cve.mitre.org/cgi-bin/cvename.cgi?name=CVE-2020-24339,200
rfc9267.xml,https://cve.mitre.org/cgi-bin/cvename.cgi?name=CVE-2020-24340,200
rfc9267.xml,https://cve.mitre.org/cgi-bin/cvename.cgi?name=CVE-2020-24383,200
rfc9267.xml,https://cve.mitre.org/cgi-bin/cvename.cgi?name=CVE-2020-25107,200
rfc9267.xml,https://cve.mitre.org/cgi-bin/cvename.cgi?name=CVE-2020-25108,200
rfc9267.xml,https://cve.mitre.org/cgi-bin/cvename.cgi?name=CVE-2020-25109,200
rfc9267.xml,https://cve.mitre.org/cgi-bin/cvename.cgi?name=CVE-2020-25110,200
rfc9267.xml,https://cve.mitre.org/cgi-bin/cvename.cgi?name=CVE-2020-25767,200
rfc9267.xml,https://cve.mitre.org/cgi-bin/cvename.cgi?name=CVE-2020-27009,200
rfc9267.xml,https://cve.mitre.org/cgi-bin/cvename.cgi?name=CVE-2020-27736,200
rfc9267.xml,https://cve.mitre.org/cgi-bin/cvename.cgi?name=CVE-2020-27737,200
rfc9267.xml,https://cve.mitre.org/cgi-bin/cvename.cgi?name=CVE-2020-27738,200
rfc9267.xml,https://datatracker.ietf.org/doc/html/draft-ietf-dnsind-local-compression-05,200
rfc9267.xml,https://www.ietf.org/archive/id/draft-ietf-dnsind-local-compression-05.txt,200
rfc9267.xml,https://www.jsof-tech.com/wp-content/uploads/2021/01/DNSpooq-Technical-WP.pdf,Connection error: <urlopen error [Errno -2] Name or service not known>
rfc9267.xml,https://www.rfc-editor.org/info/rfc6895,200
rfc9267.xml,https://www.rfc-editor.org/info/rfc7858,200
rfc9267.xml,https://www.rfc-editor.org/info/rfc8484,200
rfc9267.xml,https://dl.acm.org/doi/pdf/10.1145/3372297.3417280,Connection error: HTTP Error 403: Forbidden
rfc9267.xml,https://cve.mitre.org/cgi-bin/cvename.cgi?name=CVE-2020-1350,200
rfc9658.xml,https://datatracker.ietf.org/doc/draft-ietf-mpls-mldp-multi-topology-09,200
rfc9658.xml,https://dx.doi.org/10.17487/rfc9658,200
rfc9658.xml,https://www.rfc-editor.org/info/rfc9658,200
rfc9658.xml,https://trustee.ietf.org/license-info,200
rfc9658.xml,https://www.rfc-editor.org/info/rfc2119,200
rfc9658.xml,https://www.rfc-editor.org/info/rfc4915,200
rfc9658.xml,https://www.rfc-editor.org/info/rfc5120,200
rfc9658.xml,https://www.rfc-editor.org/info/rfc6388,200
rfc9658.xml,https://www.rfc-editor.org/info/rfc6425,200
rfc9658.xml,https://www.rfc-editor.org/info/rfc6513,200
rfc9658.xml,https://www.rfc-editor.org/info/rfc6514,200
rfc9658.xml,https://www.rfc-editor.org/info/rfc7307,200
rfc9658.xml,https://www.rfc-editor.org/info/rfc8029,200
rfc9658.xml,https://www.rfc-editor.org/info/rfc8174,200
rfc9658.xml,https://www.rfc-editor.org/info/rfc9350,200
rfc9658.xml,https://www.iana.org/assignments/igp-parameters,200
rfc9658.xml,https://www.rfc-editor.org/info/rfc5036,200
rfc9658.xml,https://www.rfc-editor.org/info/rfc5561,200
rfc9658.xml,https://www.rfc-editor.org/info/rfc5918,200
rfc9658.xml,https://www.rfc-editor.org/info/rfc5919,200
rfc9658.xml,https://www.rfc-editor.org/info/rfc5920,200
rfc8997.xml,https://datatracker.ietf.org/doc/draft-ietf-uta-tls-for-email-05,200
rfc8997.xml,https://dx.doi.org/10.17487/rfc8997,200
rfc8997.xml,https://www.rfc-editor.org/info/rfc8997,200
rfc8997.xml,https://trustee.ietf.org/license-info,200
rfc8997.xml,https://www.rfc-editor.org/info/rfc2119,200
rfc8997.xml,https://www.rfc-editor.org/info/rfc5246,200
rfc8997.xml,https://www.rfc-editor.org/info/rfc8174,200
rfc8997.xml,https://www.rfc-editor.org/info/rfc8314,200
rfc8997.xml,https://www.rfc-editor.org/info/rfc8446,200
rfc8997.xml,https://www.rfc-editor.org/info/rfc8996,200
rfc8997.xml,https://www.rfc-editor.org/info/rfc4346,200
rfc8727.xml,https://datatracker.ietf.org/doc/draft-ietf-mile-jsoniodef-14,200
rfc8727.xml,https://dx.doi.org/10.17487/rfc8727,200
rfc8727.xml,https://www.rfc-editor.org/info/rfc8727,200
rfc8727.xml,https://trustee.ietf.org/license-info,200
rfc8727.xml,https://www.rfc-editor.org/info/rfc2119,200
rfc8727.xml,https://www.rfc-editor.org/info/rfc3986,200
rfc8727.xml,https://www.rfc-editor.org/info/rfc4648,200
rfc8727.xml,https://www.rfc-editor.org/info/rfc7049,200
rfc8727.xml,https://www.rfc-editor.org/info/rfc7203,200
rfc8727.xml,https://www.rfc-editor.org/info/rfc7970,200
rfc8727.xml,https://www.rfc-editor.org/info/rfc8174,200
rfc8727.xml,https://www.rfc-editor.org/info/rfc8259,200
rfc8727.xml,https://www.rfc-editor.org/info/rfc8610,200
rfc8727.xml,https://tools.ietf.org/html/draft-handrews-json-schema-validation-02,200
rfc8727.xml,http://www.ietf.org/internet-drafts/draft-handrews-json-schema-validation-02.txt,Connection error: HTTP Error 404: Not Found
rfc8933.xml,https://datatracker.ietf.org/doc/draft-ietf-lamps-cms-update-alg-id-protect-05,200
rfc8933.xml,https://dx.doi.org/10.17487/rfc8933,200
rfc8933.xml,https://www.rfc-editor.org/info/rfc8933,200
rfc8933.xml,https://trustee.ietf.org/license-info,200
rfc8933.xml,https://www.rfc-editor.org/info/rfc2119,200
rfc8933.xml,https://www.rfc-editor.org/info/rfc3161,200
rfc8933.xml,https://www.rfc-editor.org/info/rfc5652,200
rfc8933.xml,https://www.rfc-editor.org/info/rfc6211,200
rfc8933.xml,https://www.rfc-editor.org/info/rfc8174,200
rfc8933.xml,https://doi.org/10.6028/NIST.FIPS.186-4,200
rfc8933.xml,https://doi.org/10.1007/3-540-45760-7_1,200
rfc8933.xml,https://www.rfc-editor.org/info/rfc5083,200
rfc8933.xml,https://www.rfc-editor.org/info/rfc5280,200
rfc8933.xml,https://www.rfc-editor.org/info/rfc6210,200
rfc8933.xml,https://www.rfc-editor.org/info/rfc8017,200
rfc8933.xml,https://doi.org/10.6028/NIST.FIPS.180-4,200
rfc9661.xml,https://datatracker.ietf.org/doc/draft-ietf-jmap-sieve-22,200
rfc9661.xml,https://dx.doi.org/10.17487/rfc9661,200
rfc9661.xml,https://www.rfc-editor.org/info/rfc9661,200
rfc9661.xml,https://trustee.ietf.org/license-info,200
rfc9661.xml,https://www.rfc-editor.org/info/rfc2119,200
rfc9661.xml,https://www.rfc-editor.org/info/rfc3629,200
rfc9661.xml,https://www.rfc-editor.org/info/rfc3986,200
rfc9661.xml,https://www.rfc-editor.org/info/rfc5198,200
rfc9661.xml,https://www.rfc-editor.org/info/rfc5228,200
rfc9661.xml,https://www.rfc-editor.org/info/rfc5435,200
rfc9661.xml,https://www.rfc-editor.org/info/rfc6134,200
rfc9661.xml,https://www.rfc-editor.org/info/rfc8174,200
rfc9661.xml,https://www.rfc-editor.org/info/rfc8620,200
rfc9661.xml,https://www.rfc-editor.org/info/rfc8621,200
rfc9661.xml,https://www.rfc-editor.org/info/rfc5232,200
rfc9661.xml,https://www.rfc-editor.org/info/rfc5463,200
rfc9661.xml,https://www.rfc-editor.org/info/rfc5804,200
rfc9661.xml,https://www.rfc-editor.org/info/rfc9112,200
rfc9661.xml,https://www.rfc-editor.org/info/rfc9404,200
rfc9661.xml,https://www.rfc-editor.org/info/rfc9425,200
rfc8923.xml,https://datatracker.ietf.org/doc/draft-ietf-taps-minset-11,200
rfc8923.xml,https://dx.doi.org/10.17487/rfc8923,200
rfc8923.xml,https://www.rfc-editor.org/info/rfc8923,200
rfc8923.xml,https://trustee.ietf.org/license-info,200
rfc8923.xml,https://www.rfc-editor.org/info/rfc8095,200
rfc8923.xml,https://www.rfc-editor.org/info/rfc8303,200
rfc8923.xml,https://www.rfc-editor.org/info/rfc8922,200
rfc8923.xml,https://doi.org/10.1109/90.769765,Connection error: HTTP Error 418: Unknown Code
rfc8923.xml,https://www.opengroup.org/onlinepubs/9699919799/functions/contents.html,200
rfc8923.xml,https://www.rfc-editor.org/info/rfc3758,200
rfc8923.xml,https://www.rfc-editor.org/info/rfc4895,200
rfc8923.xml,https://www.rfc-editor.org/info/rfc4987,200
rfc8923.xml,https://www.rfc-editor.org/info/rfc5925,200
rfc8923.xml,https://www.rfc-editor.org/info/rfc6897,200
rfc8923.xml,https://www.rfc-editor.org/info/rfc7305,200
rfc8923.xml,https://www.rfc-editor.org/info/rfc7413,200
rfc8923.xml,https://www.rfc-editor.org/info/rfc7496,200
rfc8923.xml,https://www.rfc-editor.org/info/rfc8085,200
rfc8923.xml,https://www.rfc-editor.org/info/rfc8260,200
rfc8923.xml,https://www.rfc-editor.org/info/rfc8304,200
rfc8923.xml,https://www.rfc-editor.org/info/rfc8622,200
rfc8923.xml,https://doi.org/10.1109/GLOCOM.2011.6133554,Connection error: HTTP Error 418: Unknown Code
rfc8923.xml,https://tools.ietf.org/html/draft-ietf-taps-interface-09,200
rfc8923.xml,https://www.ietf.org/internet-drafts/draft-ietf-taps-interface-09.txt,Connection error: HTTP Error 404: Not Found
rfc8923.xml,https://developer.apple.com/videos/wwdc/2015/?id=719,200
rfc9183.xml,https://datatracker.ietf.org/doc/draft-ietf-trill-multilevel-single-nickname-17,200
rfc9183.xml,https://dx.doi.org/10.17487/rfc9183,200
rfc9183.xml,https://www.rfc-editor.org/info/rfc9183,200
rfc9183.xml,https://trustee.ietf.org/license-info,200
rfc9183.xml,https://www.rfc-editor.org/info/rfc2119,200
rfc9183.xml,https://www.rfc-editor.org/info/rfc6325,200
rfc9183.xml,https://www.rfc-editor.org/info/rfc7356,200
rfc9183.xml,https://www.rfc-editor.org/info/rfc7357,200
rfc9183.xml,https://www.rfc-editor.org/info/rfc7455,200
rfc9183.xml,https://www.rfc-editor.org/info/rfc7780,200
rfc9183.xml,https://www.rfc-editor.org/info/rfc8126,200
rfc9183.xml,https://www.rfc-editor.org/info/rfc8174,200
rfc9183.xml,https://www.rfc-editor.org/info/rfc8397,200
rfc9183.xml,https://www.rfc-editor.org/info/rfc5310,200
rfc9183.xml,https://www.rfc-editor.org/info/rfc8243,200
rfc9738.xml,https://datatracker.ietf.org/doc/draft-ietf-extra-imap-messagelimit-10,200
rfc9738.xml,https://dx.doi.org/10.17487/rfc9738,200
rfc9738.xml,https://www.rfc-editor.org/info/rfc9738,200
rfc9738.xml,https://trustee.ietf.org/license-info,200
rfc9738.xml,https://www.iana.org/assignments/imap-capabilities/,200
rfc9738.xml,https://www.rfc-editor.org/info/rfc5234,200
rfc9738.xml,https://www.rfc-editor.org/info/rfc2119,200
rfc9738.xml,https://www.rfc-editor.org/info/rfc3501,200
rfc9738.xml,https://www.rfc-editor.org/info/rfc3502,200
rfc9738.xml,https://www.rfc-editor.org/info/rfc5182,200
rfc9738.xml,https://www.rfc-editor.org/info/rfc5256,200
rfc9738.xml,https://www.rfc-editor.org/info/rfc8174,200
rfc9738.xml,https://www.rfc-editor.org/info/rfc9051,200
rfc9738.xml,https://www.rfc-editor.org/info/rfc9394,200
rfc8885.xml,https://datatracker.ietf.org/doc/draft-ietf-dmm-pmipv6-dlif-06,200
rfc8885.xml,https://dx.doi.org/10.17487/rfc8885,200
rfc8885.xml,https://www.rfc-editor.org/info/rfc8885,200
rfc8885.xml,https://trustee.ietf.org/license-info,200
rfc8885.xml,http://www.iana.org/assignments/mobility-parameters,200
rfc8885.xml,http://www.iana.org/assignments/mobility-parameters,200
rfc8885.xml,https://www.rfc-editor.org/info/rfc2119,200
rfc8885.xml,https://www.rfc-editor.org/info/rfc4191,200
rfc8885.xml,https://www.rfc-editor.org/info/rfc4861,200
rfc8885.xml,https://www.rfc-editor.org/info/rfc5213,200
rfc8885.xml,https://www.rfc-editor.org/info/rfc6275,200
rfc8885.xml,https://www.rfc-editor.org/info/rfc7333,200
rfc8885.xml,https://www.rfc-editor.org/info/rfc8174,200
rfc8885.xml,https://tools.ietf.org/html/draft-bernardos-dmm-distributed-anchoring-09,200
rfc8885.xml,http://www.ietf.org/internet-drafts/draft-bernardos-dmm-distributed-anchoring-09.txt,Connection error: HTTP Error 404: Not Found
rfc8885.xml,https://tools.ietf.org/html/draft-bernardos-dmm-pmip-09,200
rfc8885.xml,http://www.ietf.org/internet-drafts/draft-bernardos-dmm-pmip-09.txt,Connection error: HTTP Error 404: Not Found
rfc8885.xml,https://www.rfc-editor.org/info/rfc6724,200
rfc8885.xml,https://www.rfc-editor.org/info/rfc7429,200
rfc8885.xml,https://www.rfc-editor.org/info/rfc8563,200
rfc9144.xml,https://datatracker.ietf.org/doc/draft-ietf-netmod-nmda-diff-12,200
rfc9144.xml,https://dx.doi.org/10.17487/rfc9144,200
rfc9144.xml,https://www.rfc-editor.org/info/rfc9144,200
rfc9144.xml,https://trustee.ietf.org/license-info,200
rfc9144.xml,https://www.rfc-editor.org/info/rfc2119,200
rfc9144.xml,https://www.rfc-editor.org/info/rfc3688,200
rfc9144.xml,https://www.rfc-editor.org/info/rfc6020,200
rfc9144.xml,https://www.rfc-editor.org/info/rfc6241,200
rfc9144.xml,https://www.rfc-editor.org/info/rfc6242,200
rfc9144.xml,https://www.rfc-editor.org/info/rfc6991,200
rfc9144.xml,https://www.rfc-editor.org/info/rfc7950,200
rfc9144.xml,https://www.rfc-editor.org/info/rfc7951,200
rfc9144.xml,https://www.rfc-editor.org/info/rfc8040,200
rfc9144.xml,https://www.rfc-editor.org/info/rfc8072,200
rfc9144.xml,https://www.rfc-editor.org/info/rfc8174,200
rfc9144.xml,https://www.rfc-editor.org/info/rfc8340,200
rfc9144.xml,https://www.rfc-editor.org/info/rfc8341,200
rfc9144.xml,https://www.rfc-editor.org/info/rfc8342,200
rfc9144.xml,https://www.rfc-editor.org/info/rfc8446,200
rfc9144.xml,https://www.w3.org/TR/2008/REC-xml-20081126,200
rfc9144.xml,https://www.rfc-editor.org/info/rfc8343,200
rfc8771.xml,https://datatracker.ietf.org/doc/draft-mayrhofer-i-dunno-02,200
rfc8771.xml,https://dx.doi.org/10.17487/rfc8771,200
rfc8771.xml,https://www.rfc-editor.org/info/rfc8771,200
rfc8771.xml,https://trustee.ietf.org/license-info,200
rfc8771.xml,https://www.rfc-editor.org/info/rfc2119,200
rfc8771.xml,https://www.rfc-editor.org/info/rfc3629,200
rfc8771.xml,https://www.rfc-editor.org/info/rfc5894,200
rfc8771.xml,https://www.rfc-editor.org/info/rfc6919,200
rfc8771.xml,https://www.rfc-editor.org/info/rfc8174,200
rfc8771.xml,https://www.rfc-editor.org/info/rfc791,200
rfc8771.xml,https://www.rfc-editor.org/info/rfc1034,200
rfc8771.xml,https://www.rfc-editor.org/info/rfc1123,200
rfc8771.xml,https://www.rfc-editor.org/info/rfc1883,200
rfc8771.xml,https://www.rfc-editor.org/info/rfc4291,200
rfc8771.xml,https://www.rfc-editor.org/info/rfc5513,200
rfc8771.xml,https://www.rfc-editor.org/info/rfc5952,200
rfc8771.xml,https://www.rfc-editor.org/info/rfc8200,200
rfc8771.xml,https://www.rfc-editor.org/info/rfc8369,200
rfc8771.xml,http://www.unicode.org/versions/latest/,200
rfc8855.xml,https://datatracker.ietf.org/doc/draft-ietf-bfcpbis-rfc4582bis-16,200
rfc8855.xml,https://dx.doi.org/10.17487/rfc8855,200
rfc8855.xml,https://www.rfc-editor.org/info/rfc8855,200
rfc8855.xml,https://trustee.ietf.org/license-info,200
rfc8855.xml,https://www.rfc-editor.org/info/rfc2119,200
rfc8855.xml,https://www.rfc-editor.org/info/rfc6298,200
rfc8855.xml,https://www.rfc-editor.org/info/rfc4582,200
rfc8855.xml,https://www.rfc-editor.org/info/rfc5018,200
rfc8855.xml,https://www.rfc-editor.org/info/rfc5234,200
rfc8855.xml,https://www.rfc-editor.org/info/rfc8126,200
rfc8855.xml,https://www.rfc-editor.org/info/rfc5246,200
rfc8855.xml,https://www.rfc-editor.org/info/rfc6347,200
rfc8855.xml,https://www.rfc-editor.org/info/rfc3629,200
rfc8855.xml,https://www.rfc-editor.org/info/rfc8174,200
rfc8855.xml,https://www.rfc-editor.org/info/rfc8446,200
rfc8855.xml,https://www.rfc-editor.org/info/rfc8856,200
rfc8855.xml,https://www.rfc-editor.org/info/rfc4961,200
rfc8855.xml,https://www.rfc-editor.org/info/rfc5389,200
rfc8855.xml,https://www.rfc-editor.org/info/rfc8085,200
rfc8855.xml,https://www.rfc-editor.org/info/rfc8445,200
rfc8855.xml,https://www.rfc-editor.org/info/rfc3264,200
rfc8855.xml,https://www.rfc-editor.org/info/rfc4376,200
rfc8855.xml,https://www.rfc-editor.org/info/rfc5239,200
rfc8855.xml,https://www.rfc-editor.org/info/rfc3261,200
rfc8855.xml,https://www.rfc-editor.org/info/rfc4301,200
rfc8855.xml,https://www.rfc-editor.org/info/rfc6501,200
rfc8855.xml,https://www.rfc-editor.org/info/rfc6503,200
rfc8855.xml,https://www.rfc-editor.org/info/rfc6504,200
rfc8855.xml,https://www.rfc-editor.org/info/rfc1191,200
rfc8855.xml,https://www.rfc-editor.org/info/rfc8201,200
rfc8855.xml,https://www.rfc-editor.org/info/rfc4821,200
rfc8855.xml,https://www.rfc-editor.org/info/rfc5763,200
rfc8855.xml,https://www.rfc-editor.org/info/rfc6951,200
rfc8855.xml,https://www.rfc-editor.org/info/rfc7525,200
rfc8855.xml,https://www.rfc-editor.org/info/rfc4380,200
rfc8855.xml,https://www.rfc-editor.org/info/rfc6081,200
rfc8855.xml,https://www.rfc-editor.org/info/rfc4960,200
rfc8855.xml,https://www.rfc-editor.org/info/rfc6544,200
rfc8855.xml,https://tools.ietf.org/html/draft-manner-tsvwg-gut-02,200
rfc8855.xml,http://www.ietf.org/internet-drafts/draft-manner-tsvwg-gut-02.txt,Connection error: HTTP Error 404: Not Found
rfc8855.xml,https://tools.ietf.org/html/draft-ietf-mmusic-media-path-middleboxes-07,200
rfc8855.xml,http://www.ietf.org/internet-drafts/draft-ietf-mmusic-media-path-middleboxes-07.txt,Connection error: HTTP Error 404: Not Found
rfc8855.xml,https://www.usenix.org/legacy/event/imc05/tech/full_papers/guha/guha.pdf,200
rfc8855.xml,https://www.usenix.org/legacy/events/usenix05/tech/general/full_papers/ford/ford.pdf,200
rfc8858.xml,https://datatracker.ietf.org/doc/draft-ietf-mmusic-mux-exclusive-12,200
rfc8858.xml,https://dx.doi.org/10.17487/rfc8858,200
rfc8858.xml,https://www.rfc-editor.org/info/rfc8858,200
rfc8858.xml,https://trustee.ietf.org/license-info,200
rfc8858.xml,https://www.rfc-editor.org/info/rfc2119,200
rfc8858.xml,https://www.rfc-editor.org/info/rfc3264,200
rfc8858.xml,https://www.rfc-editor.org/info/rfc4566,200
rfc8858.xml,https://www.rfc-editor.org/info/rfc5761,200
rfc8858.xml,https://www.rfc-editor.org/info/rfc8035,200
rfc8858.xml,https://www.rfc-editor.org/info/rfc8174,200
rfc8858.xml,https://www.rfc-editor.org/info/rfc8445,200
rfc8858.xml,https://www.rfc-editor.org/info/rfc8843,200
rfc8858.xml,https://www.rfc-editor.org/info/rfc8859,200
rfc8858.xml,https://www.rfc-editor.org/info/rfc3605,200
rfc8858.xml,https://www.rfc-editor.org/info/rfc5576,200
rfc8858.xml,https://www.w3.org/TR/webrtc/,200
rfc9493.xml,https://datatracker.ietf.org/doc/draft-ietf-secevent-subject-identifiers-18,200
rfc9493.xml,https://dx.doi.org/10.17487/rfc9493,200
rfc9493.xml,https://www.rfc-editor.org/info/rfc9493,200
rfc9493.xml,https://trustee.ietf.org/license-info,200
rfc9493.xml,https://www.rfc-editor.org/info/bcp26,200
rfc9493.xml,https://www.rfc-editor.org/info/rfc8126,200
rfc9493.xml,https://www.w3.org/TR/did-core/,200
rfc9493.xml,https://www.itu.int/rec/T-REC-E.164-201011-I/en,200
rfc9493.xml,https://www.iana.org/assignments/jwt,200
rfc9493.xml,https://www.rfc-editor.org/info/rfc2119,200
rfc9493.xml,https://www.rfc-editor.org/info/rfc3986,200
rfc9493.xml,https://www.rfc-editor.org/info/rfc5321,200
rfc9493.xml,https://www.rfc-editor.org/info/rfc5322,200
rfc9493.xml,https://www.rfc-editor.org/info/rfc7519,200
rfc9493.xml,https://www.rfc-editor.org/info/rfc7565,200
rfc9493.xml,https://www.rfc-editor.org/info/rfc8174,200
rfc9493.xml,https://www.rfc-editor.org/info/rfc8259,200
rfc9493.xml,https://www.rfc-editor.org/info/rfc8417,200
rfc9493.xml,https://openid.net/specs/openid-connect-core-1_0.html,200
rfc9493.xml,https://www.rfc-editor.org/info/rfc1034,200
rfc9493.xml,https://www.rfc-editor.org/info/rfc7515,200
rfc9493.xml,https://www.rfc-editor.org/info/rfc8446,200
rfc9362.xml,https://datatracker.ietf.org/doc/draft-ietf-dots-robust-blocks-06,200
rfc9362.xml,https://dx.doi.org/10.17487/rfc9362,200
rfc9362.xml,https://www.rfc-editor.org/info/rfc9362,200
rfc9362.xml,https://trustee.ietf.org/license-info,200
rfc9362.xml,https://www.rfc-editor.org/info/rfc2119,200
rfc9362.xml,https://www.rfc-editor.org/info/rfc3688,200
rfc9362.xml,https://www.rfc-editor.org/info/rfc6020,200
rfc9362.xml,https://www.rfc-editor.org/info/rfc7252,200
rfc9362.xml,https://www.rfc-editor.org/info/rfc7959,200
rfc9362.xml,https://www.rfc-editor.org/info/rfc8174,200
rfc9362.xml,https://www.rfc-editor.org/info/rfc8323,200
rfc9362.xml,https://www.rfc-editor.org/info/rfc8791,200
rfc9362.xml,https://www.rfc-editor.org/info/rfc9132,200
rfc9362.xml,https://www.rfc-editor.org/info/rfc9177,200
rfc9362.xml,https://www.iana.org/assignments/dots/,200
rfc9362.xml,https://www.rfc-editor.org/info/rfc8340,200
rfc9362.xml,https://www.rfc-editor.org/info/rfc8612,200
rfc9362.xml,https://www.rfc-editor.org/info/rfc9244,200
rfc9461.xml,https://datatracker.ietf.org/doc/draft-ietf-add-svcb-dns-09,200
rfc9461.xml,https://dx.doi.org/10.17487/rfc9461,200
rfc9461.xml,https://www.rfc-editor.org/info/rfc9461,200
rfc9461.xml,https://trustee.ietf.org/license-info,200
rfc9461.xml,https://www.rfc-editor.org/info/rfc2119,200
rfc9461.xml,https://www.rfc-editor.org/info/rfc3629,200
rfc9461.xml,https://www.rfc-editor.org/info/rfc6570,200
rfc9461.xml,https://www.rfc-editor.org/info/rfc8174,200
rfc9461.xml,https://www.rfc-editor.org/info/rfc8484,200
rfc9461.xml,https://www.rfc-editor.org/info/rfc9113,200
rfc9461.xml,https://www.rfc-editor.org/info/rfc9460,200
rfc9461.xml,https://www.rfc-editor.org/info/rfc8552,200
rfc9461.xml,https://www.rfc-editor.org/info/rfc4501,200
rfc9461.xml,https://fetch.spec.whatwg.org/,200
rfc9461.xml,https://www.rfc-editor.org/info/rfc7858,200
rfc9461.xml,https://www.rfc-editor.org/info/rfc9250,200
rfc9012.xml,https://datatracker.ietf.org/doc/draft-ietf-idr-tunnel-encaps-22,200
rfc9012.xml,https://dx.doi.org/10.17487/rfc9012,200
rfc9012.xml,https://www.rfc-editor.org/info/rfc9012,200
rfc9012.xml,https://trustee.ietf.org/license-info,200
rfc9012.xml,https://www.rfc-editor.org/info/rfc2119,200
rfc9012.xml,https://www.rfc-editor.org/info/rfc2474,200
rfc9012.xml,https://www.rfc-editor.org/info/rfc2784,200
rfc9012.xml,https://www.rfc-editor.org/info/rfc2890,200
rfc9012.xml,https://www.rfc-editor.org/info/rfc3032,200
rfc9012.xml,https://www.rfc-editor.org/info/rfc3270,200
rfc9012.xml,https://www.rfc-editor.org/info/rfc3931,200
rfc9012.xml,https://www.rfc-editor.org/info/rfc4023,200
rfc9012.xml,https://www.rfc-editor.org/info/rfc4271,200
rfc9012.xml,https://www.rfc-editor.org/info/rfc4760,200
rfc9012.xml,https://www.rfc-editor.org/info/rfc5129,200
rfc9012.xml,https://www.rfc-editor.org/info/rfc5462,200
rfc9012.xml,https://www.rfc-editor.org/info/rfc6811,200
rfc9012.xml,https://www.rfc-editor.org/info/rfc6890,200
rfc9012.xml,https://www.rfc-editor.org/info/rfc7348,200
rfc9012.xml,https://www.rfc-editor.org/info/rfc7606,200
rfc9012.xml,https://www.rfc-editor.org/info/rfc7637,200
rfc9012.xml,https://www.rfc-editor.org/info/rfc8126,200
rfc9012.xml,https://www.rfc-editor.org/info/rfc8174,200
rfc9012.xml,https://www.rfc-editor.org/info/rfc8669,200
rfc9012.xml,https://tools.ietf.org/html/draft-ietf-bess-evpn-inter-subnet-forwarding-13,200
rfc9012.xml,https://www.ietf.org/archive/id/draft-ietf-bess-evpn-inter-subnet-forwarding-13.txt,200
rfc9012.xml,https://www.iana.org/assignments/address-family-numbers/,200
rfc9012.xml,https://www.iana.org/assignments/bgp-extended-communities/,200
rfc9012.xml,https://www.iana.org/assignments/bgp-parameters/,200
rfc9012.xml,https://www.iana.org/assignments/bgp-tunnel-encapsulation/,200
rfc9012.xml,https://www.iana.org/assignments/ieee-802-numbers/,200
rfc9012.xml,https://www.iana.org/assignments/safi-namespace/,200
rfc9012.xml,https://www.rfc-editor.org/info/rfc4272,200
rfc9012.xml,https://www.rfc-editor.org/info/rfc4364,200
rfc9012.xml,https://www.rfc-editor.org/info/rfc5512,200
rfc9012.xml,https://www.rfc-editor.org/info/rfc5565,200
rfc9012.xml,https://www.rfc-editor.org/info/rfc5566,200
rfc9012.xml,https://www.rfc-editor.org/info/rfc5640,200
rfc9012.xml,https://www.rfc-editor.org/info/rfc6514,200
rfc9012.xml,https://www.rfc-editor.org/info/rfc7510,200
rfc9012.xml,https://www.rfc-editor.org/info/rfc8205,200
rfc9012.xml,https://www.rfc-editor.org/info/rfc8277,200
rfc9012.xml,https://www.rfc-editor.org/info/rfc8365,200
rfc9012.xml,https://www.rfc-editor.org/info/rfc8402,200
rfc9352.xml,https://datatracker.ietf.org/doc/draft-ietf-lsr-isis-srv6-extensions-18,200
rfc9352.xml,https://dx.doi.org/10.17487/rfc9352,200
rfc9352.xml,https://www.rfc-editor.org/info/rfc9352,200
rfc9352.xml,https://trustee.ietf.org/license-info,200
rfc9352.xml,https://www.rfc-editor.org/info/rfc2119,200
rfc9352.xml,https://www.rfc-editor.org/info/rfc5120,200
rfc9352.xml,https://www.rfc-editor.org/info/rfc5305,200
rfc9352.xml,https://www.rfc-editor.org/info/rfc5308,200
rfc9352.xml,https://www.rfc-editor.org/info/rfc7370,200
rfc9352.xml,https://www.rfc-editor.org/info/rfc7794,200
rfc9352.xml,https://www.rfc-editor.org/info/rfc7981,200
rfc9352.xml,https://www.rfc-editor.org/info/rfc8126,200
rfc9352.xml,https://www.rfc-editor.org/info/rfc8174,200
rfc9352.xml,https://www.rfc-editor.org/info/rfc8402,200
rfc9352.xml,https://www.rfc-editor.org/info/rfc8491,200
rfc9352.xml,https://www.rfc-editor.org/info/rfc8665,200
rfc9352.xml,https://www.rfc-editor.org/info/rfc8667,200
rfc9352.xml,https://www.rfc-editor.org/info/rfc8754,200
rfc9352.xml,https://www.rfc-editor.org/info/rfc8986,200
rfc9352.xml,https://www.rfc-editor.org/info/rfc9259,200
rfc9352.xml,https://www.rfc-editor.org/rfc/rfc9350,200
rfc9352.xml,https://www.rfc-editor.org/info/rfc5286,200
rfc9352.xml,https://www.rfc-editor.org/info/rfc5304,200
rfc9352.xml,https://www.rfc-editor.org/info/rfc5310,200
rfc9352.xml,https://www.rfc-editor.org/info/rfc8355,200
rfc8791.xml,https://datatracker.ietf.org/doc/draft-ietf-netmod-yang-data-ext-05,200
rfc8791.xml,https://dx.doi.org/10.17487/rfc8791,200
rfc8791.xml,https://www.rfc-editor.org/info/rfc8791,200
rfc8791.xml,https://trustee.ietf.org/license-info,200
rfc8791.xml,https://www.rfc-editor.org/info/rfc2119,200
rfc8791.xml,https://www.rfc-editor.org/info/rfc7950,200
rfc8791.xml,https://www.rfc-editor.org/info/rfc8040,200
rfc8791.xml,https://www.rfc-editor.org/info/rfc8174,200
rfc8791.xml,https://www.rfc-editor.org/info/rfc8340,200
rfc8791.xml,https://www.rfc-editor.org/info/rfc8342,200
rfc8791.xml,http://www.w3.org/TR/2008/REC-xml-20081126,200
rfc8791.xml,http://www.w3.org/TR/2008/REC-xml-20081126,200
rfc8791.xml,https://www.rfc-editor.org/info/rfc3688,200
rfc8791.xml,https://www.rfc-editor.org/info/rfc6020,200
rfc8650.xml,https://datatracker.ietf.org/doc/draft-ietf-netconf-restconf-notif-15,200
rfc8650.xml,https://dx.doi.org/10.17487/rfc8650,200
rfc8650.xml,https://www.rfc-editor.org/info/rfc8650,200
rfc8650.xml,https://trustee.ietf.org/license-info,200
rfc8650.xml,https://www.rfc-editor.org/info/rfc2119,200
rfc8650.xml,https://www.rfc-editor.org/info/rfc3688,200
rfc8650.xml,https://www.rfc-editor.org/info/rfc6020,200
rfc8650.xml,https://www.rfc-editor.org/info/rfc6241,200
rfc8650.xml,https://www.rfc-editor.org/info/rfc6242,200
rfc8650.xml,https://www.rfc-editor.org/info/rfc6520,200
rfc8650.xml,https://www.rfc-editor.org/info/rfc7540,200
rfc8650.xml,https://www.rfc-editor.org/info/rfc8040,200
rfc8650.xml,https://www.rfc-editor.org/info/rfc8174,200
rfc8650.xml,https://www.rfc-editor.org/info/rfc8341,200
rfc8650.xml,https://www.rfc-editor.org/info/rfc8342,200
rfc8650.xml,https://www.rfc-editor.org/info/rfc8446,200
rfc8650.xml,https://www.rfc-editor.org/info/rfc8639,200
rfc8650.xml,https://www.rfc-editor.org/info/rfc8641,200
rfc8650.xml,https://www.w3.org/TR/2015/REC-eventsource-20150203/,200
rfc8650.xml,https://www.w3.org/TR/eventsource/,200
rfc8650.xml,https://www.rfc-editor.org/info/rfc7231,200
rfc8650.xml,https://www.rfc-editor.org/info/rfc7923,200
rfc8650.xml,https://www.rfc-editor.org/info/rfc7951,200
rfc8650.xml,https://www.rfc-editor.org/info/rfc8347,200
rfc8650.xml,https://www.rfc-editor.org/info/rfc8527,200
rfc8650.xml,https://www.rfc-editor.org/info/rfc8640,200
rfc8650.xml,http://www.w3.org/TR/1999/REC-xpath-19991116,200
rfc8650.xml,https://www.w3.org/TR/xpath/,200
rfc8654.xml,https://datatracker.ietf.org/doc/draft-ietf-idr-bgp-extended-messages-36,200
rfc8654.xml,https://dx.doi.org/10.17487/rfc8654,200
rfc8654.xml,https://www.rfc-editor.org/info/rfc8654,200
rfc8654.xml,https://trustee.ietf.org/license-info,200
rfc8654.xml,https://www.rfc-editor.org/info/rfc2119,200
rfc8654.xml,https://www.rfc-editor.org/info/rfc4271,200
rfc8654.xml,https://www.rfc-editor.org/info/rfc5492,200
rfc8654.xml,https://www.rfc-editor.org/info/rfc7606,200
rfc8654.xml,https://www.rfc-editor.org/info/rfc8174,200
rfc8654.xml,https://www.rfc-editor.org/info/rfc4272,200
rfc8654.xml,https://www.rfc-editor.org/info/rfc7752,200
rfc8654.xml,https://www.rfc-editor.org/info/rfc8205,200
rfc9212.xml,https://datatracker.ietf.org/doc/draft-gajcowski-cnsa-ssh-profile-07,200
rfc9212.xml,https://dx.doi.org/10.17487/rfc9212,200
rfc9212.xml,https://www.rfc-editor.org/info/rfc9212,200
rfc9212.xml,https://trustee.ietf.org/license-info,200
rfc9212.xml,https://www.cnss.gov/CNSS/Issuances/Policies.cfm,Connection error: <urlopen error [SSL: CERTIFICATE_VERIFY_FAILED] certificate verify failed: self-signed certificate in certificate chain (_ssl.c:1006)>
rfc9212.xml,https://doi.org/10.6028/NIST.FIPS.180-4,200
rfc9212.xml,https://www.rfc-editor.org/info/rfc2119,200
rfc9212.xml,https://www.rfc-editor.org/info/rfc4251,200
rfc9212.xml,https://www.rfc-editor.org/info/rfc4252,200
rfc9212.xml,https://www.rfc-editor.org/info/rfc4253,200
rfc9212.xml,https://www.rfc-editor.org/info/rfc5647,200
rfc9212.xml,https://www.rfc-editor.org/info/rfc5656,200
rfc9212.xml,https://www.rfc-editor.org/info/rfc8174,200
rfc9212.xml,https://www.rfc-editor.org/info/rfc8268,200
rfc9212.xml,https://www.rfc-editor.org/info/rfc8308,200
rfc9212.xml,https://www.rfc-editor.org/info/rfc8332,200
rfc9212.xml,https://www.rfc-editor.org/info/rfc8603,200
rfc9212.xml,https://www.rfc-editor.org/info/rfc9142,200
rfc9212.xml,https://doi.org/10.6028/NIST.SP.800-38D,200
rfc9212.xml,https://doi.org/10.6028/NIST.SP.800-56Ar3,200
rfc9212.xml,https://doi.org/10.6028/NIST.SP.800-59,200
rfc9212.xml,https://doi.org/10.6028/NIST.SP.800-63-3,200
rfc9351.xml,https://datatracker.ietf.org/doc/draft-ietf-idr-bgp-ls-flex-algo-12,200
rfc9351.xml,https://dx.doi.org/10.17487/rfc9351,200
rfc9351.xml,https://www.rfc-editor.org/info/rfc9351,200
rfc9351.xml,https://trustee.ietf.org/license-info,200
rfc9351.xml,https://www.iana.org/assignments/bgp-ls-parameters/,200
rfc9351.xml,https://www.iana.org/assignments/bgp-ls-parameters,200
rfc9351.xml,https://www.rfc-editor.org/info/rfc2119,200
rfc9351.xml,https://www.rfc-editor.org/info/rfc7308,200
rfc9351.xml,https://www.rfc-editor.org/info/rfc7752,200
rfc9351.xml,https://www.rfc-editor.org/info/rfc8174,200
rfc9351.xml,https://www.rfc-editor.org/info/rfc9350,200
rfc9351.xml,https://datatracker.ietf.org/doc/html/draft-ietf-idr-bgp-model-15,200
rfc9351.xml,https://datatracker.ietf.org/doc/html/draft-ietf-idr-bgpls-srv6-ext-13,200
rfc9351.xml,https://www.ietf.org/archive/id/draft-ietf-idr-bgpls-srv6-ext-13.txt,200
rfc9351.xml,https://www.rfc-editor.org/info/rfc3209,200
rfc9351.xml,https://www.rfc-editor.org/info/rfc8402,200
rfc9351.xml,https://www.rfc-editor.org/info/rfc8919,200
rfc9351.xml,https://www.rfc-editor.org/info/rfc8920,200
rfc9351.xml,https://www.rfc-editor.org/info/rfc9085,200
rfc9351.xml,https://www.rfc-editor.org/info/rfc9256,200
rfc9351.xml,https://www.rfc-editor.org/info/rfc9294,200
rfc9447.xml,https://datatracker.ietf.org/doc/draft-ietf-acme-authority-token-09,200
rfc9447.xml,https://dx.doi.org/10.17487/rfc9447,200
rfc9447.xml,https://www.rfc-editor.org/info/rfc9447,200
rfc9447.xml,https://trustee.ietf.org/license-info,200
rfc9447.xml,https://www.rfc-editor.org/info/rfc2119,200
rfc9447.xml,https://www.rfc-editor.org/info/rfc7515,200
rfc9447.xml,https://www.rfc-editor.org/info/rfc7519,200
rfc9447.xml,https://www.rfc-editor.org/info/rfc8174,200
rfc9447.xml,https://www.rfc-editor.org/info/rfc8555,200
rfc9447.xml,https://www.rfc-editor.org/info/rfc8725,200
rfc9447.xml,https://www.rfc-editor.org/info/rfc9110,200
rfc9447.xml,https://www.rfc-editor.org/info/rfc9448,200
rfc9447.xml,https://www.rfc-editor.org/info/rfc8226,200
rfc9447.xml,https://www.rfc-editor.org/info/rfc8396,200
rfc9447.xml,https://www.rfc-editor.org/info/rfc9115,200
rfc9262.xml,https://datatracker.ietf.org/doc/draft-ietf-bier-te-arch-13,200
rfc9262.xml,https://dx.doi.org/10.17487/rfc9262,200
rfc9262.xml,https://www.rfc-editor.org/info/rfc9262,200
rfc9262.xml,https://trustee.ietf.org/license-info,200
rfc9262.xml,https://www.rfc-editor.org/info/rfc2119,200
rfc9262.xml,https://www.rfc-editor.org/info/rfc8174,200
rfc9262.xml,https://www.rfc-editor.org/info/rfc8279,200
rfc9262.xml,https://www.rfc-editor.org/info/rfc8296,200
rfc9262.xml,https://datatracker.ietf.org/doc/html/draft-ietf-bier-multicast-http-response-06,200
rfc9262.xml,https://datatracker.ietf.org/doc/html/draft-eckert-bier-te-frr-03,200
rfc9262.xml,https://datatracker.ietf.org/doc/html/draft-ietf-bier-te-yang-05,200
rfc9262.xml,https://dl.acm.org/doi/10.1145/362686.362692,Connection error: HTTP Error 403: Forbidden
rfc9262.xml,https://datatracker.ietf.org/doc/html/draft-ietf-roll-ccast-01,200
rfc9262.xml,https://www.ietf.org/archive/id/draft-ietf-roll-ccast-01.txt,200
rfc9262.xml,https://ieeexplore.ieee.org/document/7511036,Connection error: HTTP Error 418: Unknown Code
rfc9262.xml,https://datatracker.ietf.org/doc/html/draft-ietf-bier-non-mpls-bift-encoding-04,200
rfc9262.xml,https://content.iospress.com/articles/journal-of-high-speed-networks/jhs3-4-05,Connection error: HTTP Error 403: Forbidden
rfc9262.xml,https://www.rfc-editor.org/info/rfc4253,200
rfc9262.xml,https://www.rfc-editor.org/info/rfc4456,200
rfc9262.xml,https://www.rfc-editor.org/info/rfc4655,200
rfc9262.xml,https://www.rfc-editor.org/info/rfc5440,200
rfc9262.xml,https://www.rfc-editor.org/info/rfc6241,200
rfc9262.xml,https://www.rfc-editor.org/info/rfc6242,200
rfc9262.xml,https://www.rfc-editor.org/info/rfc7589,200
rfc9262.xml,https://www.rfc-editor.org/info/rfc7752,200
rfc9262.xml,https://www.rfc-editor.org/info/rfc7950,200
rfc9262.xml,https://www.rfc-editor.org/info/rfc7988,200
rfc9262.xml,https://www.rfc-editor.org/info/rfc8040,200
rfc9262.xml,https://www.rfc-editor.org/info/rfc8253,200
rfc9262.xml,https://www.rfc-editor.org/info/rfc8345,200
rfc9262.xml,https://www.rfc-editor.org/info/rfc8401,200
rfc9262.xml,https://www.rfc-editor.org/info/rfc8402,200
rfc9262.xml,https://www.rfc-editor.org/info/rfc8444,200
rfc9262.xml,https://www.rfc-editor.org/info/rfc8556,200
rfc9262.xml,https://datatracker.ietf.org/doc/html/draft-ietf-teas-rfc3272bis-21,200
rfc8782.xml,https://datatracker.ietf.org/doc/draft-ietf-dots-signal-channel-41,200
rfc8782.xml,https://dx.doi.org/10.17487/rfc8782,200
rfc8782.xml,https://www.rfc-editor.org/info/rfc8782,200
rfc8782.xml,https://trustee.ietf.org/license-info,200
rfc8782.xml,https://www.iana.org/assignments/service-names-port-numbers/,200
rfc8782.xml,https://www.iana.org/assignments/well-known-uris/well-known-uris.xhtml,200
rfc8782.xml,https://www.rfc-editor.org/info/rfc791,200
rfc8782.xml,https://www.rfc-editor.org/info/rfc1122,200
rfc8782.xml,https://www.rfc-editor.org/info/rfc2119,200
rfc8782.xml,https://www.rfc-editor.org/info/rfc3688,200
rfc8782.xml,https://www.rfc-editor.org/info/rfc3986,200
rfc8782.xml,https://www.rfc-editor.org/info/rfc4279,200
rfc8782.xml,https://www.rfc-editor.org/info/rfc4632,200
rfc8782.xml,https://www.rfc-editor.org/info/rfc4648,200
rfc8782.xml,https://www.rfc-editor.org/info/rfc5246,200
rfc8782.xml,https://www.rfc-editor.org/info/rfc5280,200
rfc8782.xml,https://www.rfc-editor.org/info/rfc6066,200
rfc8782.xml,https://www.rfc-editor.org/info/rfc6125,200
rfc8782.xml,https://www.rfc-editor.org/info/rfc6347,200
rfc8782.xml,https://www.rfc-editor.org/info/rfc6991,200
rfc8782.xml,https://www.rfc-editor.org/info/rfc7049,200
rfc8782.xml,https://www.rfc-editor.org/info/rfc7250,200
rfc8782.xml,https://www.rfc-editor.org/info/rfc7252,200
rfc8782.xml,https://www.rfc-editor.org/info/rfc7525,200
rfc8782.xml,https://www.rfc-editor.org/info/rfc7641,200
rfc8782.xml,https://www.rfc-editor.org/info/rfc7918,200
rfc8782.xml,https://www.rfc-editor.org/info/rfc7924,200
rfc8782.xml,https://www.rfc-editor.org/info/rfc7950,200
rfc8782.xml,https://www.rfc-editor.org/info/rfc7959,200
rfc8782.xml,https://www.rfc-editor.org/info/rfc8085,200
rfc8782.xml,https://www.rfc-editor.org/info/rfc8126,200
rfc8782.xml,https://www.rfc-editor.org/info/rfc8174,200
rfc8782.xml,https://www.rfc-editor.org/info/rfc8200,200
rfc8782.xml,https://www.rfc-editor.org/info/rfc8305,200
rfc8782.xml,https://www.rfc-editor.org/info/rfc8323,200
rfc8782.xml,https://www.rfc-editor.org/info/rfc8446,200
rfc8782.xml,https://www.rfc-editor.org/info/rfc8615,200
rfc8782.xml,https://www.rfc-editor.org/info/rfc8768,200
rfc8782.xml,https://tools.ietf.org/html/draft-ietf-core-comi-09,200
rfc8782.xml,http://www.ietf.org/internet-drafts/draft-ietf-core-comi-09.txt,Connection error: HTTP Error 404: Not Found
rfc8782.xml,https://tools.ietf.org/html/draft-ietf-core-yang-cbor-12,200
rfc8782.xml,http://www.ietf.org/internet-drafts/draft-ietf-core-yang-cbor-12.txt,Connection error: HTTP Error 404: Not Found
rfc8782.xml,https://tools.ietf.org/html/draft-ietf-dots-architecture-18,200
rfc8782.xml,http://www.ietf.org/internet-drafts/draft-ietf-dots-architecture-18.txt,Connection error: HTTP Error 404: Not Found
rfc8782.xml,https://tools.ietf.org/html/draft-boucadair-dots-earlydata-00,200
rfc8782.xml,http://www.ietf.org/internet-drafts/draft-boucadair-dots-earlydata-00.txt,Connection error: HTTP Error 404: Not Found
rfc8782.xml,https://tools.ietf.org/html/draft-ietf-dots-multihoming-03,200
rfc8782.xml,http://www.ietf.org/internet-drafts/draft-ietf-dots-multihoming-03.txt,Connection error: HTTP Error 404: Not Found
rfc8782.xml,https://tools.ietf.org/html/draft-ietf-dots-server-discovery-10,200
rfc8782.xml,http://www.ietf.org/internet-drafts/draft-ietf-dots-server-discovery-10.txt,Connection error: HTTP Error 404: Not Found
rfc8782.xml,https://tools.ietf.org/html/draft-ietf-dots-use-cases-21,200
rfc8782.xml,http://www.ietf.org/internet-drafts/draft-ietf-dots-use-cases-21.txt,Connection error: HTTP Error 404: Not Found
rfc8782.xml,https://tools.ietf.org/html/draft-ietf-tls-dtls13-37,200
rfc8782.xml,http://www.ietf.org/internet-drafts/draft-ietf-tls-dtls13-37.txt,Connection error: HTTP Error 404: Not Found
rfc8782.xml,http://www.iana.org/assignments/cbor-tags/cbor-tags.xhtml,200
rfc8782.xml,http://www.iana.org/assignments/core-parameters/core-parameters.xhtml#content-formats,200
rfc8782.xml,http://www.iana.org/assignments/media-types,200
rfc8782.xml,http://www.iana.org/assignments/protocol-numbers,200
rfc8782.xml,https://www.rfc-editor.org/info/rfc3022,200
rfc8782.xml,https://www.rfc-editor.org/info/rfc4034,200
rfc8782.xml,https://www.rfc-editor.org/info/rfc4122,200
rfc8782.xml,https://www.rfc-editor.org/info/rfc4340,200
rfc8782.xml,https://www.rfc-editor.org/info/rfc4732,200
rfc8782.xml,https://www.rfc-editor.org/info/rfc4787,200
rfc8782.xml,https://www.rfc-editor.org/info/rfc4960,200
rfc8782.xml,https://www.rfc-editor.org/info/rfc4987,200
rfc8782.xml,https://www.rfc-editor.org/info/rfc5925,200
rfc8782.xml,https://www.rfc-editor.org/info/rfc6052,200
rfc8782.xml,https://www.rfc-editor.org/info/rfc6146,200
rfc8782.xml,https://www.rfc-editor.org/info/rfc6234,200
rfc8782.xml,https://www.rfc-editor.org/info/rfc6296,200
rfc8782.xml,https://www.rfc-editor.org/info/rfc6724,200
rfc8782.xml,https://www.rfc-editor.org/info/rfc6838,200
rfc8782.xml,https://www.rfc-editor.org/info/rfc6887,200
rfc8782.xml,https://www.rfc-editor.org/info/rfc6888,200
rfc8782.xml,https://www.rfc-editor.org/info/rfc7030,200
rfc8782.xml,https://www.rfc-editor.org/info/rfc7413,200
rfc8782.xml,https://www.rfc-editor.org/info/rfc7452,200
rfc8782.xml,https://www.rfc-editor.org/info/rfc7589,200
rfc8782.xml,https://www.rfc-editor.org/info/rfc7858,200
rfc8782.xml,https://www.rfc-editor.org/info/rfc7951,200
rfc8782.xml,https://www.rfc-editor.org/info/rfc8340,200
rfc8782.xml,https://www.rfc-editor.org/info/rfc8484,200
rfc8782.xml,https://www.rfc-editor.org/info/rfc8489,200
rfc8782.xml,https://www.rfc-editor.org/info/rfc8499,200
rfc8782.xml,https://www.rfc-editor.org/info/rfc8612,200
rfc8782.xml,https://www.rfc-editor.org/info/rfc8783,200
rfc9394.xml,https://datatracker.ietf.org/doc/draft-ietf-extra-imap-partial-04,200
rfc9394.xml,https://dx.doi.org/10.17487/rfc9394,200
rfc9394.xml,https://www.rfc-editor.org/info/rfc9394,200
rfc9394.xml,https://trustee.ietf.org/license-info,200
rfc9394.xml,https://www.iana.org/assignments/imap-capabilities,200
rfc9394.xml,https://www.rfc-editor.org/info/rfc5234,200
rfc9394.xml,https://www.rfc-editor.org/info/rfc2119,200
rfc9394.xml,https://www.rfc-editor.org/info/rfc3501,200
rfc9394.xml,https://www.rfc-editor.org/info/rfc4466,200
rfc9394.xml,https://www.rfc-editor.org/info/rfc4731,200
rfc9394.xml,https://www.rfc-editor.org/info/rfc5267,200
rfc9394.xml,https://www.rfc-editor.org/info/rfc8174,200
rfc9394.xml,https://www.rfc-editor.org/info/rfc9051,200
rfc9394.xml,https://www.rfc-editor.org/info/rfc7162,200
rfc9384.xml,https://datatracker.ietf.org/doc/draft-ietf-idr-bfd-subcode-05,200
rfc9384.xml,https://dx.doi.org/10.17487/rfc9384,200
rfc9384.xml,https://www.rfc-editor.org/info/rfc9384,200
rfc9384.xml,https://trustee.ietf.org/license-info,200
rfc9384.xml,https://www.iana.org/assignments/bgp-parameters/,200
rfc9384.xml,https://www.rfc-editor.org/info/rfc2119,200
rfc9384.xml,https://www.rfc-editor.org/info/rfc4271,200
rfc9384.xml,https://www.rfc-editor.org/info/rfc5880,200
rfc9384.xml,https://www.rfc-editor.org/info/rfc5882,200
rfc9384.xml,https://www.rfc-editor.org/info/rfc8174,200
rfc9384.xml,https://www.rfc-editor.org/info/rfc8538,200
rfc9384.xml,https://datatracker.ietf.org/doc/html/draft-ietf-idr-bgp-model-16,200
rfc9384.xml,https://www.rfc-editor.org/info/rfc4273,200
rfc9384.xml,https://www.rfc-editor.org/info/rfc4486,200
rfc9532.xml,https://datatracker.ietf.org/doc/draft-ietf-httpbis-alias-proxy-status-07,200
rfc9532.xml,https://dx.doi.org/10.17487/rfc9532,200
rfc9532.xml,https://www.rfc-editor.org/info/rfc9532,200
rfc9532.xml,https://trustee.ietf.org/license-info,200
rfc9532.xml,https://www.iana.org/assignments/http-proxy-status,200
rfc9532.xml,https://www.rfc-editor.org/info/rfc9298,200
rfc9532.xml,https://www.rfc-editor.org/info/rfc1034,200
rfc9532.xml,https://www.rfc-editor.org/info/rfc9110,200
rfc9532.xml,https://www.rfc-editor.org/info/rfc9209,200
rfc9532.xml,https://www.rfc-editor.org/info/rfc2119,200
rfc9532.xml,https://www.rfc-editor.org/info/rfc3986,200
rfc9532.xml,https://www.rfc-editor.org/info/rfc8174,200
rfc9532.xml,https://www.rfc-editor.org/info/rfc8941,200
rfc9532.xml,https://www.rfc-editor.org/info/rfc6265,200
rfc9532.xml,https://ieeexplore.ieee.org/document/8277153,Connection error: HTTP Error 418: Unknown Code
rfc9532.xml,https://www.rfc-editor.org/info/rfc1035,200
rfc9532.xml,https://www.rfc-editor.org/info/rfc3493,200
rfc9175.xml,https://datatracker.ietf.org/doc/draft-ietf-core-echo-request-tag-14,200
rfc9175.xml,https://dx.doi.org/10.17487/rfc9175,200
rfc9175.xml,https://www.rfc-editor.org/info/rfc9175,200
rfc9175.xml,https://trustee.ietf.org/license-info,200
rfc9175.xml,https://www.rfc-editor.org/info/rfc2119,200
rfc9175.xml,https://www.rfc-editor.org/info/rfc6347,200
rfc9175.xml,https://www.rfc-editor.org/info/rfc7252,200
rfc9175.xml,https://www.rfc-editor.org/info/rfc7959,200
rfc9175.xml,https://www.rfc-editor.org/info/rfc8174,200
rfc9175.xml,https://www.rfc-editor.org/info/rfc8470,200
rfc9175.xml,https://www.rfc-editor.org/info/rfc8613,200
rfc9175.xml,https://datatracker.ietf.org/doc/html/draft-mattsson-core-coap-attacks-01,200
rfc9175.xml,https://www.ietf.org/archive/id/draft-mattsson-core-coap-attacks-01.txt,200
rfc9175.xml,https://datatracker.ietf.org/doc/html/draft-ietf-core-groupcomm-bis-05,200
rfc9175.xml,https://www.ietf.org/archive/id/draft-ietf-core-groupcomm-bis-05.txt,200
rfc9175.xml,https://datatracker.ietf.org/doc/html/draft-ietf-core-oscore-groupcomm-13,200
rfc9175.xml,https://www.ietf.org/archive/id/draft-ietf-core-oscore-groupcomm-13.txt,200
rfc9175.xml,https://datatracker.ietf.org/doc/html/draft-irtf-pearg-numeric-ids-generation-08,200
rfc9175.xml,https://www.ietf.org/archive/id/draft-irtf-pearg-numeric-ids-generation-08.txt,200
rfc9175.xml,https://www.ics.uci.edu/~fielding/pubs/dissertation/fielding_dissertation.pdf,200
rfc9175.xml,https://www.rfc-editor.org/info/rfc7641,200
rfc9175.xml,https://www.rfc-editor.org/info/rfc8323,200
rfc9175.xml,https://www.rfc-editor.org/info/rfc8446,200
rfc9175.xml,https://www.rfc-editor.org/info/rfc8974,200
rfc9175.xml,https://www.rfc-editor.org/info/rfc9000,200
rfc9466.xml,https://datatracker.ietf.org/doc/draft-ietf-pim-assert-packing-12,200
rfc9466.xml,https://dx.doi.org/10.17487/rfc9466,200
rfc9466.xml,https://www.rfc-editor.org/info/rfc9466,200
rfc9466.xml,https://trustee.ietf.org/license-info,200
rfc9466.xml,https://www.rfc-editor.org/info/rfc2119,200
rfc9466.xml,https://www.rfc-editor.org/info/rfc7761,200
rfc9466.xml,https://www.rfc-editor.org/info/rfc8174,200
rfc9466.xml,https://www.rfc-editor.org/info/rfc9436,200
rfc9466.xml,https://www.rfc-editor.org/info/rfc2475,200
rfc9466.xml,https://www.rfc-editor.org/info/rfc3973,200
rfc9466.xml,https://www.rfc-editor.org/info/rfc6037,200
rfc9466.xml,https://www.rfc-editor.org/info/rfc7431,200
rfc9466.xml,https://www.rfc-editor.org/info/rfc7490,200
rfc9372.xml,https://datatracker.ietf.org/doc/draft-ietf-raw-ldacs-14,200
rfc9372.xml,https://dx.doi.org/10.17487/rfc9372,200
rfc9372.xml,https://www.rfc-editor.org/info/rfc9372,200
rfc9372.xml,https://trustee.ietf.org/license-info,200
rfc9372.xml,https://standards.globalspec.com/std/13152055/ARINC%20633,Connection error: HTTP Error 403: Forbidden
rfc9372.xml,https://www.aviation-ia.com/,Connection error: HTTP Error 403: Forbidden
rfc9372.xml,https://standards.globalspec.com/std/14391274/858p1,Connection error: HTTP Error 403: Forbidden
rfc9372.xml,https://pq-crystals.org/kyber/data/kyber-specification-round3-20210804.pdf,200
rfc9372.xml,https://doi.org/10.1109/DASC43569.2019.9081678,Connection error: HTTP Error 418: Unknown Code
rfc9372.xml,https://doi.org/10.1109/TAES.2021.3111722,Connection error: HTTP Error 418: Unknown Code
rfc9372.xml,https://doi.org/10.1109/MAES.2017.160282,Connection error: HTTP Error 418: Unknown Code
rfc9372.xml,https://doi.org/10.1109/ICNSURV.2016.7486405,Connection error: HTTP Error 418: Unknown Code
rfc9372.xml,https://standards.globalspec.com/std/10003192/rtca-do-350-volume-1-2,Connection error: HTTP Error 403: Forbidden
rfc9372.xml,https://eshop.eurocae.net/eurocae-documents-and-reports/ed-262/,200
rfc9372.xml,https://www.faa.gov/air_traffic/technology/equipadsb/privacy,200
rfc9372.xml,http://gnuradio.org,200
rfc9372.xml,https://doi.org/10.1109/DASC.2011.6096230,Connection error: HTTP Error 418: Unknown Code
rfc9372.xml,https://doi.org/10.1109/ICNSURV.2018.8384881,Connection error: HTTP Error 418: Unknown Code
rfc9372.xml,https://www.ldacs.com/wp-content/uploads/2013/12/SESAR2020_PJ14-W2-60_D3_1_210_Initial_LDACS_AG_Specification_00_01_00-1_0_updated.pdf,200
rfc9372.xml,https://standards.globalspec.com/std/10026940/icao-9896,Connection error: HTTP Error 403: Forbidden
rfc9372.xml,https://www.icao.int/safety/FSMP/Documents/Doc9718/Doc.9718%20Vol.%20I%20(AdvanceUneditedVersion%202021).pdf,200
rfc9372.xml,https://store.icao.int/en/manual-on-vhf-digital-link-vdl-mode-2-doc-9776,Connection error: HTTP Error 403: Forbidden: Access blocked. Your IP address is being recorded for security purposes.
rfc9372.xml,https://www.ldacs.com/wp-content/uploads/2023/03/WP06.AppA-DCIWG-6-LDACS_SARPs.pdf,200
rfc9372.xml,https://doi.org/10.1109/ICNSURV.2010.5503256,Connection error: HTTP Error 418: Unknown Code
rfc9372.xml,https://doi.org/10.1002/9781119281139,Connection error: HTTP Error 403: Forbidden
rfc9372.xml,https://datatracker.ietf.org/doc/html/draft-haindl-lisp-gb-atn-08,200
rfc9372.xml,https://doi.org/10.1109/ICNSURV.2018.8384828,Connection error: HTTP Error 418: Unknown Code
rfc9372.xml,https://doi.org/10.1109/DASC.2018.8569878,Connection error: HTTP Error 418: Unknown Code
rfc9372.xml,https://doi.org/10.1109/DASC43569.2019.9081786,Connection error: HTTP Error 418: Unknown Code
rfc9372.xml,https://doi.org/10.1109/ICNSURV.2019.8735139,Connection error: HTTP Error 418: Unknown Code
rfc9372.xml,https://doi.org/10.1109/DASC50938.2020.9256746,Connection error: HTTP Error 418: Unknown Code
rfc9372.xml,https://doi.org/10.1109/EuroSPW54576.2021.00019,Connection error: HTTP Error 418: Unknown Code
rfc9372.xml,https://doi.org/10.1109/MAES.2021.3052318,Connection error: HTTP Error 418: Unknown Code
rfc9372.xml,https://doi.org/10.1109/TVT.2018.2862829,Connection error: HTTP Error 418: Unknown Code
rfc9372.xml,https://doi.org/10.6028/NIST.FIPS.186-4,200
rfc9372.xml,https://doi.org/10.33012/2019.17119,200
rfc9372.xml,https://datatracker.ietf.org/doc/html/draft-ietf-raw-technologies-06,200
rfc9372.xml,https://datatracker.ietf.org/doc/html/draft-ietf-raw-use-cases-08,200
rfc9372.xml,https://www.rfc-editor.org/info/rfc4301,200
rfc9372.xml,https://www.rfc-editor.org/info/rfc4861,200
rfc9372.xml,https://www.rfc-editor.org/info/rfc5213,200
rfc9372.xml,https://www.rfc-editor.org/info/rfc5795,200
rfc9372.xml,https://www.rfc-editor.org/info/rfc7296,200
rfc9372.xml,https://www.rfc-editor.org/info/rfc8200,200
rfc9372.xml,https://www.rfc-editor.org/info/rfc8446,200
rfc9372.xml,https://www.rfc-editor.org/info/rfc9099,200
rfc9372.xml,https://www.rfc-editor.org/info/rfc9147,200
rfc9372.xml,https://www.rfc-editor.org/info/rfc9300,200
rfc9372.xml,https://www.rfc-editor.org/info/rfc9301,200
rfc9372.xml,https://doi.org/10.1109/ICNSURV.2018.8384880,Connection error: HTTP Error 418: Unknown Code
rfc9372.xml,https://doi.org/10.13154/tches.v2020.i4.443-466,200
rfc9372.xml,https://standards.globalspec.com/std/14224450/rtca-do-379,Connection error: HTTP Error 403: Forbidden
rfc9372.xml,https://datatracker.ietf.org/doc/html/draft-ietf-rtgwg-atn-bgp-19,200
rfc9372.xml,https://doi.org/10.1109/DASC.2014.6979447,Connection error: HTTP Error 418: Unknown Code
rfc9372.xml,https://doi.org/10.1109/TAES.2016.150451,Connection error: HTTP Error 418: Unknown Code
rfc9372.xml,https://doi.org/10.1109/DASC.2013.6712567,Connection error: HTTP Error 418: Unknown Code
rfc9372.xml,https://www.sita.aero/,Connection error: HTTP Error 403: Forbidden
rfc9372.xml,https://doi.org/10.1007/978-3-030-57682-0_3,200
rfc9372.xml,https://doi.org/10.1109/TITS.2016.2612584,Connection error: HTTP Error 418: Unknown Code
rfc9372.xml,https://doi.org/10.1109/TITS.2020.2983614,Connection error: HTTP Error 418: Unknown Code
rfc9744.xml,https://datatracker.ietf.org/doc/draft-ietf-bess-evpn-vpws-fxc-12,200
rfc9744.xml,https://dx.doi.org/10.17487/rfc9744,200
rfc9744.xml,https://www.rfc-editor.org/info/rfc9744,200
rfc9744.xml,https://trustee.ietf.org/license-info,200
rfc9744.xml,https://www.rfc-editor.org/info/rfc2119,200
rfc9744.xml,https://www.rfc-editor.org/info/rfc7432,200
rfc9744.xml,https://www.rfc-editor.org/info/rfc8174,200
rfc9744.xml,https://www.rfc-editor.org/info/rfc8214,200
rfc9744.xml,https://datatracker.ietf.org/doc/html/draft-ietf-rtgwg-bgp-pic-21,200
rfc9744.xml,https://www.rfc-editor.org/info/rfc5659,200
rfc9744.xml,https://www.rfc-editor.org/info/rfc5885,200
rfc9744.xml,https://www.rfc-editor.org/info/rfc8365,200
rfc9113.xml,https://datatracker.ietf.org/doc/draft-ietf-httpbis-http2bis-latest,200
rfc9113.xml,https://dx.doi.org/10.17487/rfc9113,200
rfc9113.xml,https://www.rfc-editor.org/info/rfc9113,200
rfc9113.xml,https://trustee.ietf.org/license-info,200
rfc9113.xml,https://www.rfc-editor.org/info/rfc9111,200
rfc9113.xml,https://www.rfc-editor.org/info/rfc7541,200
rfc9113.xml,https://www.rfc-editor.org/info/rfc6265,200
rfc9113.xml,https://www.rfc-editor.org/info/rfc9110,200
rfc9113.xml,https://www.rfc-editor.org/info/rfc9000,200
rfc9113.xml,https://www.rfc-editor.org/info/rfc2119,200
rfc9113.xml,https://www.rfc-editor.org/info/rfc3986,200
rfc9113.xml,https://www.rfc-editor.org/info/rfc8174,200
rfc9113.xml,https://www.rfc-editor.org/info/rfc8422,200
rfc9113.xml,https://www.rfc-editor.org/info/rfc8470,200
rfc9113.xml,https://www.rfc-editor.org/info/rfc793,200
rfc9113.xml,https://www.rfc-editor.org/info/rfc7301,200
rfc9113.xml,https://www.rfc-editor.org/info/rfc5289,200
rfc9113.xml,https://www.rfc-editor.org/info/rfc6066,200
rfc9113.xml,https://www.rfc-editor.org/info/rfc5246,200
rfc9113.xml,https://www.rfc-editor.org/info/rfc8446,200
rfc9113.xml,https://www.rfc-editor.org/info/rfc7525,200
rfc9113.xml,https://www.rfc-editor.org/info/rfc7838,200
rfc9113.xml,"https://breachattack.com/resources/BREACH%20-%20SSL,%20gone%20in%2030%20seconds.pdf",200
rfc9113.xml,https://www.rfc-editor.org/info/rfc8499,200
rfc9113.xml,https://www.rfc-editor.org/info/rfc9218,200
rfc9113.xml,https://www.rfc-editor.org/info/rfc9112,200
rfc9113.xml,https://github.com/Netflix/security-bulletins/blob/master/advisories/third-party/2019-002.md,200
rfc9113.xml,https://www.rfc-editor.org/info/rfc6973,200
rfc9113.xml,https://www.rfc-editor.org/info/rfc1122,200
rfc9113.xml,https://www.rfc-editor.org/info/rfc3749,200
rfc9113.xml,https://www.rfc-editor.org/info/rfc6125,200
rfc9113.xml,https://www.rfc-editor.org/info/rfc6585,200
rfc9113.xml,https://www.rfc-editor.org/info/rfc7323,200
rfc9113.xml,https://www.rfc-editor.org/info/rfc7540,200
rfc9113.xml,https://www.rfc-editor.org/info/rfc8441,200
rfc9113.xml,https://www.rfc-editor.org/info/rfc8740,200
rfc9113.xml,https://www.adambarth.com/papers/2011/huang-chen-barth-rescorla-jackson.pdf,200
rfc8764.xml,https://datatracker.ietf.org/doc/draft-sekar-dns-llq-06,200
rfc8764.xml,https://dx.doi.org/10.17487/rfc8764,200
rfc8764.xml,https://www.rfc-editor.org/info/rfc8764,200
rfc8764.xml,https://trustee.ietf.org/license-info,200
rfc8764.xml,https://www.rfc-editor.org/info/rfc1035,200
rfc8764.xml,https://www.rfc-editor.org/info/rfc2119,200
rfc8764.xml,https://www.rfc-editor.org/info/rfc2782,200
rfc8764.xml,https://www.rfc-editor.org/info/rfc6891,200
rfc8764.xml,https://www.rfc-editor.org/info/rfc8174,200
rfc8764.xml,https://www.rfc-editor.org/info/rfc8765,200
rfc8764.xml,https://www.rfc-editor.org/info/rfc2136,200
rfc8764.xml,https://www.rfc-editor.org/info/rfc4787,200
rfc8764.xml,https://www.rfc-editor.org/info/rfc4953,200
rfc8764.xml,https://www.rfc-editor.org/info/rfc5382,200
rfc8764.xml,https://www.rfc-editor.org/info/rfc6281,200
rfc8764.xml,https://www.rfc-editor.org/info/rfc6762,200
rfc8764.xml,https://www.rfc-editor.org/info/rfc6763,200
rfc8764.xml,https://www.rfc-editor.org/info/rfc6886,200
rfc8764.xml,https://www.rfc-editor.org/info/rfc6887,200
rfc8764.xml,https://www.rfc-editor.org/info/rfc7857,200
rfc8764.xml,https://www.rfc-editor.org/info/rfc8490,200
rfc8764.xml,https://www.cisco.com/web/about/ac123/ac147/archived_issues/ipj_9-4/ipj_9-4.pdf,200
rfc9423.xml,https://datatracker.ietf.org/doc/draft-ietf-core-target-attr-06,200
rfc9423.xml,https://dx.doi.org/10.17487/rfc9423,200
rfc9423.xml,https://www.rfc-editor.org/info/rfc9423,200
rfc9423.xml,https://trustee.ietf.org/license-info,200
rfc9423.xml,https://www.rfc-editor.org/info/bcp26,200
rfc9423.xml,https://www.rfc-editor.org/info/rfc8126,200
rfc9423.xml,https://www.iana.org/assignments/core-parameters,200
rfc9423.xml,https://www.rfc-editor.org/info/rfc2119,200
rfc9423.xml,https://www.rfc-editor.org/info/rfc8174,200
rfc9423.xml,https://www.rfc-editor.org/info/rfc8288,200
rfc9423.xml,https://www.rfc-editor.org/info/std80,200
rfc9423.xml,https://www.rfc-editor.org/info/rfc20,200
rfc9423.xml,https://www.rfc-editor.org/info/rfc5988,200
rfc9423.xml,https://www.rfc-editor.org/info/rfc6690,200
rfc9423.xml,https://www.rfc-editor.org/info/rfc7252,200
rfc9423.xml,https://www.rfc-editor.org/info/rfc7641,200
rfc9423.xml,https://www.rfc-editor.org/info/rfc8075,200
rfc9423.xml,https://www.rfc-editor.org/info/rfc8613,200
rfc9423.xml,https://www.rfc-editor.org/info/rfc9176,200
rfc8743.xml,https://datatracker.ietf.org/doc/draft-kanugovi-intarea-mams-framework-04,200
rfc8743.xml,https://dx.doi.org/10.17487/rfc8743,200
rfc8743.xml,https://www.rfc-editor.org/info/rfc8743,200
rfc8743.xml,https://trustee.ietf.org/license-info,200
rfc8743.xml,https://www.rfc-editor.org/info/rfc2119,200
rfc8743.xml,https://www.rfc-editor.org/info/rfc4301,200
rfc8743.xml,https://www.rfc-editor.org/info/rfc8174,200
rfc8743.xml,https://www.3gpp.org/ftp//Specs/archive/24_series/24.312/24312-f00.zip,200
rfc8743.xml,https://www.3gpp.org/ftp/Specs/archive/23_series/23.793/,200
rfc8743.xml,https://www.etsi.org/deliver/etsi_gs/MEC/001_099/002/02.01.01_60/gs_MEC002v020101p.pdf,200
rfc8743.xml,https://www.etsi.org/technologies/multi-access-edge-computing,200
rfc8743.xml,https://www.etsi.org/deliver/etsi_gs/MEC/001_099/012/01.01.01_60/gs_MEC012v010101p.pdf,200
rfc8743.xml,https://ieeexplore.ieee.org/document/7786995,Connection error: HTTP Error 418: Unknown Code
rfc8743.xml,https://tools.ietf.org/html/draft-zhu-intarea-gma-05,200
rfc8743.xml,http://www.ietf.org/internet-drafts/draft-zhu-intarea-gma-05.txt,Connection error: HTTP Error 404: Not Found
rfc8743.xml,https://tools.ietf.org/html/draft-zhu-intarea-mams-user-protocol-09,200
rfc8743.xml,http://www.ietf.org/internet-drafts/draft-zhu-intarea-mams-user-protocol-09.txt,Connection error: HTTP Error 404: Not Found
rfc8743.xml,https://www.itu.int/rec/T-REC-E.212-201609-I/en,200
rfc8743.xml,https://tools.ietf.org/html/draft-deconinck-quic-multipath-04,200
rfc8743.xml,http://www.ietf.org/internet-drafts/draft-deconinck-quic-multipath-04.txt,Connection error: HTTP Error 404: Not Found
rfc8743.xml,https://www.rfc-editor.org/info/rfc2784,200
rfc8743.xml,https://www.rfc-editor.org/info/rfc2890,200
rfc8743.xml,https://www.rfc-editor.org/info/rfc3948,200
rfc8743.xml,https://www.rfc-editor.org/info/rfc4555,200
rfc8743.xml,https://www.rfc-editor.org/info/rfc4960,200
rfc8743.xml,https://www.rfc-editor.org/info/rfc6347,200
rfc8743.xml,https://www.rfc-editor.org/info/rfc6455,200
rfc8743.xml,https://www.rfc-editor.org/info/rfc6824,200
rfc8743.xml,https://www.rfc-editor.org/info/rfc7231,200
rfc8743.xml,https://www.rfc-editor.org/info/rfc7296,200
rfc8743.xml,https://www.rfc-editor.org/info/rfc8259,200
rfc8743.xml,https://www.rfc-editor.org/info/rfc8446,200
rfc8743.xml,https://scf.io/,Connection error: HTTP Error 403: Forbidden
rfc8743.xml,https://www.3gpp.org/ftp/Specs/archive/23_series/23.060/23060-g00.zip,200
rfc8743.xml,https://tools.ietf.org/html/draft-ietf-tcpm-converters-19,200
rfc8743.xml,http://www.ietf.org/internet-drafts/draft-ietf-tcpm-converters-19.txt,Connection error: HTTP Error 404: Not Found
rfc8743.xml,https://wballiance.com/resource/unlicensed-integration-with-5g-networks/,Connection error: HTTP Error 403: Forbidden
rfc9645.xml,https://datatracker.ietf.org/doc/draft-ietf-netconf-tls-client-server-41,200
rfc9645.xml,https://dx.doi.org/10.17487/rfc9645,200
rfc9645.xml,https://www.rfc-editor.org/info/rfc9645,200
rfc9645.xml,https://trustee.ietf.org/license-info,200
rfc9645.xml,https://nvlpubs.nist.gov/nistpubs/FIPS/NIST.FIPS.180-4.pdf,200
rfc9645.xml,https://nvlpubs.nist.gov/nistpubs/FIPS/NIST.FIPS.186-5.pdf,200
rfc9645.xml,https://www.rfc-editor.org/info/rfc2119,200
rfc9645.xml,https://www.rfc-editor.org/info/rfc4252,200
rfc9645.xml,https://www.rfc-editor.org/info/rfc4279,200
rfc9645.xml,https://www.rfc-editor.org/info/rfc5280,200
rfc9645.xml,https://www.rfc-editor.org/info/rfc5288,200
rfc9645.xml,https://www.rfc-editor.org/info/rfc5289,200
rfc9645.xml,https://www.rfc-editor.org/info/rfc6020,200
rfc9645.xml,https://www.rfc-editor.org/info/rfc6241,200
rfc9645.xml,https://www.rfc-editor.org/info/rfc6520,200
rfc9645.xml,https://www.rfc-editor.org/info/rfc7250,200
rfc9645.xml,https://www.rfc-editor.org/info/rfc7589,200
rfc9645.xml,https://www.rfc-editor.org/info/rfc7950,200
rfc9645.xml,https://www.rfc-editor.org/info/rfc8040,200
rfc9645.xml,https://www.rfc-editor.org/info/rfc8174,200
rfc9645.xml,https://www.rfc-editor.org/info/rfc8341,200
rfc9645.xml,https://www.rfc-editor.org/info/rfc8422,200
rfc9645.xml,https://www.rfc-editor.org/info/rfc8446,200
rfc9645.xml,https://www.rfc-editor.org/info/rfc9000,200
rfc9645.xml,https://www.rfc-editor.org/info/rfc9640,200
rfc9645.xml,https://www.rfc-editor.org/info/rfc9641,200
rfc9645.xml,https://www.rfc-editor.org/info/rfc9642,200
rfc9645.xml,https://datatracker.ietf.org/doc/html/draft-ietf-netconf-http-client-server-23,200
rfc9645.xml,https://www.iana.org/assignments/tls-parameters/,200
rfc9645.xml,https://www.iana.org/assignments/yang-parameters,200
rfc9645.xml,https://datatracker.ietf.org/doc/html/draft-ietf-netconf-netconf-client-server-37,200
rfc9645.xml,https://datatracker.ietf.org/doc/html/draft-ietf-netconf-restconf-client-server-38,200
rfc9645.xml,https://www.rfc-editor.org/info/rfc3688,200
rfc9645.xml,https://www.rfc-editor.org/info/rfc5056,200
rfc9645.xml,https://www.rfc-editor.org/info/rfc5246,200
rfc9645.xml,https://www.rfc-editor.org/info/rfc8071,200
rfc9645.xml,https://www.rfc-editor.org/info/rfc8259,200
rfc9645.xml,https://www.rfc-editor.org/info/rfc8340,200
rfc9645.xml,https://www.rfc-editor.org/info/rfc8342,200
rfc9645.xml,https://www.rfc-editor.org/info/rfc8407,200
rfc9645.xml,https://datatracker.ietf.org/doc/html/draft-ietf-netmod-rfc8407bis-17,200
rfc9645.xml,https://www.rfc-editor.org/info/rfc8996,200
rfc9645.xml,https://www.rfc-editor.org/info/rfc9110,200
rfc9645.xml,https://www.rfc-editor.org/info/rfc9257,200
rfc9645.xml,https://www.rfc-editor.org/info/rfc9258,200
rfc9645.xml,https://www.rfc-editor.org/info/rfc9643,200
rfc9645.xml,https://www.rfc-editor.org/info/rfc9644,200
rfc9645.xml,https://datatracker.ietf.org/doc/html/draft-ietf-netmod-system-config-09,200
rfc9645.xml,https://www.w3.org/TR/xml/,200
rfc9645.xml,https://www.python.org,200
rfc9697.xml,https://datatracker.ietf.org/doc/draft-ietf-sidrops-rrdp-desynchronization-04,200
rfc9697.xml,https://dx.doi.org/10.17487/rfc9697,200
rfc9697.xml,https://www.rfc-editor.org/info/rfc9697,200
rfc9697.xml,https://trustee.ietf.org/license-info,200
rfc9697.xml,https://www.rfc-editor.org/info/rfc2119,200
rfc9697.xml,https://www.rfc-editor.org/info/rfc8174,200
rfc9697.xml,https://www.rfc-editor.org/info/rfc8182,200
rfc9697.xml,https://datatracker.ietf.org/doc/html/draft-ietf-sidrops-aspa-verification-19,200
rfc9697.xml,https://www.rfc-editor.org/info/rfc6811,200
rfc9697.xml,https://www.rfc-editor.org/info/rfc7115,200
rfc9697.xml,https://www.rfc-editor.org/info/rfc9286,200
rfc9036.xml,https://datatracker.ietf.org/doc/draft-ietf-ecrit-location-profile-registry-policy-02,200
rfc9036.xml,https://dx.doi.org/10.17487/rfc9036,200
rfc9036.xml,https://www.rfc-editor.org/info/rfc9036,200
rfc9036.xml,https://trustee.ietf.org/license-info,200
rfc9036.xml,https://www.iana.org/assignments/lost-location-profiles,200
rfc9036.xml,https://www.rfc-editor.org/info/rfc5222,200
rfc9036.xml,https://www.rfc-editor.org/info/rfc8126,200
rfc9036.xml,https://www.nena.org/page/i3_Stage3,Connection error: HTTP Error 403: Forbidden
rfc9716.xml,https://datatracker.ietf.org/doc/draft-ietf-mpls-spring-inter-domain-oam-20,200
rfc9716.xml,https://dx.doi.org/10.17487/rfc9716,200
rfc9716.xml,https://www.rfc-editor.org/info/rfc9716,200
rfc9716.xml,https://trustee.ietf.org/license-info,200
rfc9716.xml,https://www.rfc-editor.org/info/rfc2119,200
rfc9716.xml,https://www.rfc-editor.org/info/rfc7110,200
rfc9716.xml,https://www.rfc-editor.org/info/rfc8029,200
rfc9716.xml,https://www.rfc-editor.org/info/rfc8174,200
rfc9716.xml,https://www.rfc-editor.org/info/rfc8287,200
rfc9716.xml,https://ieeexplore.ieee.org/document/8585421,Connection error: HTTP Error 418: Unknown Code
rfc9716.xml,https://www.rfc-editor.org/info/rfc3032,200
rfc9716.xml,https://www.rfc-editor.org/info/rfc7743,200
rfc9716.xml,https://www.rfc-editor.org/info/rfc8277,200
rfc9716.xml,https://www.rfc-editor.org/info/rfc8402,200
rfc9716.xml,https://www.rfc-editor.org/info/rfc8403,200
rfc9716.xml,https://www.rfc-editor.org/info/rfc8604,200
rfc9716.xml,https://www.rfc-editor.org/info/rfc8660,200
rfc9716.xml,https://www.rfc-editor.org/info/rfc9086,200
rfc9716.xml,https://www.rfc-editor.org/info/rfc9087,200
rfc9716.xml,https://www.rfc-editor.org/info/rfc9256,200
rfc9716.xml,https://www.rfc-editor.org/info/rfc9350,200
rfc9716.xml,https://www.rfc-editor.org/info/rfc9552,200
rfc9181.xml,https://datatracker.ietf.org/doc/draft-ietf-opsawg-vpn-common-12,200
rfc9181.xml,https://dx.doi.org/10.17487/rfc9181,200
rfc9181.xml,https://www.rfc-editor.org/info/rfc9181,200
rfc9181.xml,https://trustee.ietf.org/license-info,200
rfc9181.xml,https://www.rfc-editor.org/info/rfc3688,200
rfc9181.xml,https://www.rfc-editor.org/info/rfc4364,200
rfc9181.xml,https://www.rfc-editor.org/info/rfc6020,200
rfc9181.xml,https://www.rfc-editor.org/info/rfc6241,200
rfc9181.xml,https://www.rfc-editor.org/info/rfc6242,200
rfc9181.xml,https://www.rfc-editor.org/info/rfc6991,200
rfc9181.xml,https://www.rfc-editor.org/info/rfc7950,200
rfc9181.xml,https://www.rfc-editor.org/info/rfc8040,200
rfc9181.xml,https://www.rfc-editor.org/info/rfc8294,200
rfc9181.xml,https://www.rfc-editor.org/info/rfc8341,200
rfc9181.xml,https://www.rfc-editor.org/info/rfc8446,200
rfc9181.xml,https://www.rfc-editor.org/info/rfc8519,200
rfc9181.xml,https://datatracker.ietf.org/doc/html/draft-ietf-teas-actn-vn-yang-13,200
rfc9181.xml,https://datatracker.ietf.org/doc/html/draft-ietf-teas-enhanced-vpn-09,200
rfc9181.xml,https://www.ietf.org/archive/id/draft-ietf-teas-enhanced-vpn-09.txt,200
rfc9181.xml,https://standards.ieee.org/standard/802_1ad-2005.html,Connection error: HTTP Error 403: Forbidden
rfc9181.xml,https://standards.ieee.org/standard/802_1AX-2020.html,Connection error: HTTP Error 403: Forbidden
rfc9181.xml,https://standards.ieee.org/standard/802_1Q-2018.html,Connection error: HTTP Error 403: Forbidden
rfc9181.xml,https://www.iso.org/standard/30932.html,200
rfc9181.xml,https://datatracker.ietf.org/doc/html/draft-ietf-opsawg-l2nm-12,200
rfc9181.xml,https://datatracker.ietf.org/doc/html/draft-ietf-teas-ietf-network-slices-05,200
rfc9181.xml,https://www.rfc-editor.org/info/rfc791,200
rfc9181.xml,https://www.rfc-editor.org/info/rfc1112,200
rfc9181.xml,https://www.rfc-editor.org/info/rfc1701,200
rfc9181.xml,https://www.rfc-editor.org/info/rfc1702,200
rfc9181.xml,https://www.rfc-editor.org/info/rfc2003,200
rfc9181.xml,https://www.rfc-editor.org/info/rfc2080,200
rfc9181.xml,https://www.rfc-editor.org/info/rfc2236,200
rfc9181.xml,https://www.rfc-editor.org/info/rfc2453,200
rfc9181.xml,https://www.rfc-editor.org/info/rfc2473,200
rfc9181.xml,https://www.rfc-editor.org/info/rfc2710,200
rfc9181.xml,https://www.rfc-editor.org/info/rfc3209,200
rfc9181.xml,https://www.rfc-editor.org/info/rfc3376,200
rfc9181.xml,https://www.rfc-editor.org/info/rfc3810,200
rfc9181.xml,https://www.rfc-editor.org/info/rfc3931,200
rfc9181.xml,https://www.rfc-editor.org/info/rfc4026,200
rfc9181.xml,https://www.rfc-editor.org/info/rfc4176,200
rfc9181.xml,https://www.rfc-editor.org/info/rfc4271,200
rfc9181.xml,https://www.rfc-editor.org/info/rfc4577,200
rfc9181.xml,https://www.rfc-editor.org/info/rfc4664,200
rfc9181.xml,https://www.rfc-editor.org/info/rfc4761,200
rfc9181.xml,https://www.rfc-editor.org/info/rfc4762,200
rfc9181.xml,https://www.rfc-editor.org/info/rfc4960,200
rfc9181.xml,https://www.rfc-editor.org/info/rfc5036,200
rfc9181.xml,https://www.rfc-editor.org/info/rfc5798,200
rfc9181.xml,https://www.rfc-editor.org/info/rfc5880,200
rfc9181.xml,https://www.rfc-editor.org/info/rfc6513,200
rfc9181.xml,https://www.rfc-editor.org/info/rfc6565,200
rfc9181.xml,https://www.rfc-editor.org/info/rfc6624,200
rfc9181.xml,https://www.rfc-editor.org/info/rfc7348,200
rfc9181.xml,https://www.rfc-editor.org/info/rfc7432,200
rfc9181.xml,https://www.rfc-editor.org/info/rfc7510,200
rfc9181.xml,https://www.rfc-editor.org/info/rfc7623,200
rfc9181.xml,https://www.rfc-editor.org/info/rfc7676,200
rfc9181.xml,https://www.rfc-editor.org/info/rfc7761,200
rfc9181.xml,https://www.rfc-editor.org/info/rfc7880,200
rfc9181.xml,https://www.rfc-editor.org/info/rfc8200,200
rfc9181.xml,https://www.rfc-editor.org/info/rfc8214,200
rfc9181.xml,https://www.rfc-editor.org/info/rfc8277,200
rfc9181.xml,https://www.rfc-editor.org/info/rfc8299,200
rfc9181.xml,https://www.rfc-editor.org/info/rfc8340,200
rfc9181.xml,https://www.rfc-editor.org/info/rfc8365,200
rfc9181.xml,https://www.rfc-editor.org/info/rfc8453,200
rfc9181.xml,https://www.rfc-editor.org/info/rfc8466,200
rfc9181.xml,https://www.rfc-editor.org/info/rfc8512,200
rfc9181.xml,https://www.rfc-editor.org/info/rfc8660,200
rfc9181.xml,https://www.rfc-editor.org/info/rfc8663,200
rfc9181.xml,https://www.rfc-editor.org/info/rfc8754,200
rfc9181.xml,https://www.rfc-editor.org/info/rfc8926,200
rfc9181.xml,https://www.rfc-editor.org/info/rfc9182,200
rfc9710.xml,https://datatracker.ietf.org/doc/draft-ietf-opsawg-ipfix-fixes-12,200
rfc9710.xml,https://dx.doi.org/10.17487/rfc9710,200
rfc9710.xml,https://www.rfc-editor.org/info/rfc9710,200
rfc9710.xml,https://trustee.ietf.org/license-info,200
rfc9710.xml,https://www.iana.org/assignments/service-names-port-numbers,200
rfc9710.xml,https://www.iana.org/assignments/service-names-port-numbers,200
rfc9710.xml,https://www.iana.org/assignments/service-names-port-numbers,200
rfc9710.xml,https://www.iana.org/assignments/ipfix,200
rfc9710.xml,https://www.iana.org/assignments/service-names-port-numbers,200
rfc9710.xml,https://www.iana.org/assignments/service-names-port-numbers,200
rfc9710.xml,https://www.iana.org/assignments/icmp-parameters,200
rfc9710.xml,https://www.iana.org/assignments/igmp-type-numbers,200
rfc9710.xml,https://www.iana.org/assignments/icmpv6-parameters,200
rfc9710.xml,https://www.iana.org/assignments/icmp-parameters,200
rfc9710.xml,https://www.iana.org/assignments/icmp-parameters,200
rfc9710.xml,https://www.iana.org/assignments/icmpv6-parameters,200
rfc9710.xml,https://www.iana.org/assignments/icmpv6-parameters,200
rfc9710.xml,https://www.iana.org/assignments/enterprise-numbers,200
rfc9710.xml,https://www.iana.org/assignments/ipfix,200
rfc9710.xml,https://www.iana.org/assignments/ipfix,200
rfc9710.xml,https://www.iana.org/assignments/ipfix,200
rfc9710.xml,https://www.iana.org/assignments/ipfix,200
rfc9710.xml,https://www.iana.org/assignments/ipfix,200
rfc9710.xml,https://www.iana.org/assignments/ipfix,200
rfc9710.xml,https://www.iana.org/assignments/ipfix,200
rfc9710.xml,https://www.iana.org/assignments/ipfix,200
rfc9710.xml,https://www.iana.org/assignments/ipfix/,200
rfc9710.xml,https://www.iana.org/assignments/ipfix,200
rfc9710.xml,https://www.iana.org/assignments/psamp-parameters,200
rfc9710.xml,https://www.iana.org/assignments/ipfix,200
rfc9710.xml,https://www.iana.org/assignments/ipfix,200
rfc9710.xml,https://www.iana.org/assignments/ipfix,200
rfc9710.xml,https://www.iana.org/assignments/service-names-port-numbers,200
rfc9710.xml,https://www.iana.org/assignments/service-names-port-numbers,200
rfc9710.xml,https://www.iana.org/assignments/ianaiftype-mib,200
rfc9710.xml,https://www.iana.org/assignments/ianaiftype-mib,200
rfc9710.xml,https://www.iana.org/assignments/ipfix,200
rfc9710.xml,https://www.iana.org/assignments/ipfix,200
rfc9710.xml,https://www.iana.org/assignments/ipfix,200
rfc9710.xml,https://www.iana.org/assignments/ipfix,200
rfc9710.xml,https://www.iana.org/assignments/ipfix,200
rfc9710.xml,https://www.iana.org/assignments/ipfix,200
rfc9710.xml,https://www.iana.org/assignments/service-names-port-numbers,200
rfc9710.xml,https://www.iana.org/assignments/ipfix,200
rfc9710.xml,https://www.rfc-editor.org/info/rfc2119,200
rfc9710.xml,https://www.rfc-editor.org/info/rfc7011,200
rfc9710.xml,https://www.rfc-editor.org/info/rfc7012,200
rfc9710.xml,https://www.rfc-editor.org/info/rfc7013,200
rfc9710.xml,https://www.rfc-editor.org/info/rfc8174,200
rfc9710.xml,https://www.cisco.com/en/US/technologies/tk648/tk362/technologies_white_paper09186a00800a3db9.html,200
rfc9710.xml,https://www.rfc-editor.org/info/rfc768,200
rfc9710.xml,https://www.rfc-editor.org/info/rfc791,200
rfc9710.xml,https://www.rfc-editor.org/info/rfc1321,200
rfc9710.xml,https://www.rfc-editor.org/info/rfc1631,200
rfc9710.xml,https://www.rfc-editor.org/info/rfc2277,200
rfc9710.xml,https://www.rfc-editor.org/info/rfc2482,200
rfc9710.xml,https://www.rfc-editor.org/info/rfc3022,200
rfc9710.xml,https://www.rfc-editor.org/info/rfc3031,200
rfc9710.xml,https://www.rfc-editor.org/info/rfc3234,200
rfc9710.xml,https://www.rfc-editor.org/info/rfc3629,200
rfc9710.xml,https://www.rfc-editor.org/info/rfc4340,200
rfc9710.xml,https://www.rfc-editor.org/info/rfc4646,200
rfc9710.xml,https://www.rfc-editor.org/info/rfc5102,200
rfc9710.xml,https://www.rfc-editor.org/info/rfc5103,200
rfc9710.xml,https://www.rfc-editor.org/info/rfc5475,200
rfc9710.xml,https://www.rfc-editor.org/info/rfc5477,200
rfc9710.xml,https://www.rfc-editor.org/info/rfc5610,200
rfc9710.xml,https://www.rfc-editor.org/info/rfc5655,200
rfc9710.xml,https://www.rfc-editor.org/info/rfc6144,200
rfc9710.xml,https://www.rfc-editor.org/info/rfc6146,200
rfc9710.xml,https://www.rfc-editor.org/info/rfc6235,200
rfc9710.xml,https://www.rfc-editor.org/info/rfc6296,200
rfc9710.xml,https://www.rfc-editor.org/info/rfc6313,200
rfc9710.xml,https://www.rfc-editor.org/info/rfc6759,200
rfc9710.xml,https://www.rfc-editor.org/info/rfc7014,200
rfc9710.xml,https://www.rfc-editor.org/info/rfc7015,200
rfc9710.xml,https://www.rfc-editor.org/info/rfc7125,200
rfc9710.xml,https://www.rfc-editor.org/info/rfc7133,200
rfc9710.xml,https://www.rfc-editor.org/info/rfc7270,200
rfc9710.xml,https://www.rfc-editor.org/info/rfc8038,200
rfc9710.xml,https://www.rfc-editor.org/info/rfc8126,200
rfc9710.xml,https://www.rfc-editor.org/info/rfc8158,200
rfc9710.xml,https://www.rfc-editor.org/info/rfc8200,200
rfc9710.xml,https://www.rfc-editor.org/info/rfc9260,200
rfc9710.xml,https://www.rfc-editor.org/info/rfc9293,200
rfc9710.xml,https://www.rfc-editor.org/info/rfc9487,200
rfc9710.xml,https://www.rfc-editor.org/info/rfc9565,200
rfc9539.xml,https://datatracker.ietf.org/doc/draft-ietf-dprive-unilateral-probing-13,200
rfc9539.xml,https://dx.doi.org/10.17487/rfc9539,200
rfc9539.xml,https://www.rfc-editor.org/info/rfc9539,200
rfc9539.xml,https://trustee.ietf.org/license-info,200
rfc9539.xml,https://www.rfc-editor.org/info/rfc2119,200
rfc9539.xml,https://www.rfc-editor.org/info/rfc7301,200
rfc9539.xml,https://www.rfc-editor.org/info/rfc7858,200
rfc9539.xml,https://www.rfc-editor.org/info/rfc8174,200
rfc9539.xml,https://www.rfc-editor.org/info/rfc9250,200
rfc9539.xml,https://www.rfc-editor.org/info/rfc1035,200
rfc9539.xml,https://www.rfc-editor.org/info/rfc7435,200
rfc9539.xml,https://www.rfc-editor.org/info/rfc7672,200
rfc9539.xml,https://www.rfc-editor.org/info/rfc7766,200
rfc9539.xml,https://www.rfc-editor.org/info/rfc7830,200
rfc9539.xml,https://www.rfc-editor.org/info/rfc8305,200
rfc9539.xml,https://www.rfc-editor.org/info/rfc8460,200
rfc9539.xml,https://www.rfc-editor.org/info/rfc8461,200
rfc9539.xml,https://www.rfc-editor.org/info/rfc8467,200
rfc9539.xml,https://www.rfc-editor.org/info/rfc8484,200
rfc9539.xml,https://www.rfc-editor.org/info/rfc8806,200
rfc9539.xml,https://www.rfc-editor.org/info/rfc9102,200
rfc9539.xml,https://www.rfc-editor.org/info/rfc9156,200
rfc9539.xml,https://datatracker.ietf.org/doc/html/draft-ietf-tls-esni-17,200
rfc9539.xml,https://datatracker.ietf.org/doc/html/draft-ietf-dnsop-dns-error-reporting-07,200
rfc9627.xml,https://datatracker.ietf.org/doc/draft-ietf-avtext-lrr-07,200
rfc9627.xml,https://dx.doi.org/10.17487/rfc9627,200
rfc9627.xml,https://www.rfc-editor.org/info/rfc9627,200
rfc9627.xml,https://trustee.ietf.org/license-info,200
rfc9627.xml,https://www.rfc-editor.org/info/rfc2119,200
rfc9627.xml,https://www.rfc-editor.org/info/rfc3550,200
rfc9627.xml,https://www.rfc-editor.org/info/rfc4585,200
rfc9627.xml,https://www.rfc-editor.org/info/rfc5104,200
rfc9627.xml,https://www.rfc-editor.org/info/rfc5234,200
rfc9627.xml,https://www.rfc-editor.org/info/rfc6190,200
rfc9627.xml,https://www.rfc-editor.org/info/rfc7741,200
rfc9627.xml,https://www.rfc-editor.org/info/rfc7798,200
rfc9627.xml,https://www.rfc-editor.org/info/rfc8174,200
rfc9627.xml,https://www.rfc-editor.org/info/rfc9626,200
rfc9627.xml,https://www.rfc-editor.org/info/rfc7656,200
rfc9627.xml,https://www.rfc-editor.org/info/rfc8082,200
rfc9627.xml,https://www.rfc-editor.org/info/rfc9628,200
rfc8886.xml,https://datatracker.ietf.org/doc/draft-ietf-opsawg-sdi-13,200
rfc8886.xml,https://dx.doi.org/10.17487/rfc8886,200
rfc8886.xml,https://www.rfc-editor.org/info/rfc8886,200
rfc8886.xml,https://trustee.ietf.org/license-info,200
rfc8886.xml,https://tools.ietf.org/html/draft-ietf-anima-bootstrapping-keyinfra-44,200
rfc8886.xml,http://www.ietf.org/internet-drafts/draft-ietf-anima-bootstrapping-keyinfra-44.txt,Connection error: HTTP Error 404: Not Found
rfc8886.xml,https://www.cisco.com/c/en/us/td/docs/ios-xml/ios/fundamentals/configuration/15mt/fundamentals-15-mt-book/cf-autoinstall.html,200
rfc8886.xml,https://standards.ieee.org/standard/802_1AR-2018.html,Connection error: HTTP Error 403: Forbidden
rfc8886.xml,https://www.rfc-editor.org/info/rfc1350,200
rfc8886.xml,https://www.rfc-editor.org/info/rfc2131,200
rfc8886.xml,https://www.rfc-editor.org/info/rfc2865,200
rfc8886.xml,https://www.rfc-editor.org/info/rfc4122,200
rfc8886.xml,https://www.rfc-editor.org/info/rfc5280,200
rfc8886.xml,https://www.rfc-editor.org/info/rfc7030,200
rfc8886.xml,https://www.rfc-editor.org/info/rfc8415,200
rfc8886.xml,https://www.rfc-editor.org/info/rfc8551,200
rfc8886.xml,https://www.rfc-editor.org/info/rfc8572,200
rfc8886.xml,https://www.rfc-editor.org/info/rfc8894,200
rfc8886.xml,https://tools.ietf.org/html/draft-ietf-opsawg-tacacs-18,200
rfc8931.xml,https://datatracker.ietf.org/doc/draft-ietf-6lo-fragment-recovery-21,200
rfc8931.xml,https://dx.doi.org/10.17487/rfc8931,200
rfc8931.xml,https://www.rfc-editor.org/info/rfc8931,200
rfc8931.xml,https://trustee.ietf.org/license-info,200
rfc8931.xml,https://www.rfc-editor.org/info/rfc2119,200
rfc8931.xml,https://www.rfc-editor.org/info/rfc4919,200
rfc8931.xml,https://www.rfc-editor.org/info/rfc4944,200
rfc8931.xml,https://www.rfc-editor.org/info/rfc6282,200
rfc8931.xml,https://www.rfc-editor.org/info/rfc6298,200
rfc8931.xml,https://www.rfc-editor.org/info/rfc6606,200
rfc8931.xml,https://www.rfc-editor.org/info/rfc8025,200
rfc8931.xml,https://www.rfc-editor.org/info/rfc8138,200
rfc8931.xml,https://www.rfc-editor.org/info/rfc8174,200
rfc8931.xml,https://www.rfc-editor.org/info/rfc8200,200
rfc8931.xml,https://www.rfc-editor.org/info/rfc8930,200
rfc8931.xml,https://tools.ietf.org/html/draft-ietf-6tisch-architecture-29,200
rfc8931.xml,https://www.ietf.org/internet-drafts/draft-ietf-6tisch-architecture-29.txt,Connection error: HTTP Error 404: Not Found
rfc8931.xml,http://ieeexplore.ieee.org/document/7460875/,Connection error: HTTP Error 418: Unknown Code
rfc8931.xml,http://www.hpl.hp.com/techreports/Compaq-DEC/WRL-87-3.pdf,Connection error: <urlopen error [Errno 110] Connection timed out>
rfc8931.xml,https://tools.ietf.org/html/draft-ietf-lwig-6lowpan-virtual-reassembly-02,200
rfc8931.xml,https://www.ietf.org/internet-drafts/draft-ietf-lwig-6lowpan-virtual-reassembly-02.txt,Connection error: HTTP Error 404: Not Found
rfc8931.xml,https://www.rfc-editor.org/info/rfc2914,200
rfc8931.xml,https://www.rfc-editor.org/info/rfc3031,200
rfc8931.xml,https://www.rfc-editor.org/info/rfc3168,200
rfc8931.xml,https://www.rfc-editor.org/info/rfc4963,200
rfc8931.xml,https://www.rfc-editor.org/info/rfc5033,200
rfc8931.xml,https://www.rfc-editor.org/info/rfc5681,200
rfc8931.xml,https://www.rfc-editor.org/info/rfc6550,200
rfc8931.xml,https://www.rfc-editor.org/info/rfc6552,200
rfc8931.xml,https://www.rfc-editor.org/info/rfc6554,200
rfc8931.xml,https://www.rfc-editor.org/info/rfc7554,200
rfc8931.xml,https://www.rfc-editor.org/info/rfc7567,200
rfc8931.xml,https://www.rfc-editor.org/info/rfc8085,200
rfc8931.xml,https://www.rfc-editor.org/info/rfc8087,200
rfc8931.xml,https://www.rfc-editor.org/info/rfc8201,200
rfc8931.xml,https://www.rfc-editor.org/info/rfc8900,200
rfc9152.xml,https://datatracker.ietf.org/doc/draft-turner-sodp-profile-08,200
rfc9152.xml,https://dx.doi.org/10.17487/rfc9152,200
rfc9152.xml,https://www.rfc-editor.org/info/rfc9152,200
rfc9152.xml,https://trustee.ietf.org/license-info,200
rfc9152.xml,https://www.rfc-editor.org/info/rfc2046,200
rfc9152.xml,https://www.rfc-editor.org/info/rfc2985,200
rfc9152.xml,https://www.rfc-editor.org/info/rfc2986,200
rfc9152.xml,https://www.rfc-editor.org/info/rfc3739,200
rfc9152.xml,https://www.rfc-editor.org/info/rfc4108,200
rfc9152.xml,https://www.rfc-editor.org/info/rfc5274,200
rfc9152.xml,https://www.rfc-editor.org/info/rfc5280,200
rfc9152.xml,https://www.rfc-editor.org/info/rfc5652,200
rfc9152.xml,https://www.rfc-editor.org/info/rfc5911,200
rfc9152.xml,https://www.rfc-editor.org/info/rfc5912,200
rfc9152.xml,https://www.rfc-editor.org/info/rfc5913,200
rfc9152.xml,https://www.rfc-editor.org/info/rfc5915,200
rfc9152.xml,https://www.rfc-editor.org/info/rfc5916,200
rfc9152.xml,https://www.rfc-editor.org/info/rfc5917,200
rfc9152.xml,https://www.rfc-editor.org/info/rfc5958,200
rfc9152.xml,https://www.rfc-editor.org/info/rfc5959,200
rfc9152.xml,https://www.rfc-editor.org/info/rfc6010,200
rfc9152.xml,https://www.rfc-editor.org/info/rfc6031,200
rfc9152.xml,https://www.rfc-editor.org/info/rfc6032,200
rfc9152.xml,https://www.rfc-editor.org/info/rfc6033,200
rfc9152.xml,https://www.rfc-editor.org/info/rfc6160,200
rfc9152.xml,https://www.rfc-editor.org/info/rfc6161,200
rfc9152.xml,https://www.rfc-editor.org/info/rfc6162,200
rfc9152.xml,https://www.rfc-editor.org/info/rfc6268,200
rfc9152.xml,https://www.rfc-editor.org/info/rfc6402,200
rfc9152.xml,https://www.rfc-editor.org/info/rfc7030,200
rfc9152.xml,https://www.rfc-editor.org/info/rfc7191,200
rfc9152.xml,https://www.rfc-editor.org/info/rfc7192,200
rfc9152.xml,https://www.rfc-editor.org/info/rfc7292,200
rfc9152.xml,https://www.rfc-editor.org/info/rfc7906,200
rfc9152.xml,https://www.rfc-editor.org/info/rfc8295,200
rfc9152.xml,https://www.rfc-editor.org/info/rfc8603,200
rfc9152.xml,https://www.rfc-editor.org/info/rfc8755,200
rfc9152.xml,https://www.rfc-editor.org/info/rfc8756,200
rfc9152.xml,https://www.rfc-editor.org/info/rfc9151,200
rfc9152.xml,https://csrc.nist.gov/publications/detail/sp/800-59/final,200
rfc9152.xml,https://www.w3.org/TR/2008/REC-xml-20081126/,200
rfc9152.xml,https://www.rfc-editor.org/info/rfc2119,200
rfc9152.xml,https://www.rfc-editor.org/info/rfc8174,200
rfc9068.xml,https://datatracker.ietf.org/doc/draft-ietf-oauth-access-token-jwt-13,200
rfc9068.xml,https://dx.doi.org/10.17487/rfc9068,200
rfc9068.xml,https://www.rfc-editor.org/info/rfc9068,200
rfc9068.xml,https://trustee.ietf.org/license-info,200
rfc9068.xml,https://openid.net/specs/openid-connect-core-1_0.html,200
rfc9068.xml,https://openid.net/specs/openid-connect-discovery-1_0.html,200
rfc9068.xml,https://www.rfc-editor.org/info/rfc2046,200
rfc9068.xml,https://www.rfc-editor.org/info/rfc2119,200
rfc9068.xml,https://www.rfc-editor.org/info/rfc6749,200
rfc9068.xml,https://www.rfc-editor.org/info/rfc6838,200
rfc9068.xml,https://www.rfc-editor.org/info/rfc7515,200
rfc9068.xml,https://www.rfc-editor.org/info/rfc7518,200
rfc9068.xml,https://www.rfc-editor.org/info/rfc7519,200
rfc9068.xml,https://www.rfc-editor.org/info/rfc7643,200
rfc9068.xml,https://www.rfc-editor.org/info/rfc8174,200
rfc9068.xml,https://www.rfc-editor.org/info/rfc8414,200
rfc9068.xml,https://www.rfc-editor.org/info/rfc8693,200
rfc9068.xml,https://www.rfc-editor.org/info/rfc8707,200
rfc9068.xml,https://www.rfc-editor.org/info/rfc8725,200
rfc9068.xml,https://www.iana.org/assignments/media-types/,200
rfc9068.xml,https://datatracker.ietf.org/doc/html/draft-ietf-oauth-security-topics-18,200
rfc9068.xml,https://www.ietf.org/archive/id/draft-ietf-oauth-security-topics-18.txt,200
rfc9068.xml,https://www.rfc-editor.org/info/rfc6750,200
rfc9068.xml,https://www.rfc-editor.org/info/rfc7523,200
rfc9068.xml,https://www.rfc-editor.org/info/rfc7662,200
rfc8674.xml,https://datatracker.ietf.org/doc/draft-nottingham-safe-hint-11,200
rfc8674.xml,https://dx.doi.org/10.17487/rfc8674,200
rfc8674.xml,https://www.rfc-editor.org/info/rfc8674,200
rfc8674.xml,https://www.rfc-editor.org/info/rfc2119,200
rfc8674.xml,https://www.rfc-editor.org/info/rfc7234,200
rfc8674.xml,https://www.rfc-editor.org/info/rfc7240,200
rfc8674.xml,https://www.rfc-editor.org/info/rfc8174,200
rfc8674.xml,https://www.rfc-editor.org/info/rfc6265,200
rfc8973.xml,https://datatracker.ietf.org/doc/draft-ietf-dots-server-discovery-15,200
rfc8973.xml,https://dx.doi.org/10.17487/rfc8973,200
rfc8973.xml,https://www.rfc-editor.org/info/rfc8973,200
rfc8973.xml,https://trustee.ietf.org/license-info,200
rfc8973.xml,https://www.iana.org/assignments/service-names-port-numbers/,200
rfc8973.xml,https://www.iana.org/assignments/service-names-port-numbers/,200
rfc8973.xml,https://www.iana.org/assignments/dhcpv6-parameters/,200
rfc8973.xml,https://www.iana.org/assignments/bootp-dhcp-parameters/,200
rfc8973.xml,https://www.iana.org/assignments/s-naptr-parameters/,200
rfc8973.xml,https://www.rfc-editor.org/info/rfc2119,200
rfc8973.xml,https://www.rfc-editor.org/info/rfc2131,200
rfc8973.xml,https://www.rfc-editor.org/info/rfc2132,200
rfc8973.xml,https://www.rfc-editor.org/info/rfc3396,200
rfc8973.xml,https://www.rfc-editor.org/info/rfc3958,200
rfc8973.xml,https://www.rfc-editor.org/info/rfc4291,200
rfc8973.xml,https://www.rfc-editor.org/info/rfc6763,200
rfc8973.xml,https://www.rfc-editor.org/info/rfc6890,200
rfc8973.xml,https://www.rfc-editor.org/info/rfc8174,200
rfc8973.xml,https://www.rfc-editor.org/info/rfc8415,200
rfc8973.xml,https://tools.ietf.org/html/draft-ietf-anima-bootstrapping-keyinfra-45,200
rfc8973.xml,https://www.ietf.org/internet-drafts/draft-ietf-anima-bootstrapping-keyinfra-45.txt,Connection error: HTTP Error 404: Not Found
rfc8973.xml,https://tools.ietf.org/html/draft-ietf-dots-multihoming-05,200
rfc8973.xml,https://www.ietf.org/internet-drafts/draft-ietf-dots-multihoming-05.txt,Connection error: HTTP Error 404: Not Found
rfc8973.xml,https://tools.ietf.org/html/draft-ietf-dots-signal-call-home-13,200
rfc8973.xml,https://www.ietf.org/internet-drafts/draft-ietf-dots-signal-call-home-13.txt,Connection error: HTTP Error 404: Not Found
rfc8973.xml,https://tools.ietf.org/html/draft-ietf-dots-use-cases-25,200
rfc8973.xml,https://www.ietf.org/internet-drafts/draft-ietf-dots-use-cases-25.txt,Connection error: HTTP Error 404: Not Found
rfc8973.xml,https://www.rfc-editor.org/info/rfc2136,200
rfc8973.xml,https://www.rfc-editor.org/info/rfc3007,200
rfc8973.xml,https://www.rfc-editor.org/info/rfc4033,200
rfc8973.xml,https://www.rfc-editor.org/info/rfc6125,200
rfc8973.xml,https://www.rfc-editor.org/info/rfc7858,200
rfc8973.xml,https://www.rfc-editor.org/info/rfc8484,200
rfc8973.xml,https://www.rfc-editor.org/info/rfc8572,200
rfc8973.xml,https://www.rfc-editor.org/info/rfc8782,200
rfc8973.xml,https://www.rfc-editor.org/info/rfc8783,200
rfc8973.xml,https://www.rfc-editor.org/info/rfc8811,200
rfc8939.xml,https://datatracker.ietf.org/doc/draft-ietf-detnet-ip-07,200
rfc8939.xml,https://dx.doi.org/10.17487/rfc8939,200
rfc8939.xml,https://www.rfc-editor.org/info/rfc8939,200
rfc8939.xml,https://trustee.ietf.org/license-info,200
rfc8939.xml,https://www.rfc-editor.org/info/rfc768,200
rfc8939.xml,https://www.rfc-editor.org/info/rfc791,200
rfc8939.xml,https://www.rfc-editor.org/info/rfc792,200
rfc8939.xml,https://www.rfc-editor.org/info/rfc793,200
rfc8939.xml,https://www.rfc-editor.org/info/rfc1812,200
rfc8939.xml,https://www.rfc-editor.org/info/rfc2119,200
rfc8939.xml,https://www.rfc-editor.org/info/rfc2474,200
rfc8939.xml,https://www.rfc-editor.org/info/rfc4301,200
rfc8939.xml,https://www.rfc-editor.org/info/rfc4302,200
rfc8939.xml,https://www.rfc-editor.org/info/rfc4303,200
rfc8939.xml,https://www.rfc-editor.org/info/rfc7608,200
rfc8939.xml,https://www.rfc-editor.org/info/rfc8174,200
rfc8939.xml,https://www.rfc-editor.org/info/rfc8200,200
rfc8939.xml,https://www.rfc-editor.org/info/rfc8655,200
rfc8939.xml,https://www.rfc-editor.org/rfc/rfc8938,200
rfc8939.xml,https://tools.ietf.org/html/draft-ietf-detnet-flow-information-model-11,200
rfc8939.xml,http://www.ietf.org/internet-drafts/draft-ietf-detnet-flow-information-model-11.txt,Connection error: HTTP Error 404: Not Found
rfc8939.xml,https://tools.ietf.org/html/draft-ietf-detnet-ip-over-mpls-09,200
rfc8939.xml,https://tools.ietf.org/html/draft-ietf-detnet-ip-over-tsn-04,200
rfc8939.xml,https://tools.ietf.org/html/draft-ietf-detnet-mpls-13,200
rfc8939.xml,https://tools.ietf.org/html/draft-ietf-detnet-security-12,200
rfc8939.xml,https://tools.ietf.org/html/draft-ietf-detnet-tsn-vpn-over-mpls-04,200
rfc8939.xml,https://tools.ietf.org/html/draft-ietf-detnet-yang-09,200
rfc8939.xml,http://www.ietf.org/internet-drafts/draft-ietf-detnet-yang-09.txt,Connection error: HTTP Error 404: Not Found
rfc8939.xml,https://ieeexplore.ieee.org/document/8585421,Connection error: HTTP Error 418: Unknown Code
rfc8939.xml,https://1.ieee802.org/tsn/,Connection error: HTTP Error 403: Forbidden
rfc8939.xml,https://www.rfc-editor.org/info/rfc1122,200
rfc8939.xml,https://www.rfc-editor.org/info/rfc1191,200
rfc8939.xml,https://www.rfc-editor.org/info/rfc2475,200
rfc8939.xml,https://www.rfc-editor.org/info/rfc3290,200
rfc8939.xml,https://www.rfc-editor.org/info/rfc3473,200
rfc8939.xml,https://www.rfc-editor.org/info/rfc3552,200
rfc8939.xml,https://www.rfc-editor.org/info/rfc3670,200
rfc8939.xml,https://www.rfc-editor.org/info/rfc5120,200
rfc8939.xml,https://www.rfc-editor.org/info/rfc5777,200
rfc8939.xml,https://www.rfc-editor.org/info/rfc7551,200
rfc8939.xml,https://www.rfc-editor.org/info/rfc7657,200
rfc8939.xml,https://www.rfc-editor.org/info/rfc8201,200
rfc8939.xml,https://www.rfc-editor.org/info/rfc8504,200
rfc8871.xml,https://datatracker.ietf.org/doc/draft-ietf-perc-private-media-framework-12,200
rfc8871.xml,https://dx.doi.org/10.17487/rfc8871,200
rfc8871.xml,https://www.rfc-editor.org/info/rfc8871,200
rfc8871.xml,https://trustee.ietf.org/license-info,200
rfc8871.xml,https://www.rfc-editor.org/info/rfc2119,200
rfc8871.xml,https://www.rfc-editor.org/info/rfc3550,200
rfc8871.xml,https://www.rfc-editor.org/info/rfc3711,200
rfc8871.xml,https://www.rfc-editor.org/info/rfc6904,200
rfc8871.xml,https://www.rfc-editor.org/info/rfc8174,200
rfc8871.xml,https://www.rfc-editor.org/info/rfc8723,200
rfc8871.xml,https://www.rfc-editor.org/info/rfc8870,200
rfc8871.xml,https://tools.ietf.org/html/draft-ietf-perc-dtls-tunnel-06,200
rfc8871.xml,https://www.ietf.org/internet-drafts/draft-ietf-perc-dtls-tunnel-06.txt,Connection error: HTTP Error 404: Not Found
rfc8871.xml,https://www.rfc-editor.org/info/rfc3261,200
rfc8871.xml,https://www.rfc-editor.org/info/rfc4353,200
rfc8871.xml,https://www.rfc-editor.org/info/rfc4383,200
rfc8871.xml,https://www.rfc-editor.org/info/rfc4566,200
rfc8871.xml,https://www.rfc-editor.org/info/rfc5763,200
rfc8871.xml,https://www.rfc-editor.org/info/rfc5764,200
rfc8871.xml,https://www.rfc-editor.org/info/rfc6464,200
rfc8871.xml,https://www.rfc-editor.org/info/rfc7667,200
rfc8871.xml,https://www.rfc-editor.org/info/rfc8224,200
rfc8871.xml,https://www.rfc-editor.org/info/rfc8827,200
rfc8871.xml,https://www.w3.org/TR/webrtc/,200
rfc9429.xml,https://datatracker.ietf.org/doc/draft-uberti-rtcweb-rfc8829bis-05,200
rfc9429.xml,https://dx.doi.org/10.17487/rfc9429,200
rfc9429.xml,https://www.rfc-editor.org/info/rfc9429,200
rfc9429.xml,https://trustee.ietf.org/license-info,200
rfc9429.xml,https://www.rfc-editor.org/info/rfc2119,200
rfc9429.xml,https://www.rfc-editor.org/info/rfc3261,200
rfc9429.xml,https://www.rfc-editor.org/info/rfc3264,200
rfc9429.xml,https://www.rfc-editor.org/info/rfc3552,200
rfc9429.xml,https://www.rfc-editor.org/info/rfc3605,200
rfc9429.xml,https://www.rfc-editor.org/info/rfc3711,200
rfc9429.xml,https://www.rfc-editor.org/info/rfc3890,200
rfc9429.xml,https://www.rfc-editor.org/info/rfc4145,200
rfc9429.xml,https://www.rfc-editor.org/info/rfc4566,200
rfc9429.xml,https://www.rfc-editor.org/info/rfc4585,200
rfc9429.xml,https://www.rfc-editor.org/info/rfc5124,200
rfc9429.xml,https://www.rfc-editor.org/info/rfc5285,200
rfc9429.xml,https://www.rfc-editor.org/info/rfc5761,200
rfc9429.xml,https://www.rfc-editor.org/info/rfc5888,200
rfc9429.xml,https://www.rfc-editor.org/info/rfc6236,200
rfc9429.xml,https://www.rfc-editor.org/info/rfc6347,200
rfc9429.xml,https://www.rfc-editor.org/info/rfc6716,200
rfc9429.xml,https://www.rfc-editor.org/info/rfc6904,200
rfc9429.xml,https://www.rfc-editor.org/info/rfc7160,200
rfc9429.xml,https://www.rfc-editor.org/info/rfc7587,200
rfc9429.xml,https://www.rfc-editor.org/info/rfc7742,200
rfc9429.xml,https://www.rfc-editor.org/info/rfc7850,200
rfc9429.xml,https://www.rfc-editor.org/info/rfc7874,200
rfc9429.xml,https://www.rfc-editor.org/info/rfc8108,200
rfc9429.xml,https://www.rfc-editor.org/info/rfc8122,200
rfc9429.xml,https://www.rfc-editor.org/info/rfc8174,200
rfc9429.xml,https://www.rfc-editor.org/info/rfc8445,200
rfc9429.xml,https://www.rfc-editor.org/info/rfc8826,200
rfc9429.xml,https://www.rfc-editor.org/info/rfc8827,200
rfc9429.xml,https://www.rfc-editor.org/info/rfc8829,200
rfc9429.xml,https://www.rfc-editor.org/info/rfc8830,200
rfc9429.xml,https://www.rfc-editor.org/info/rfc8834,200
rfc9429.xml,https://www.rfc-editor.org/info/rfc8838,200
rfc9429.xml,https://www.rfc-editor.org/info/rfc8839,200
rfc9429.xml,https://www.rfc-editor.org/info/rfc8840,200
rfc9429.xml,https://www.rfc-editor.org/info/rfc8841,200
rfc9429.xml,https://www.rfc-editor.org/info/rfc8842,200
rfc9429.xml,https://www.rfc-editor.org/info/rfc8851,200
rfc9429.xml,https://www.rfc-editor.org/info/rfc8852,200
rfc9429.xml,https://www.rfc-editor.org/info/rfc8853,200
rfc9429.xml,https://www.rfc-editor.org/info/rfc8854,200
rfc9429.xml,https://www.rfc-editor.org/info/rfc8858,200
rfc9429.xml,https://www.rfc-editor.org/info/rfc8859,200
rfc9429.xml,https://www.rfc-editor.org/info/rfc9143,200
rfc9429.xml,https://www.rfc-editor.org/info/rfc9147,200
rfc9429.xml,https://www.rfc-editor.org/info/rfc3389,200
rfc9429.xml,https://www.rfc-editor.org/info/rfc3556,200
rfc9429.xml,https://www.rfc-editor.org/info/rfc3960,200
rfc9429.xml,https://www.rfc-editor.org/info/rfc4568,200
rfc9429.xml,https://www.rfc-editor.org/info/rfc4588,200
rfc9429.xml,https://www.rfc-editor.org/info/rfc4733,200
rfc9429.xml,https://www.rfc-editor.org/info/rfc5245,200
rfc9429.xml,https://www.rfc-editor.org/info/rfc5506,200
rfc9429.xml,https://www.rfc-editor.org/info/rfc5576,200
rfc9429.xml,https://www.rfc-editor.org/info/rfc5763,200
rfc9429.xml,https://www.rfc-editor.org/info/rfc5764,200
rfc9429.xml,https://www.rfc-editor.org/info/rfc6120,200
rfc9429.xml,https://www.rfc-editor.org/info/rfc6464,200
rfc9429.xml,https://www.rfc-editor.org/info/rfc8828,200
rfc9429.xml,https://www.rfc-editor.org/info/rfc8843,200
rfc9429.xml,https://datatracker.ietf.org/doc/html/draft-ietf-rtcweb-sdp-14,200
rfc9429.xml,https://www.3gpp.org/DynaReport/26114.htm,Connection error: HTTP Error 403: Forbidden: Access is denied.
rfc9429.xml,https://www.w3.org/TR/2023/REC-webrtc-20230306/,200
rfc8691.xml,https://datatracker.ietf.org/doc/draft-ietf-ipwave-ipv6-over-80211ocb-52,200
rfc8691.xml,https://dx.doi.org/10.17487/rfc8691,200
rfc8691.xml,https://www.rfc-editor.org/info/rfc8691,200
rfc8691.xml,https://trustee.ietf.org/license-info,200
rfc8691.xml,https://standards.ieee.org/findstds/standard/802.11-2016.html,Connection error: HTTP Error 403: Forbidden
rfc8691.xml,https://www.rfc-editor.org/info/rfc1042,200
rfc8691.xml,https://www.rfc-editor.org/info/rfc2119,200
rfc8691.xml,https://www.rfc-editor.org/info/rfc2464,200
rfc8691.xml,https://www.rfc-editor.org/info/rfc4086,200
rfc8691.xml,https://www.rfc-editor.org/info/rfc4191,200
rfc8691.xml,https://www.rfc-editor.org/info/rfc4193,200
rfc8691.xml,https://www.rfc-editor.org/info/rfc4291,200
rfc8691.xml,https://www.rfc-editor.org/info/rfc4301,200
rfc8691.xml,https://www.rfc-editor.org/info/rfc4861,200
rfc8691.xml,https://www.rfc-editor.org/info/rfc4862,200
rfc8691.xml,https://www.rfc-editor.org/info/rfc5415,200
rfc8691.xml,https://www.rfc-editor.org/info/rfc6059,200
rfc8691.xml,https://www.rfc-editor.org/info/rfc6275,200
rfc8691.xml,https://www.rfc-editor.org/info/rfc7042,200
rfc8691.xml,https://www.rfc-editor.org/info/rfc7136,200
rfc8691.xml,https://www.rfc-editor.org/info/rfc7217,200
rfc8691.xml,https://www.rfc-editor.org/info/rfc8064,200
rfc8691.xml,https://www.rfc-editor.org/info/rfc8174,200
rfc8691.xml,https://www.rfc-editor.org/info/rfc8200,200
rfc8691.xml,https://www.ecfr.gov/cgi-bin/text-idx?node=pt47.5.90&rgn=div5,"Connection error: HTTP Error 302: The HTTP server returned a redirect error that would lead to an infinite loop.
The last 30x error message was:
Moved Temporarily"
rfc8691.xml,https://www.ecfr.gov/cgi-bin/text-idx?node=pt47.5.90&rgn=div5#se47.5.90_17,"Connection error: HTTP Error 302: The HTTP server returned a redirect error that would lead to an infinite loop.
The last 30x error message was:
Moved Temporarily"
rfc8691.xml,https://www.ecfr.gov/cgi-bin/text-idx?node=pt47.5.95&rgn=div5,"Connection error: HTTP Error 302: The HTTP server returned a redirect error that would lead to an infinite loop.
The last 30x error message was:
Moved Temporarily"
rfc8691.xml,http://www.etsi.org/deliver/etsi_ts/102900_102999/102940/01.02.01_60/ts_102940v010201p.pdf,200
rfc8691.xml,http://ieeexplore.ieee.org/document/7426684,Connection error: HTTP Error 418: Unknown Code
rfc8691.xml,http://ieeexplore.ieee.org/document/7458115,Connection error: HTTP Error 418: Unknown Code
rfc8691.xml,http://ieeexplore.ieee.org/document/7435228,Connection error: HTTP Error 418: Unknown Code
rfc8691.xml,https://ieeexplore.ieee.org/document/4248378,Connection error: HTTP Error 418: Unknown Code
rfc8691.xml,https://ieeexplore.ieee.org/document/6419735,Connection error: HTTP Error 418: Unknown Code
rfc8691.xml,https://standards.ieee.org/standard/802_11p-2010.html,Connection error: HTTP Error 403: Forbidden
rfc8691.xml,https://ieeexplore.ieee.org/document/6419735,Connection error: HTTP Error 418: Unknown Code
rfc8691.xml,https://tools.ietf.org/html/draft-ietf-mboned-ieee802-mcast-problems-11,200
rfc8691.xml,http://www.ietf.org/internet-drafts/draft-ietf-mboned-ieee802-mcast-problems-11.txt,Connection error: HTTP Error 404: Not Found
rfc8691.xml,https://tools.ietf.org/html/draft-ietf-ipwave-vehicular-networking-12,200
rfc8691.xml,http://www.ietf.org/internet-drafts/draft-ietf-ipwave-vehicular-networking-12.txt,Connection error: HTTP Error 404: Not Found
rfc8691.xml,https://www.rfc-editor.org/info/rfc3753,200
rfc8691.xml,https://www.rfc-editor.org/info/rfc3963,200
rfc8691.xml,https://www.rfc-editor.org/info/rfc3971,200
rfc8691.xml,https://www.rfc-editor.org/info/rfc3972,200
rfc8691.xml,https://www.rfc-editor.org/info/rfc5889,200
rfc8691.xml,https://www.rfc-editor.org/info/rfc6959,200
rfc8691.xml,https://www.rfc-editor.org/info/rfc7721,200
rfc8691.xml,https://www.rfc-editor.org/info/rfc8065,200
rfc8691.xml,https://www.rfc-editor.org/info/rfc8505,200
rfc8691.xml,https://csrc.nist.gov/publications/detail/fips/180/4/final,200
